38 38
379109 56328 389507 865515 228806 501674 846327 183653 782702 943392 664155 285828 561943 725237 878267 289022 237160 78865 307597 52734 308045 774609 855907 383938 205519 11022 223369 331557 27056 234951 567824 671844 624812 65231 644686 16633 43557 115920
361096 712675 527353 880611 287841 314724 114477 498488 251946 844015 68416 402255 258531 873825 473225 501162 744750 780238 221768 317025 749663 83163 932011 982836 895147 761249 580871 769257 187805 43164 929416 386962 648066 284722 398054 471951 596012 619873
684934 762535 132310 861784 186825 147159 464580 363010 669302 291402 586113 840067 162757 937495 63873 649501 465376 444248 63959 851078 576575 667982 445933 804544 325112 196699 620453 261335 595843 821687 198950 457548 417578 865791 247186 562991 328994 661037
786153 74557 949061 696391 95805 386942 415939 879180 581320 381713 128262 461756 670082 185831 638856 413100 260953 73648 701073 353758 642560 164718 150590 205844 500506 346684 593121 497007 445077 570576 341786 320763 975828 240808 374259 589578 121448 789560
470442 986666 886290 931209 55022 564722 530053 762814 609654 118614 514912 995562 167127 106142 260058 700332 803092 170162 299901 520125 641090 419804 958824 939041 376182 946185 911908 996012 870764 792088 766457 196642 514623 383367 284173 425340 799112 438745
623092 199620 677085 435107 652532 760582 308997 262835 93572 232580 514881 923623 306160 986218 615449 756477 625727 734546 695266 909893 372839 667707 259689 370566 818563 756761 896476 546699 436109 766623 650370 728440 625371 202776 294134 422754 790834 363731
418660 171721 672289 834550 698953 681058 6799 632121 334619 727515 63680 455817 344545 928958 92998 330150 510228 612644 820441 423065 75967 671295 111385 755523 785389 609262 376930 563977 719850 360874 283543 131987 758938 322519 156898 328527 787913 307988
142185 338167 259860 738124 466334 671905 53152 966213 104106 233603 897640 692353 794128 179949 120893 78170 231580 428225 374273 331780 362291 204730 212531 416584 114856 713527 617868 38024 246671 59817 655960 520406 835636 75438 403265 984017 974279 371254
930604 28913 68935 366474 193879 680686 197820 553420 263314 729157 247700 272979 507791 529466 48213 446513 299132 706071 488546 945354 676475 733651 605898 667231 304987 976931 750084 434972 509227 631981 90760 843154 937793 407607 157100 92814 373785 843195
705623 589541 411778 590451 152029 336616 75429 190316 622053 546428 280969 455848 537730 369828 118047 260114 604653 904165 171488 310320 581674 816646 33188 474238 554938 721498 142715 148123 67751 642026 240725 440632 330333 695781 74842 328579 847940 591708
71474 979662 293946 984700 866964 134711 696012 69239 301400 318024 575380 876155 427536 507877 805895 296310 159420 601984 352144 47976 439917 68233 254384 430872 273500 792472 553942 828512 958205 254822 231312 656350 961608 910570 985915 586941 386464 931189
358836 894436 801887 315661 363392 757387 908901 756045 254250 247067 863076 640660 568123 563950 242367 67348 173647 288405 981417 150778 371938 304298 900221 189132 593060 949037 74389 915063 856631 311252 27003 758557 315063 734167 269061 351691 748927 662323
786215 321280 924184 840940 339310 307958 613969 65375 253399 78985 193513 802061 340711 63464 626888 625402 524309 734761 288102 74300 538054 229948 538963 280384 907841 911305 10013 5568 54430 829733 92612 936806 302193 729220 660673 487305 53201 362310
82052 217303 791770 892773 512121 316887 270463 450920 355413 720434 58344 161489 558416 458683 74971 657923 217977 856201 59088 829789 441950 631359 55231 744445 999965 55456 851062 319249 566385 854798 751950 589512 755128 712633 210570 82176 509914 306934
426531 792220 192651 776847 515275 491613 722159 302858 874235 364169 525538 672434 105437 75826 397738 170001 805615 874802 388708 950400 621506 319154 562215 94736 977810 660905 220112 726096 701323 991943 247155 307824 194629 48745 784158 503089 22499 992901
103725 259129 947042 6123 236719 863332 921656 525836 542491 930461 555785 183321 768202 103578 93771 413766 880898 36296 995925 407604 355158 737986 947421 285126 543727 89949 575894 884627 140055 776170 516614 210538 770661 689563 785330 394497 956800 701243
509701 629046 495710 626158 881316 284071 520736 612467 76420 694987 167915 229930 685520 762706 635368 153305 773781 930971 875322 417374 89544 919388 549328 535592 89207 118616 460052 618438 101286 1977 102704 404685 10639 99505 753635 860606 391691 570699
162885 297803 950871 668461 730311 884369 637029 579786 913679 214358 790649 15594 704361 190610 634370 404392 353018 201471 681224 114428 502578 642784 517253 107306 402961 853319 909095 980305 453380 738242 9817 336220 355454 28229 633365 930367 687877 323154
332208 322261 693862 932141 599677 167758 370128 784956 155979 844484 143241 108330 635099 264441 651147 824482 375311 437138 285943 410061 761801 684572 895200 257667 358657 776730 642104 501280 230841 326072 207612 90961 766843 837188 410463 243196 799260 116841
542504 502086 431861 707995 738649 12459 98374 12234 172428 611765 111817 651528 61452 33990 605098 610577 524238 526402 932167 509770 148708 391170 555796 116566 962719 63563 328456 639135 510331 152563 146218 241077 802576 769020 876246 575945 158085 748941
159326 933728 303592 493470 752332 286622 390083 257182 117098 388590 752936 601681 314188 869625 35522 266332 372626 447147 791522 763119 756550 436591 486293 406081 929628 313972 510012 658644 206226 699106 554171 154891 375895 441964 726216 438345 936634 143908
307171 62447 966819 327402 338127 944280 604727 872536 356319 170391 251939 995130 182844 950048 933333 324560 613822 943873 616655 213288 832117 428724 903078 46971 952691 640745 675403 786299 107842 920021 67437 552827 427483 417193 931672 904483 37823 698198
44999 134444 293982 78475 289658 424189 736423 535272 206343 572735 152822 375439 866148 232585 678076 71504 901503 633493 776173 130995 178503 395156 817716 154203 526035 853048 462816 921253 474922 529927 802545 275769 683843 268406 857093 742248 248505 308503
111995 55223 116975 989461 904663 865060 64033 237955 732515 997553 784090 139221 884564 868322 442733 210256 878063 712177 463605 626942 436471 108793 652239 748057 522515 508930 628964 461644 592535 716697 535296 619528 70141 833606 359743 993923 884961 685594
102041 39304 717718 477840 566936 715153 623204 430339 136480 594976 906025 590517 140247 562015 229047 560900 83207 833907 166774 215128 591199 483426 45267 178890 851161 826587 460632 626359 55008 371986 949161 219811 581803 432091 407126 84187 686857 103874
972031 877412 387535 212742 895614 597202 293750 65448 211179 911474 17140 827015 740476 989617 629924 75885 287337 606554 163630 551660 144930 918725 259336 161357 866717 357565 847654 782544 101878 916969 604369 435149 395619 852111 148608 669349 627674 753723
368742 698786 863081 143705 475638 724886 269062 204537 545495 255979 869149 844313 885011 987610 339438 751402 391355 232483 601400 78446 676732 753939 546562 771195 990448 975276 904843 69534 116611 659778 558235 421831 76913 726196 188773 125879 985183 722276
431103 702725 401537 38793 355190 14194 6941 143830 903433 347999 429713 572401 214775 318167 438941 922433 796861 282802 510592 642826 352760 799473 997812 888641 148821 751915 42421 210214 490042 737922 246029 427219 456052 100407 6389 626428 484549 557774
224101 568317 11718 782671 189065 669236 648053 10599 813966 744130 889132 686398 812409 632196 309887 770331 935709 324431 543533 153579 18032 135445 484685 758729 79547 607479 207542 22845 832635 217065 623018 18648 442110 777911 338387 890124 353631 561809
850964 932654 725941 265967 544301 288080 405838 947128 454073 40467 407140 565041 929098 761131 788384 786759 189831 569750 199528 794776 564767 621828 123147 707847 33613 876585 431198 91803 820142 193848 755043 471711 265363 955950 506700 784238 239245 322464
664216 408239 782166 849891 267069 159467 834318 904438 588465 260989 772221 14231 240144 427044 363164 507470 269130 735904 105947 367247 278852 154830 686941 832334 897687 602002 16044 959918 841931 720764 757263 769552 723593 14983 869036 261691 431127 654341
23395 37794 814664 256130 193464 247145 648786 655852 644557 188312 579526 92595 136575 677270 304858 337257 355190 232779 692178 905811 196658 845009 881513 102180 490440 506427 395833 796736 741720 28617 840565 804087 967474 103862 873508 998895 515575 293488
822463 327236 498267 849042 567893 672195 931987 913209 386767 734995 192481 273524 371254 249788 454249 555345 120397 244593 879294 937454 950508 571269 203210 69356 822931 773962 121819 159235 511089 229874 158703 949717 481192 450057 354096 689577 774763 870647
634722 92704 896309 686694 425092 526499 390044 396124 153788 296741 478341 300835 753373 789280 442963 154159 990869 930250 135909 755123 827331 732055 109466 539142 802029 156387 206268 972877 712899 687373 753797 826906 977682 713638 952931 656287 665551 510399
856180 688085 59503 489507 773908 433880 44193 386262 844165 277621 378409 535789 801637 845521 487857 601503 998328 403038 5198 78181 559328 746188 163976 240353 272992 519540 590166 436117 952675 601138 81801 236940 639258 152366 260233 557204 469877 768187
195344 666506 68296 611685 602955 4133 813644 311322 794867 577630 326992 929388 762094 64675 917196 438264 765199 938893 434466 165873 60179 698834 118657 574400 819779 924749 902562 510206 14647 153233 812659 586387 786893 323984 845625 581690 325671 604360
796512 943883 714224 489614 118542 563451 560079 876258 50906 769003 863200 70805 742984 14519 745534 422506 639797 211443 612850 464440 327544 587135 452562 664712 488255 350336 670072 119944 456003 730954 74757 761497 71851 566354 376074 363977 51902 331297
309820 1854 233509 443794 93018 420065 344298 359482 285321 400572 453764 61349 598965 612320 460334 102213 886541 219818 953010 329710 101798 811972 861145 698578 650540 77226 927260 362654 457570 505195 479416 658192 765497 260502 464323 218764 578760 823747
