66 88
119439 489660 96437 461463 12989 395569 345430 523507 635361 771409 734001 406662 682951 941514 504910 122575 175854 570966 669119 418800 350858 83067 30783 749754 642655 594894 613948 868313 838141 63666 792831 845115 17620 892261 384106 625911 250865 484735 960242 14880 180696 29276 363754 230312 465579 882125 17982 247899 983193 535806 863130 847293 603810 401115 688627 185555 818736 861612 379037 626761 465992 473202 75166 42982 95624 247609 525997 430735 888255 403394 994817 544097 9707 731000 520202 297004 972995 745273 713978 256884 372651 552207 274282 66836 600687 629181 678672 999777
314614 221947 169623 688033 567924 945690 134651 108923 55060 686678 650511 861492 573707 875032 83566 618461 13243 544047 834531 986349 758024 913734 182989 58927 223283 651263 385911 38519 860080 340405 471171 344474 982180 850362 177987 908829 121145 742879 589258 309906 168306 764398 16395 420725 859836 594425 310895 626242 742297 486194 163816 585917 866438 296827 659258 893791 424266 218317 495485 880646 754677 819416 289798 347887 99412 613375 581354 192798 904034 25961 20640 736274 906937 602278 963418 593958 884312 454759 46290 89300 190395 940099 823428 310197 79209 347208 840653 633789
280178 920613 890597 564500 406754 759646 612427 767318 694964 478812 725038 84805 956104 839789 20684 433857 265137 814749 231034 370849 497861 674688 524 86564 327320 404195 48490 719489 779876 244493 421636 731783 298615 394888 509560 313374 865811 596029 212364 608870 536941 118789 977089 234521 950012 689537 46436 188089 430543 278392 370252 842508 56421 322525 92170 559030 650004 141579 676144 379413 624215 637585 467126 759200 348045 507992 370323 323908 335222 242589 612180 198433 213972 764392 971477 95301 950714 334473 78568 47593 950906 255812 868373 809591 106344 708648 451081 598265
974105 257026 430308 671122 573689 522474 786158 201485 120618 884088 187737 809550 66826 999520 112111 948528 802425 878933 863465 892478 175812 87574 615469 587747 441491 129838 108866 57315 223441 390432 624077 552260 710760 194292 965779 241021 101487 634976 353547 550767 869204 243858 614640 983497 396298 357753 905838 385910 600924 242297 272588 537236 421289 258480 390124 80797 426531 94388 463308 137342 489761 385022 930650 985527 709997 27657 282152 213830 226121 61702 755221 534352 27123 467015 398675 169015 881312 850918 177463 902270 995191 562094 612332 541586 746041 877579 87379 616529
655728 709023 887782 909950 570107 762649 150163 975781 637110 949093 264914 786613 790635 356429 674731 783497 156897 324704 762823 907405 647093 276368 794406 298710 352146 748282 837671 326239 772097 613416 476876 595332 61943 40330 917754 712149 161044 471133 584116 194943 113149 645608 496260 762600 812738 923135 711073 811597 469204 940135 108318 228929 733342 140264 555986 289173 812391 492456 796209 925263 91219 8649 148745 99754 572180 983578 712921 960727 753328 699718 993387 831544 119832 439660 705031 903066 177102 941685 57003 185476 286640 562894 460187 459650 62548 379979 491391 820794
977509 995665 246314 974535 732119 864406 520097 468033 554691 702591 753843 244260 609083 368653 512480 155464 398432 601935 395065 491421 172578 770806 653456 876879 671646 369711 639974 155524 223058 286854 526759 236391 283770 700808 675705 419462 734541 793598 148118 188096 412815 320102 631019 911754 115650 584039 724344 537386 409891 907105 400986 64021 955105 665013 678773 223422 73875 218299 82457 825045 696176 803386 612410 463485 793539 87566 684498 299231 317431 254558 673216 548629 51053 293637 210412 567406 813384 719049 108773 311518 252488 393713 172260 664351 950097 368889 930949 687121
381643 467164 635849 473196 250321 531389 451316 337510 246146 708799 541171 999346 637004 551616 203648 166332 879476 453570 636578 19431 560964 231041 732886 61592 45048 726924 516076 41385 438162 944918 101893 605604 436392 595200 375529 56431 367748 807378 722615 829244 563708 991971 831379 156134 926778 586740 571319 660458 853852 993875 991814 239339 264407 484811 365364 474389 804026 209334 443430 794874 71573 475696 768616 947336 386386 469836 171946 378484 311045 614428 526678 371911 683429 887595 648461 262107 672484 184686 512136 23495 727293 698233 721077 29293 967125 390721 172915 270139
9864 38237 98168 186489 640812 154509 386400 588561 988441 899336 660245 702347 517706 940461 613293 35020 670326 247002 370785 81596 25171 741622 724438 190684 848935 397710 847763 140826 960208 216854 961523 386657 360316 920831 632359 238490 59791 657937 267827 128456 760237 354214 980269 79663 20765 732445 514522 951560 577528 297820 696980 334755 213131 94254 421393 641548 82664 426974 984567 644947 729765 456210 990277 817757 687050 342497 881117 117537 834423 4502 756124 721400 903495 663893 110390 931410 252466 647549 47366 621083 478826 496972 616459 181158 196995 353147 161551 448127
41898 231180 129989 582557 10203 558442 608732 581310 294707 470008 115232 551149 662928 589301 20174 853942 728057 437168 301189 16123 209378 517353 344699 671880 590840 353622 411028 287044 89069 647862 195784 662905 280255 576372 91282 201455 580800 44289 483047 74212 827925 366782 568356 871413 275702 864384 159457 354372 72769 562629 558400 212931 254700 489498 883627 645961 951511 562111 186502 176650 59260 630853 206165 126750 243445 907698 955138 220721 964159 640092 732489 902293 175613 869036 510962 223250 69277 866732 542338 519372 544994 175899 374752 949377 636995 541069 587979 395693
626135 734441 342021 67556 536843 922474 134031 407826 860804 512487 375696 152953 260227 441320 930573 657437 833161 3163 999430 245358 864389 981246 849767 333592 689064 864604 434087 63552 885136 833528 373209 411061 14597 907326 96082 214706 224802 763507 351369 603908 910130 481841 573892 42388 299196 341390 392149 614527 883595 255531 980277 298747 721537 130239 365574 270005 268629 237094 363013 701931 513614 977948 670865 793264 189591 778597 406459 20791 433762 578382 237934 439288 233805 67465 262514 840338 412431 91914 361882 490550 731290 710962 633804 719434 803096 639936 843386 546093
524678 784364 924411 821401 880472 875469 512100 122524 40908 509674 317326 272370 255407 699825 207714 305559 130374 185034 810981 833360 595654 612238 146895 474969 681774 433547 755166 934227 791790 909059 135121 655256 245237 505711 744748 410593 956400 459996 156382 318050 229382 444619 536947 93403 326680 99629 987944 791113 406657 410537 669107 846281 54783 483329 559381 351555 547350 970872 61262 203738 832809 413618 867332 655159 66771 140098 862015 979313 160896 919500 401176 706748 789164 675756 503954 659280 6714 193152 856117 909778 656957 255458 67818 852211 493010 876737 594819 331134
62417 750813 753667 119896 950039 29630 247575 941804 253351 875817 441553 363846 319525 844402 334494 756902 258876 872680 777333 882540 959805 78472 295076 12357 474780 410923 204624 964858 955042 857068 286824 206165 996215 569792 155620 797105 834495 305002 366096 70898 781622 296483 250885 497746 602912 437577 318877 103532 87663 486770 953374 532416 120493 736876 536167 793127 824950 447125 278859 136391 832893 94840 741571 672452 782871 653531 41726 741105 790139 533108 218682 617986 532780 317714 880988 206512 784443 65916 517122 43648 269624 631294 106806 683907 820501 223992 652383 333571
311902 863138 379299 3797 604149 488448 811401 560023 906750 456955 377209 511601 284643 821598 710285 653863 229583 706969 291251 44386 332323 37494 492283 41481 46323 848861 676398 709854 755569 41040 681389 766672 516534 695771 564771 714242 957642 920859 681130 340757 319278 536839 50152 560931 338789 213716 798969 300085 820217 524888 986119 834584 650307 119362 6851 891554 682193 710461 828528 148283 588867 348813 208917 152810 769327 813799 226688 157746 96693 505102 573593 820168 239146 949505 92823 380912 984016 27446 480708 886789 455079 315285 45811 179013 137167 998696 689395 491861
497043 165150 740857 626188 197827 947658 714925 983844 988887 53459 179839 989767 818901 797275 836932 934985 875968 277641 999523 836008 714653 630218 758159 843482 478668 14394 901480 52178 445380 678392 318804 510592 34108 659614 295876 797554 261998 565825 995491 119186 562818 136332 451004 248692 712774 158832 140391 427628 624246 33958 54563 761899 657751 533769 772585 810215 356556 736545 86089 726417 242193 239821 597392 828272 505890 434329 640637 896907 27332 480016 682960 457283 309881 21807 661600 519813 595193 897464 897883 541827 960453 29944 978206 331692 867488 506928 224633 440001
54609 336071 972782 474981 177236 696104 582801 123842 925814 694543 9654 787078 761127 104731 18034 6078 699522 52881 429907 361837 858745 695015 567203 7348 220724 232793 331569 813625 587786 735476 351216 584793 971104 478551 79171 464935 472557 812971 119044 47306 320515 355999 215458 165612 609386 25691 570305 906912 253782 353488 703597 54000 216126 955679 311146 712576 591747 397167 517908 680755 801846 755100 77767 119410 852748 869172 497565 687777 786270 519612 700446 147228 297604 254178 935642 425538 4202 945768 763324 315289 673480 160580 909136 490153 307901 503055 200577 364236
232824 306009 675999 893613 968751 530715 335749 937082 707963 687416 276233 691135 226556 395094 778588 566343 523394 203708 883405 286214 857926 284317 109192 791442 492539 772365 713521 925852 664634 561166 495234 713805 151153 533450 422385 714154 179106 962202 541381 473137 758963 681917 42185 838701 51418 118780 817377 188241 108149 462293 62420 365725 379011 775290 730974 351668 812286 557975 223640 183537 338188 551389 503910 1024 108985 598879 14485 966960 70741 943377 834232 528830 499112 772877 998389 298472 114039 792258 861045 171516 633181 739499 82531 150884 499215 703369 479141 358680
663353 725115 288814 491541 661035 415198 511384 20156 667553 944675 842574 886617 891767 706067 579420 384467 911193 139010 975643 749893 372899 917384 13813 117769 32281 14108 783162 732401 7270 165401 802978 535954 447269 754613 843635 231241 560545 817127 708705 410140 385039 737958 338680 715891 852470 925153 174073 606519 120848 458931 610460 721399 585264 843895 536692 129752 925076 290458 896952 796826 869455 544842 422266 141815 820091 228438 832533 432226 917293 548192 733585 679541 999999 916192 235826 377140 740488 218919 548766 785630 792507 364768 182347 293261 948565 240001 662917 588613
193609 674343 110393 187625 925539 496561 92851 326232 562879 202463 78476 48558 791975 710733 109403 320314 945033 206143 918225 498833 477143 746005 882012 936816 787323 44924 109156 295833 125086 550733 363639 436431 766048 548597 602414 652620 542700 403445 759408 538027 7029 488533 233415 355191 941939 593325 786244 431020 734781 407702 160271 985149 811411 157732 921490 450405 48635 641315 764724 394413 539186 755508 593244 473769 702546 36993 829880 955960 760471 44492 615136 230717 996325 808083 492312 316417 961409 15642 354607 627064 748091 548766 376993 114344 837070 985424 584457 179489
362342 124138 280790 709182 991903 737984 772454 788063 628236 765501 942818 260571 249836 900690 567226 572865 975982 299885 858447 777042 583590 939992 760100 201805 164113 572873 988427 757034 955751 310225 337344 943084 970360 219966 569366 544918 234738 76415 893770 855080 292488 47027 891626 787660 837542 788238 870948 965354 237030 548174 433098 34635 463476 422626 293928 775053 667092 383193 377844 133634 103912 74926 42181 630032 345023 518204 447953 105649 821419 613825 980085 74508 51307 890630 643700 748940 574240 854681 293714 818325 853142 965348 615983 39989 428263 449818 682022 766819
685055 962195 166620 567246 780858 620057 738579 110285 939037 222228 352259 737669 949640 533294 982353 761929 168910 140617 715924 388151 702443 834206 261433 602150 801739 549245 16855 886295 899125 382834 690751 128854 392095 397369 261246 877947 652555 571254 235654 786552 128191 36316 493893 753934 982830 500459 969490 415487 856259 118838 136934 732320 109256 682633 894115 386755 568805 472017 595203 340869 134376 564150 67096 990484 400479 30019 873618 85114 976765 430788 19619 488302 619267 825224 874238 570829 491885 53966 160557 173254 767253 997614 907301 851920 968830 710687 761255 838654
528966 718178 496939 847976 739752 811534 232189 649804 397797 935859 190354 727245 880117 645406 287793 983350 901675 342368 770343 478241 432558 815668 559037 955685 23689 322603 962223 966405 329572 5694 702366 627931 289533 377425 281489 676265 368010 166469 567952 333049 94467 512927 496586 101081 705789 80046 956837 42675 479494 23042 350362 448021 528741 691671 997463 366327 38990 645903 118671 284569 953548 842555 819282 754155 45389 142763 938959 114609 590364 803376 37555 343807 18618 895109 446595 738328 110424 291848 987850 683173 365326 528058 457699 357993 527001 298911 37981 909815
839702 871087 195888 584809 19545 58778 451373 860518 332457 132673 455924 125487 189323 744916 899700 739819 703645 655591 71139 297987 19557 300238 751062 316269 342441 601006 416015 899925 13970 73285 538901 98938 706788 952981 230085 515309 495128 535337 648552 819654 906008 27615 309036 188187 160567 44336 19408 70902 772063 409542 362700 429762 425410 936608 261234 687778 603302 127968 463129 480997 217498 114476 885211 98559 282064 356547 305274 388407 501630 214272 736034 724387 151085 186977 273316 142705 361246 985154 47437 225064 898211 718537 865284 585481 96391 656000 837773 205872
929252 945639 298744 461215 135043 663276 464484 840505 683628 559734 326393 774025 133267 632432 169569 2536 934417 363517 62540 274292 43173 301091 519515 639493 339509 195664 708226 17459 951490 477441 382174 91377 817175 265931 786838 330508 461843 624416 181356 328824 980082 791713 885880 410468 949236 304560 95771 266797 682566 138543 965946 105296 478672 347496 684659 457555 329973 143569 287338 578657 803595 588746 188002 947960 442696 938793 414084 91667 187278 36571 735380 788219 884149 282593 697869 523775 577175 627082 725663 992188 254243 127366 949438 447200 677824 5861 958063 707393
446063 574024 140892 976167 465099 219163 73577 635544 951726 503971 5640 692670 201345 354989 223716 715806 439440 625044 985880 32733 61310 746484 187260 334168 991961 15680 384377 155486 656806 705347 202272 272855 804414 372859 208212 354602 301554 194716 105165 890836 658349 630912 838472 230517 813024 93911 712102 983083 829007 265264 140585 512900 528334 425934 976091 128957 856740 601012 546389 102231 598046 839305 402849 202900 260420 907985 294643 967571 665248 151114 473131 54541 434522 608288 200901 121876 18260 669439 252473 187065 290907 974017 821777 500624 872838 425356 872059 403202
530377 361359 845742 983039 53092 611229 676861 55254 341279 440281 696958 833288 720624 862417 420222 850407 319639 570439 434669 956908 693637 435331 79579 55870 470793 486207 167952 5107 665253 976851 692689 219997 569966 987750 27352 358145 731784 103557 299322 294496 94172 736975 547043 908361 580055 484180 564980 906425 770718 50986 98891 653294 74217 300408 524223 483441 531396 235236 551079 445504 780251 973662 55062 353972 339372 707684 477116 214005 615473 504894 619502 806698 825966 323385 308870 649987 989629 897138 604175 397988 352682 820640 599120 906289 958371 805311 336092 11211
295909 661949 680932 637574 904457 448520 598600 628705 267288 100344 906450 94790 875647 348050 105731 403125 533413 444084 61646 54695 516392 261434 166685 572805 396171 17507 140417 433581 179811 38167 937104 280862 784069 231120 356108 752928 939563 63242 928763 744732 293104 507369 308490 387322 475793 148361 232196 100249 774946 371685 393620 865151 545002 298041 465340 974428 809849 613873 857138 487309 66131 542426 238552 104955 27281 475863 914437 867724 891571 723705 557206 906089 343470 528477 621992 496795 452613 957882 517449 339305 856810 933862 663950 244209 405542 841446 11441 199454
310871 799018 81656 375547 633126 345408 111183 64993 397076 641116 225758 854056 489597 835843 541563 264214 908815 218265 75563 412926 120820 289660 80260 672287 486416 528139 992098 917943 412793 434701 838124 624582 700694 284087 655166 289211 875930 647804 798239 796742 476964 814416 358255 858344 820551 713719 688281 66186 67167 526091 25102 852541 965582 538962 987826 3212 818172 224749 461275 263270 531935 189066 668121 891507 726911 729510 773158 450137 857345 400924 355860 152326 114687 31701 784032 330833 543248 628417 293062 924417 309311 750673 859637 315528 590137 150533 500510 10648
323151 159993 154129 525226 617806 953652 888530 857334 301969 310504 711615 648161 401333 213992 244561 441223 509711 423457 880524 733916 939120 958614 632512 54554 83695 235248 979790 354482 94735 503297 342913 652620 644126 866555 303003 108079 330749 880232 987582 443737 221887 575947 268048 806509 161544 941778 316445 478609 674841 246704 729581 230914 382963 970366 302507 783192 582211 192082 363662 390447 87246 662105 203478 302143 621190 47665 451275 14051 434638 367811 814232 801327 990362 163995 992203 318430 167043 855496 84241 356056 792066 827091 424512 345560 396351 166155 584747 418510
544900 407251 490871 687168 22904 669135 676898 92338 31962 85992 924249 209819 412073 932897 408295 871622 623629 416517 328127 251585 823268 188867 23609 579761 889361 706065 451016 891050 863818 414386 827898 785199 276989 547015 833770 706555 901830 932893 658235 134803 834556 240472 201454 329352 536169 157358 378084 526363 953847 79981 214236 639962 176936 208116 38007 893371 14240 563961 43752 391100 433175 689259 970867 666816 607006 57983 69995 774538 206571 613112 922703 740287 403169 137015 914040 911832 967499 89540 257538 465186 299963 365730 732811 604272 325927 279789 79641 426802
53442 209306 937427 284615 303692 596169 750551 518598 385954 590304 542724 977372 582681 913100 903418 235291 665725 406117 79996 715247 100469 953107 924556 259759 301611 537411 4937 589536 3624 793758 517070 49138 917018 261057 966125 682246 695797 965031 781963 825137 901687 108194 664511 306151 404432 305445 227828 305053 511909 71511 505458 87418 431376 839530 26552 967049 291602 211158 132297 132811 122187 525114 95885 392262 61416 620849 7932 802605 744061 713310 460267 187105 531061 565106 517506 215136 331501 956926 94925 823017 944213 811032 761796 26974 606391 669183 175660 317854
406803 845628 729087 10010 751282 658006 799643 776260 216774 926863 669824 816584 443787 438123 78443 446212 573128 583582 200071 573475 882989 946375 936309 107939 840515 928495 384816 399277 655238 669569 163417 927344 229051 538622 259604 526759 433567 206254 498866 566181 300793 901285 810941 526507 964226 769462 31003 410391 502381 885 716251 154598 64145 35103 378144 810154 10684 262233 182250 412542 943104 93552 212725 365073 982601 636048 547365 894108 514186 957488 998897 635752 585031 460202 370214 665747 526696 15127 948414 877498 628815 28239 875704 285303 493336 733967 719613 911475
319743 340462 588215 454044 596507 659803 152671 760706 165523 379786 900931 455905 107571 892132 993956 669838 160478 275369 290868 442057 813986 490181 603848 346951 113604 940168 22080 742802 334992 757062 506985 941476 404225 429639 925225 517082 751117 460519 707360 259103 567403 617496 45745 599642 411232 917301 572443 60256 481105 619667 696353 373322 892600 527260 82891 633042 143186 913204 360329 695430 880523 704998 840154 755886 494611 68002 609234 319913 512212 351143 811784 256224 583628 483014 642690 342915 855819 998802 397736 409348 184227 392542 558904 629734 164172 776117 247830 429702
455412 725081 743122 298348 358119 842882 920413 362046 172766 92950 75721 233171 904223 766065 931752 21240 38662 904087 612595 534411 886243 251621 830819 888894 786800 786295 839017 72212 728612 756568 30321 694717 903498 855819 159769 536965 554055 379473 120759 658018 560052 388133 213186 111688 526097 790134 345812 174771 934896 237751 442658 220988 339981 908594 701819 896139 365669 803124 397047 924415 254707 377326 749823 389683 356010 494944 529926 616147 603865 98753 364863 780573 408769 624224 586815 261776 265559 399373 226216 708502 863292 170783 688094 517850 104863 474854 147322 490121
208139 561842 908827 771835 116194 999806 882784 652476 641106 395858 247343 714114 369211 61243 307248 194469 199869 530190 760154 457612 282368 594277 414611 159671 978660 994868 213921 635249 701991 167191 251243 573362 238824 82760 298874 732092 946521 477595 956299 769817 663870 777077 406117 551427 861612 687770 610913 455468 227118 528276 828162 672426 713811 745779 176098 797685 256186 289448 113443 700353 651970 712686 181031 813253 961299 302330 739769 164626 402349 829488 890421 884423 242145 311222 664113 903478 807743 110316 981544 100694 997215 707762 291809 705063 745503 152586 826499 209404
750200 193306 779872 829120 442983 757447 19469 783277 813911 354715 439883 286372 411055 253346 116952 617247 397347 17703 684974 46120 389311 503697 586094 135226 611708 345773 83683 928310 411497 606678 620343 789783 843739 578908 889956 526754 23391 782614 398104 862823 507344 702584 92164 680486 51641 864675 809820 95124 685033 395802 760529 548733 953853 757727 783417 406293 885702 863785 833264 567709 722569 467107 446999 702075 121795 503493 879519 348098 172450 115283 433836 676386 603292 393289 993832 81169 380268 941854 339387 318682 786129 473400 638097 81033 626716 101188 712186 170648
545224 823677 44515 846246 870326 811134 315813 666158 379998 633647 366710 756999 402135 978474 82291 504219 974548 730533 513757 136586 291798 774462 657642 336904 73462 461031 879973 652312 477898 307721 32231 459035 363034 528003 585777 538065 516436 594141 620804 508595 717732 897623 2264 45647 114862 72004 541808 828680 748589 757599 610583 260981 973365 381859 291292 666969 333399 229644 128237 498099 695605 179786 422593 388130 311813 232109 224545 997205 562873 492818 877570 720731 762977 593038 758736 371287 383080 453135 617847 281719 947554 439680 256129 887248 638824 684213 101627 858206
752848 102511 272096 422250 444832 134460 839346 913492 806487 141811 942223 35542 621484 946476 371358 206833 382386 22249 173750 129155 394417 322682 783475 919933 814982 964081 652831 989748 293777 867778 478448 758587 159659 388922 952348 144016 264638 279547 975530 895745 59272 970610 447702 837108 684000 484033 725064 89293 581905 217104 727715 62049 145061 996892 184952 25784 378735 473575 471865 235588 427899 470176 88552 756955 732983 871623 893161 555631 585838 353337 357566 692299 96800 911992 190600 97485 459706 758243 147604 740127 613707 994355 10911 599377 863456 159323 372179 350284
214217 298337 607911 829884 875152 379428 168094 827918 122371 158203 966293 15246 420959 597793 814912 81190 882657 365632 145212 547984 313360 570049 556725 533267 925122 636348 588102 257397 245205 534775 505091 919378 660582 18428 11587 41780 141917 80032 344527 957690 414222 41222 510293 88717 53994 404851 4166 925352 33741 999700 408749 239743 501694 114253 633717 670130 737591 291622 326147 698754 575378 307158 653547 440189 823462 770861 137933 190969 797969 189192 459760 384233 283130 391595 806712 82505 336383 856087 485441 515798 567998 195257 248285 766387 972673 627427 736292 498648
922525 219984 586306 44361 793448 841383 663626 278005 617434 299844 481958 214863 5769 496656 211963 602147 346000 496209 237227 111151 195868 597606 779002 860361 896277 87372 642890 161363 527875 419499 694008 862859 581372 728787 154722 299277 134383 313932 995031 59652 120334 566445 392955 685170 490440 784863 305601 726785 243300 153292 862521 434308 592900 305841 480692 778995 646165 28143 874838 889785 184989 240421 492763 881817 653672 232391 318298 795889 236168 890540 624068 673915 414783 868564 101856 490392 239983 782196 837157 158757 848046 124402 788198 328718 209611 103360 930974 728278
868993 992532 178534 344484 236833 189563 112690 700297 120447 366765 738576 753655 255083 232659 793064 215833 992493 196397 58835 779295 397367 970243 261025 798611 144802 553861 646955 619116 936566 414000 605577 676420 98628 297003 598579 72984 878117 973024 757894 214472 361522 52481 396272 508030 849265 560530 59265 389780 153500 498042 237008 914354 661304 162237 531252 678623 322477 269423 502773 974637 789830 633764 196610 57291 631197 809134 831221 338792 328799 350175 106643 963908 248869 333717 65623 423330 994735 490763 828975 176052 607184 944991 964587 970011 110860 544116 528932 248913
218175 241843 153984 540788 847344 479617 497111 264597 361585 659797 937057 646944 919639 677800 894152 619787 105539 264304 723457 802867 271823 439272 577792 860699 227007 351267 536926 983324 19733 547327 770602 204336 274318 830478 949798 637302 854043 989459 303074 10219 850973 284156 693530 190773 820619 217966 703191 391853 858058 878697 172255 206722 712854 263536 366328 441505 577536 3945 932011 125213 128801 739238 794332 515461 229886 951875 877199 326426 172358 107970 624930 431363 258853 306470 98074 507322 872940 822927 450555 138749 926042 576309 32966 237554 391586 23453 226816 318375
277720 63619 166907 956406 844190 14169 299241 754892 946356 106696 508779 220268 750102 942790 106431 50170 501491 879284 353560 678159 62969 529332 378991 28721 691776 642437 554863 78750 646645 99965 443544 148922 648974 593486 287811 383406 788504 602764 487816 948559 495657 319189 13311 601862 563595 388370 891507 10341 907865 299907 586402 944625 288196 10769 2427 837389 134018 992696 862323 116825 209237 208142 901564 644284 528474 108953 268275 843128 783883 424184 251115 647693 172474 168523 367905 35393 809502 427464 145034 657000 657240 813361 353438 763878 805013 633031 90038 937631
795846 627324 17732 248057 336835 84217 162399 78944 87935 915460 928019 407362 606140 738864 834717 961405 132413 34036 306157 649284 591191 182820 864985 969355 41868 752515 378461 797672 25269 828118 356197 331158 725352 768027 906407 698601 163853 666954 715200 504010 628169 868959 640388 492016 644716 359672 922847 901617 340680 61975 800554 5038 757499 708396 162467 536596 229296 218468 948799 735111 438273 506186 645902 792536 769909 614040 822715 626178 200437 356122 550817 442440 738013 12104 969646 875190 405018 385961 617391 423681 583135 59659 711474 757701 380503 481873 907748 466022
421940 213920 582986 363095 56363 720418 475545 60965 652776 621063 727606 500044 315214 934994 397809 866541 451932 24402 930350 470295 644465 92869 799644 246107 836694 797360 49923 224014 762114 327640 317954 696369 776889 593070 3982 39462 705293 294841 651663 666197 232143 765753 257072 605066 271564 721389 213802 901760 694672 272245 933361 270238 964981 806560 80843 207850 894936 165463 437640 291655 595967 204627 125115 202089 635657 178010 152202 286497 404287 269099 508453 765253 81582 526127 625623 974196 598682 981581 589098 511999 305990 665835 317565 901195 606452 957754 282429 215488
850511 908152 872561 522833 841374 326087 384339 322474 164989 68275 274024 952923 851063 261230 277791 342827 414215 616607 781843 400313 937914 780379 152199 975775 965403 518391 508636 259807 240795 17582 166412 959843 290613 57865 379245 460725 262862 9319 747807 753858 766126 364565 625700 771660 748660 619219 370895 780449 572712 281234 302878 235228 260986 342615 170333 296474 932337 468774 174876 373997 463535 497128 795451 707904 765102 446106 364957 628415 112496 842411 517884 359924 119280 572107 20027 207637 520663 80906 427288 526739 331205 741766 559633 435163 42458 508667 405272 881256
650709 29966 827670 385680 964182 27933 316623 877549 419894 367182 161193 771108 569815 234021 618177 77391 319222 118568 653912 932236 490314 259483 623034 90819 472459 650660 745780 821383 371356 849810 633354 756834 160905 558305 747881 391693 737161 870199 244706 622494 426516 303160 392432 437921 687955 917037 309592 126510 936680 69817 146021 667781 775045 18982 259302 315549 773012 585939 330169 551902 932440 755679 545786 298996 324116 717433 364248 103612 8869 20674 477713 138017 840736 785791 659628 276671 182612 840656 427896 998545 302935 909387 59606 819846 476993 253970 623747 240772
31255 386844 166933 477503 666223 179901 264020 619427 252076 596395 94007 510685 957699 479363 268524 250071 43217 422954 863411 908245 756820 546092 541249 634156 854296 826646 970252 911860 496670 831560 698333 86198 294861 504573 684078 474651 135848 801329 790914 625871 490951 301775 563250 673630 537317 883907 529356 295395 971075 541746 100905 388427 189419 165190 201450 967634 940653 87582 629598 551993 274782 832324 33022 332881 212478 662636 285573 641556 467236 592871 473670 169838 940358 86582 600038 888296 45634 754822 293348 311487 737092 624119 716479 599663 652635 31524 516438 73172
873396 734647 399730 218676 495177 478204 984833 420388 997372 525687 798112 780893 586356 604432 421426 948646 968920 557543 516171 482659 213096 690122 388003 231764 361993 330944 586588 154509 531532 738303 567381 896352 520745 374767 493791 788309 583674 756348 352561 191574 785500 601156 116531 843094 642210 299169 206978 459658 597948 71313 658605 144275 592342 358772 600403 948831 689425 361580 25933 635155 908578 46695 256503 91004 141869 78682 9119 584489 130717 127216 605975 685117 35011 478425 177213 614831 638130 617931 833119 762371 918344 64740 183573 733937 444397 385540 44183 188984
142214 927925 277396 534429 499997 177973 219191 644959 302377 160362 188063 736778 146180 833115 356980 608808 782579 482550 484393 641480 915718 799414 831955 956558 751617 183564 438747 4634 898783 379185 323950 460856 38360 46944 286213 877916 418855 912423 980482 263383 500478 145138 381043 686928 733424 460977 888223 321355 234894 139129 75392 720700 771677 944323 847583 294622 384722 164562 887381 6673 79159 803024 830307 302941 644061 950569 147443 527427 748871 600513 293214 112931 88275 400802 920345 489057 560865 818317 564901 482826 954871 248805 340581 365589 76259 304902 120289 486156
190158 836384 454460 822123 927245 125101 895238 887540 32446 802406 170487 335844 479077 676294 17716 729658 585675 421943 853317 876915 981726 273559 761511 608350 863549 651934 535757 583732 259082 596268 469178 65738 945717 974075 701591 458075 922874 873422 93676 678613 612218 673016 616978 169551 712241 604979 787340 178611 743316 663431 653492 968442 593712 474743 203992 421423 361786 778257 533216 379781 676074 366322 24989 726411 65980 105801 270457 69812 551293 795414 899817 739814 557763 822489 876790 29886 122393 671143 574030 983678 437467 323869 139809 736795 661540 825510 868202 905061
738408 544353 464726 441925 950488 723599 61426 344024 50651 356585 532226 309426 538382 672856 894903 774621 450996 404299 8979 474043 887477 22756 363841 254998 1784 500317 947008 425076 53231 201658 992851 115100 206513 139140 274279 123457 564321 789159 273775 779965 540123 450681 162428 389392 641340 54114 678517 282527 156256 713656 8444 433819 501986 976908 410119 901341 789485 225131 327083 683588 54806 177028 479859 514689 271329 101663 480003 644718 192697 445862 280044 727530 4871 513673 764938 196989 517289 545553 432720 167957 255681 353922 139718 881480 335099 428585 620239 613646
956157 590194 76874 69769 960682 727117 680773 676096 574661 427895 85103 356525 847698 991123 696599 911470 950232 125356 610652 581267 91772 515401 868061 127046 837139 565202 523980 85355 810133 567664 247409 242675 979009 408988 822813 993344 537047 891422 794767 1500 187769 490701 533291 652606 831064 663211 564350 138763 43158 231812 106837 242526 611023 203382 841204 962094 606215 388388 780751 245883 498694 752130 457292 477380 186491 929488 987958 425526 466668 937470 912914 577379 2477 318644 117209 403046 612569 560177 13284 864031 332188 577368 639309 64834 663065 909278 894431 583572
269841 958628 783044 565191 90709 32698 502429 730971 965356 158184 54798 703756 82287 110085 523866 345610 977915 185256 439888 513861 653447 165168 194956 226012 103607 309722 243051 818458 414270 176813 145668 320712 194982 75296 990167 139714 120802 879677 372169 48605 112393 470558 929893 89919 247167 834758 43521 830945 858624 515011 653963 954506 279760 829913 358305 861802 818338 431575 251034 752673 698129 212697 880202 953775 199878 629459 492018 859871 387526 149643 854931 335454 683771 283340 317412 564953 197006 353656 617760 178257 518612 979618 64286 415141 192167 713826 441437 449873
192011 352474 659939 944221 129344 615009 878534 739188 167386 865870 212066 909714 590864 998249 53166 262102 83717 364938 846737 392743 614483 65341 768935 687208 796852 120509 186955 923155 787775 740786 300686 69042 761637 428225 603383 574187 866728 122312 243222 512905 477952 872738 256512 540017 535689 578280 555681 877606 297267 480960 684736 260531 872705 567738 337430 895193 778823 392145 688532 158673 238086 136767 658316 436075 111778 975500 290768 737656 764670 59413 431427 155309 593895 249778 324215 74441 923151 914414 351241 618356 116571 74649 408740 355699 323885 795013 274068 626139
845302 616267 940882 528266 427969 906681 436515 517032 901885 187081 675567 353704 753208 788823 618488 167679 779172 491540 65468 462167 65898 927971 817232 961883 535451 130717 601067 551522 108771 563681 923570 877649 648138 327768 945348 319694 925667 33574 844109 980050 522195 845900 405929 170221 846601 591693 129176 537567 174379 320275 918422 193823 354959 158584 412243 737228 770749 787001 716857 759887 380332 887557 873327 810401 962491 328520 128947 712011 491563 278463 759092 366592 409190 136617 951903 912970 896903 9759 131811 357425 738396 634474 64719 190984 90274 267339 445554 370025
36930 984109 994401 769415 48746 137436 589285 785469 615798 640975 941023 997149 541381 52155 60709 958079 667424 606389 73420 51064 5253 11020 44192 562146 935634 728029 970800 217963 525518 747126 964679 85955 39415 706836 391005 443444 723534 938525 721745 39449 574128 853520 131713 64047 215189 180688 605244 774037 442801 493863 634434 898238 362290 440903 385054 601427 56202 152865 90202 748183 83810 40701 839316 829681 183042 367893 289120 906824 991018 403353 518944 545795 75815 783904 155163 526451 329554 378816 777438 726324 420307 624424 293724 430490 238218 621266 105968 170753
837304 189777 698217 731918 394567 709190 892581 328629 849715 530166 952716 218518 427572 155899 515572 936279 242700 995611 318801 506425 171195 509664 553029 610353 894429 139236 169224 275267 427746 555605 375538 511008 839741 33709 671294 709431 17776 20510 39203 58950 724287 992843 949393 613473 231235 613338 566127 968241 566662 581458 234089 892375 975373 613610 986986 274342 463070 486287 515076 971770 247796 906781 412795 364692 382061 313138 52039 961494 730450 441890 224140 842618 660621 668387 956587 435855 925874 955243 662672 751939 320288 470519 33444 202008 269360 54256 148365 94288
499955 794646 146530 813015 956935 894182 679325 345241 252953 404795 266886 321687 599546 154498 469982 617320 964342 225561 201239 534850 960587 317740 625940 511094 959368 355822 826240 461223 420251 582810 876784 326445 622806 568330 512299 186044 993765 457267 854836 125516 842558 624060 639802 171413 904650 171989 69071 275316 918991 686237 484588 574808 152985 276105 8319 257728 990539 66282 672228 534345 531920 255095 655723 37549 581073 291403 746458 77087 485735 382376 168635 183391 650674 650374 713284 384067 742236 126216 12641 204437 225089 376995 798612 903781 49697 641753 832081 791143
534073 388776 596777 411059 23266 949876 374708 761552 800444 647392 91995 964017 52842 36793 238531 730917 653041 311679 432318 69370 350091 186074 638417 706185 417894 737075 377645 179930 222398 470950 388252 575531 469950 599593 283998 78272 908161 382818 86186 965231 945058 338917 416625 470403 420284 487260 203020 374572 987864 136359 309908 185661 793190 949534 707220 719784 959591 781144 592200 114338 823591 656907 938902 175227 84498 270902 844679 260044 591556 715944 338579 773963 624790 637032 772631 443998 428125 759217 380927 486472 142569 268456 558799 90203 877776 703178 131770 814577
828447 73529 673542 458628 460307 162914 291123 972892 353585 817017 642354 431762 691342 682059 170967 239254 383701 983852 589845 501285 767995 282679 464024 480354 129818 819783 562180 724751 899232 547427 943957 623202 729956 643363 925850 124266 885316 368107 547773 485404 51746 417075 920904 255472 555221 881146 120568 489886 81155 567162 382235 596265 216072 891882 46823 445049 694840 976664 431761 759171 660525 516407 831929 228373 746196 693297 252357 929345 199925 17626 579136 883004 950733 795528 56343 260794 736837 689955 941201 958639 490990 170078 450253 598576 791228 559463 168324 31620
560122 916016 81583 414779 429951 185161 117979 760768 771317 522376 998277 634560 672286 702776 416358 874716 902054 357390 307070 240005 852703 959943 305853 214928 507640 167701 842882 866579 798275 217709 383115 878502 634278 550116 14929 980701 107862 541141 210224 547678 2376 692769 616277 233072 9720 273028 274956 383357 724406 265368 855637 547245 384112 540111 798201 927565 753887 339156 280790 981035 161801 238 68485 437545 540925 515400 704980 741708 557155 307263 45787 522443 773679 936651 55381 925811 824875 262260 952297 938410 19035 841008 525040 877428 738608 484406 683601 394508
913132 855450 409280 728027 261704 753522 142577 260932 317684 779516 923469 238772 870463 885424 196348 484009 318282 7748 363899 871903 73090 115013 379369 364824 655033 207455 267313 701813 78570 567764 707839 821803 502394 658756 379724 154532 124588 334217 53953 281480 31729 862907 655647 366527 941226 694076 283006 809099 387198 121622 915780 173185 865301 963938 870236 355389 905755 915003 492675 643602 484849 200747 635324 268607 853711 271710 904967 45374 978170 801988 900631 773027 604879 602952 843752 225160 313576 471645 736244 509350 871397 330708 894594 100952 414349 234008 171144 875969
876674 274075 215642 893828 563308 745764 472836 19325 649083 974915 296176 58972 328917 177707 543546 422155 195390 970305 176340 94014 506189 134023 284006 658632 135636 922464 372907 877801 318985 207454 474801 59842 454759 865242 793953 739315 607128 902755 650647 275786 132243 73554 287782 735188 485131 762496 160415 787934 382359 917586 371892 285082 497746 263684 83482 405904 819452 275786 570940 853484 153201 577952 510460 705016 39546 176137 393804 300352 907652 31780 113758 192353 87997 395024 706206 946796 35291 53032 695622 681174 253839 498129 728485 949536 701003 174746 523590 574427
669923 778778 665720 145273 461876 886598 363295 522197 324887 641144 106740 703641 342909 412318 861602 483131 306831 445666 322528 583939 779194 276425 755989 397702 317240 368171 25379 328562 261936 870805 742488 468664 593998 457646 156198 681183 221896 587129 274328 490867 340699 831884 257507 462349 479319 894439 267135 224227 440837 676796 887190 418095 13167 198774 832294 294236 423070 898462 76617 739043 355260 259898 128189 535758 633520 210172 301115 210813 968658 249880 848615 154672 458919 576059 829529 734813 826729 141536 683242 681174 696539 798650 586298 799332 924834 814543 831858 908232
115477 414745 170979 318937 953488 117287 792175 668001 375387 948712 579602 690244 612345 786934 664197 136094 582696 738542 654895 191369 651870 666697 407418 533898 593261 872522 908339 184131 674697 818042 539357 440474 266448 118269 421795 889114 577565 585436 167699 818508 709844 890093 221347 927483 461316 230300 978213 548596 828208 71209 339470 214822 269412 250768 878955 321152 970862 959792 452614 287148 476110 757261 280685 373496 512783 403558 704115 150994 268761 718934 854054 973985 932584 353429 35532 93561 932708 782928 508491 448961 780276 268348 953158 169183 569521 268020 148379 551165
118282 806400 250746 743933 452466 316731 997049 486019 379076 780716 275184 595363 77477 782189 513484 890918 909747 924151 689898 550572 342286 762198 513154 527592 719368 751309 817937 108084 447770 825609 769161 303875 702836 23205 444808 213594 313867 792234 492439 355646 145265 356282 499657 82202 720269 598263 213971 347630 317884 128355 590239 196398 436981 803233 829513 593214 406540 582189 323738 959613 907876 718384 845439 651227 379326 20246 622026 21952 542474 459287 22383 670261 569794 646626 892942 605094 780477 857219 375377 894404 389123 247291 477691 280877 167449 22236 598822 127953
