100
0000001001000000000010000000000000000000010010000000000010000000100000000001010100000000001001000100
0110000000001010000010001010000000000100000001000010100001100000010100000010100000001000000001000010
0000000000001010010000000000000000000101000100100000001001100010000000000100011100001000000000010001
0001000010100100000000000010100110000000000000011010100010000010000000001000001000101000000000001000
0000000001000100000010100010000001111010000110010000011000001000001000100000000000011000010000010000
0000000000000000000010100000000001000000000110100100001000100001100001010001000000001010100000101000
0000000001000101100001001101000000001010000001010000000010011000100000000000000010000000000000000000
0010001010000010000100010000000000010000001100011000000000001000100100000000000101000100000000001100
0000010000001100000101100000000000010101010000011001000000010000000000010011100000010000000000000100
0000100110001011000000000100000010000100000000110000000010000000000001111000001100000000110000010000
1001010000000010010011010010000000000000100000000000010001001110000100000001100010000011001001001100
0000001000000001000000100000010100000010010001011000000001000000000100000010000100010010100000000000
1001000000100000000000000000010000100000010000001001000000100110001010001000000000000000000000100001
0100010001000000000000000010010100001110010000110010100100001000000000000000010000000000010000111000
0010000100100000100001000100000000100010001011000000000001010001100000000000000010000111000100000000
0000000000000000001000000000001000100001100100000000000010101010001010100001000010100000001100001010
0000000000000000000000000000001000100000100011010000000000000001000000000011011000111001000010000100
0100000000001111100011000000010000011010001001000000000000100000010000000000001101000000000100100001
0000010001000000100100000000000000000010011000000100110011000101100000001100101000110010010001000000
0000000100000001001100001101000100001000001001000000010000001100010000000000000000110000100000000000
0000001100010000000011000001001101010000000000000001000000000010100000010100000000100100100000000111
0000010010001000000000100000010110000010000110100000000000110000000110010010000001000010001000010100
0100100011000001000100000000000000000001001001000000000000100000100010010000000010100101010000000000
0100000001000000000000000100011100000000000001100010000000011010010100000010101001000000001100001100
0100000000010100000000000000010000000010100000000000100000001001001000000000010010000010000000000000
0000000100001100000011000000000010001000000100000001101000010100000000000101000010000000100000011100
0000000000000001000001100000000000100000000100000000001100001011000000000010011100000100100001000000
0010001000000000000001000101100000011000000000010000000000000010011000110100010101000000000000000010
0000000000000000111000011000000000000001100000000001101000001001000001000010100100011000001000100100
0000000100010000000000000000011000000000001100100000000001000000000000000000000001001000010001101110
0000000100000010000000000001000000000010000010000000100101000000001101001001001000000000000010000000
0010001010100000100000101001000000000000010001100000000000001000000000011010011000000110000001100001
0000000010001001001110000000000100000000000010110000000000001000000000000000000000000000101000000000
0000000101000000000001001000100000000000001100010000001100100000100000010000000100000000110000000010
0101000100000000000000001010100000000000010000000000010010000010000100000000000010001100000010000000
0000000011000000001010001100001000110000000000000001001000000000000000010001000000001001100000010101
0000000000000000000000010000000000001101001000001000100000000010000000000000001011000000000000000000
1000101110000000000000010000000001001101000000000000001000100010000010110101000000011001000000000000
0000001010000010011010001100001000000000000001010000000000101001010100000000001001000001000000100000
0100010000100001000000010000011000000000000001000100010000000101000000000111100000000000010110101000
1101010100010000100000101110001000111010100100000001000001000100000000000000000001000010001000000010
0000000000000111010010101000000000000011000000000010010110000001000010010011001000000010010000000100
0100010000100100000000100101000000000011010000010100010010000000001000110001000010000000100111001000
0000001011010010000100010011001100010010000000001001001100100000000001011001110000000000001010000000
0000000000000100000000000001010000000000001000000000010000000001000001110110001000100000101101000001
0000000010000001000000000001001011010010001000000001010000000000101000000000010111101100000101100000
1000000100001001100110010000011100000001000100000000000001000100000100000000000101001000000000011010
0001000001000001101000101101101111000101101010001000000001000011000011000110000100000001100001000001
0010000000010000000000000000100001010001000001000000000000001000000000010001100011000000000000000000
0010000010000001100100000000000100000000000000001010001110001000111100110100001000101001100001101000
0000000000000000010000000101000000100000010010010010010001000100100000000010000010011000000001100100
1110001000000001000000000000100000100000000001001011000100000000000101100000101000000000000001001000
0100100000000000000000011000010000000001000000100001100010101110011001110000000010100000001010001000
0100000100100100000000000010100100000000100100000101001000000010001100000000110100000000000000010011
0100000010000000011110000100100010000100000000000000000000101001000000000001000000100010100011000100
0001000010000000000001000010000010000000111001000001000001100001000000101100010000001000000001000000
0010001010000000000001000001000000000000000101000100100000011000000011000000010000000010001011000000
0001110000000000100000101100000101101000000100000000001001000000001000001100100000000010010000010100
0101000000000001000100000000000100000100000001010100000000001000000010000100010000000000000000011000
0000001001110100000110000010000000010000100000010100001000000000000000000001000100000010000001000001
0000000000000000000100010000000010101000000010000000010000000000000001000000001001000000000000000000
0100000000000011100000010100010001000000000000000101000000000000000010100001000001000100000000100001
0100000000101000010000000000010000100000001000000110000100100000110000000011000011000001000000010011
0010000001000000000100000001010100011010100001000010011010101100000100000010000010100010001101000000
0000000000000000000100000000010000001001000000001100000100100000000110001000000000000000000001010000
0010010000000000000011000001000000000000010000000100010010010000000000000000011001001100000000000010
1010000000000000000001010000100010000111000100000110111000100000000000000000000011000010010000100000
0001000100001010000011001000110110001000000100000000010000000000000000000000001000000001100010000100
0000000000000000011100100100000000101000010000000001000000000001100100000000000010010110000010100000
0000000010001001000000000000000010110000110000000000010000000100001000000010000010000000000000100001
0001010100010001001000010001101000110000010000000000010010000000000000000101010000000110000001000000
0100000010001010000000001000000001000010100001100000101011001000000000100001000100110000110000100100
0000010000000000000001000001000000000000000000001010000010001001000110100010000000001000001011000001
0000000100000010000001100000000100001001100101000000010001101000001000000000000000010001000000000101
0000100100001000000000100000000000000100000001100000010100100100000000000010001010101010001000010101
0010000001100001010000000000000000010001011000001000100000100000000000000000000010010011101010011000
1100000000100110000000100000000000010000000010000110001001001010000010000010000010000001000010100000
0000101110000011110110000010000100000000000000000010100000000000001000000000000000001000000000000000
1000100111000010000010000100100011001110001000000000000101000000000000000000001000010000010000000000
0110001010010010110001000110001000000000100000010100100010100110100100100000000000100000000110000010
1101110100010100011000000000000110011000000000101000000001000110000010011001000000000000000010000111
1100100000100010000001000011111000001010000010000001001000001000001100000100000001010100000100010010
0100010010000001100111010010100001000001000100100001100110100000001110010001000010110100001000010000
0010000010100000110000010000000000001000000000000010001011000010000101000000001101000000000000000000
0000100000001000010100000000000000000000100000100100000000000000000000001010001110000001001100001000
0010010000101000001100011000001000000001101100010000111000000000000000001111110001001000001000010001
0110100000000000111110000000000000100110000000001010010000010000001000010000001000000100100010100000
0010000000000000000001000000001000101000110010000000100000000100010000110000111000000000101100001000
1000000010000000100100010000000010110011000001000000000000001000000110000000000010100010000001010000
0110000000000001100000011110101000000100001110000000001000000000000000011100010000000100001000000001
0000000000000010000110010000000001001000111100000000010000100000010100000010100001000001000001001000
0001000000000010000000001010010000000000000000001000010001000100000000000010101000010001000110000100
1101000010000010000000001000000010000000011110000000000100101010011000000001000000000000000110000100
0100001000001011000100000000100000000000000000011000000011101000100001011000000000111010000000011011
0001000000000010000100000001010000000000000001000000010100000000100000100000000101001000100010000010
0010000100100000000100001100001010001000000010001001000001011000000000000010000000001000100000001001
0000010100010100000001000000100001001001000100000011010010100000001010000000000000001010010000001000
0000000000111000000010000000000000000101100000001010000100000000010101000000000000100000000000001100
0011010101100110000100000100000001000101001000000000000000000100010001100010000000001010000110000010
0000100001010000000000101000000100000000000100010000000110101000000110000001000000000000011000000000
82 3 61 57
