522
1535 1986
1918 1974
1717 1872
1749 1786
264 1833
909 1418
1035 1910
739 1787
1930 1975
1127 1380
273 1254
1444 1668
610 1029
1378 1833
618 1116
835 1843
1799 1992
1103 1295
659 760
468 912
1056 1160
461 1507
1401 1545
1940 1966
1404 1883
1168 1298
47 1562
1105 1362
1479 1878
79 436
515 1284
1032 1357
426 995
1529 1593
715 1516
1715 1976
1551 1740
414 1030
571 1781
538 956
714 1966
30 785
795 1630
1482 1804
1485 1907
1134 1311
890 1492
1803 1904
18 911
387 1214
123 1212
1280 1563
343 1809
22 1858
1925 1934
1037 1914
1477 1872
1638 1909
1349 1946
1754 1878
58 1238
1804 1849
724 1558
168 1937
429 1309
676 955
455 1739
1571 1678
323 1769
366 580
1582 1995
49 1396
285 1667
1058 1454
80 676
475 1339
860 881
874 1166
916 1563
252 347
1515 1579
1494 1853
1855 1946
801 1458
1325 1884
1520 1634
1013 1911
811 1241
1398 1548
1596 1833
162 1516
1222 1847
1599 1854
111 1794
1431 1993
1251 1914
612 1742
229 1888
1200 1400
1686 1816
1137 1841
875 1158
1048 1982
1880 1926
542 731
554 636
1219 1704
884 1219
560 825
457 1673
1891 1929
1723 1810
615 828
735 1999
1885 1979
54 1277
1917 1970
1522 1587
130 1609
1559 1853
292 714
709 962
1871 1950
92 449
1770 1995
466 842
1633 1856
583 913
921 1565
519 1745
928 1263
682 1973
1941 1985
488 1031
1185 1657
902 1169
183 1149
1394 1584
1298 1668
205 443
304 926
652 1262
1768 1950
364 682
849 968
1125 1692
1232 1746
1759 1789
1238 1869
773 929
1644 1774
1447 1967
1016 1155
850 1581
63 1556
126 1196
1126 1662
1965 1972
680 1309
937 970
302 667
1933 1963
562 1263
1587 1828
1113 1164
1636 1728
822 1533
1382 1683
11 209
360 1067
969 1524
1584 1777
296 851
90 341
1212 1738
1721 1772
933 1161
1888 1921
1817 1828
1966 1988
886 1846
1368 1631
1012 1170
649 1155
352 1146
193 1542
1081 1894
662 1596
1098 1964
386 1541
1406 1834
1901 1991
843 1277
798 821
861 1360
1097 1288
31 325
312 1361
966 1668
405 1379
1355 1402
1812 1929
1783 1874
737 1737
32 454
888 908
561 1037
1852 1966
1377 1780
597 1396
926 1895
628 1436
1926 1929
1631 1897
209 1019
284 294
1646 1789
930 1545
1160 1877
327 1254
1975 1983
1149 1467
87 244
415 557
661 725
1362 1923
730 916
1628 1693
588 1945
575 1802
165 1913
540 971
1198 1525
1874 1921
622 1389
855 1598
1526 1698
184 734
1072 1160
1556 1973
677 1423
1172 1394
367 870
197 1661
215 537
831 1976
1020 1050
1687 1960
1254 1428
882 1978
1263 1810
1947 1968
381 861
60 1595
77 1930
783 936
836 844
512 721
1461 1741
799 1459
477 1713
1758 1959
331 355
731 1714
66 1745
1399 1696
1170 1308
1536 1616
279 1695
581 865
1422 1436
1226 1965
1491 1725
203 1927
119 545
1181 1300
476 1908
194 557
240 988
256 922
1354 1889
986 1963
570 648
749 1063
1299 1460
1416 1562
1144 1925
1908 1972
1320 1983
1612 1816
74 538
1131 1314
1322 1373
1856 1955
755 968
1493 1506
324 460
1578 1970
1676 1974
1370 1692
416 1963
278 1443
1384 1672
530 617
127 420
751 1985
758 795
149 984
1392 1874
1995 1997
1340 1579
517 1449
180 952
813 1064
1902 1944
231 539
402 1818
891 965
573 1826
1133 1985
1792 1938
587 1989
1845 1975
753 779
1351 1838
1156 1564
1639 1768
267 1438
104 1250
428 1625
1067 1478
1552 1954
967 1749
650 951
1797 1890
594 779
993 1613
216 738
1109 1683
601 1164
1182 1264
417 1766
1557 1939
282 837
1743 1808
1021 1573
319 1449
122 1056
1179 1600
786 1940
1654 1818
603 797
40 1390
1745 1810
1175 1415
873 996
1668 1873
1814 1870
1621 1824
125 835
1123 1418
1525 1583
807 1831
1345 1867
478 1212
788 1194
1284 1412
57 791
139 1698
582 883
1883 1971
608 1602
133 844
539 783
748 1899
1510 1650
858 1843
1607 1724
1389 1432
15 961
1662 1840
489 520
1414 1739
1281 1927
230 1518
1457 1639
100 808
863 1472
1731 1840
1036 1183
1090 1260
1514 1960
1994 1996
1007 1755
1500 1929
70 1741
1892 1967
200 1078
1658 1956
1808 1947
1906 1968
1841 1885
701 795
516 1280
1252 1986
1159 1534
775 941
1122 1243
297 837
614 1118
639 1773
385 544
1919 1978
585 1177
1956 1976
148 1244
862 1967
982 1374
293 1561
605 808
1653 1687
410 504
1990 1995
1561 1907
1119 1897
1386 1394
754 1205
1744 1991
204 792
383 733
949 1564
1785 1797
269 446
1952 1958
747 875
370 1886
820 1782
1992 1996
912 1692
1685 1799
265 1798
1157 1444
84 174
1011 1986
1738 1939
1446 1979
1216 1232
787 1872
577 1471
1826 1899
396 1257
1509 1641
174 1307
418 1317
1275 1780
945 1552
1547 1713
471 1285
952 1226
1051 1798
997 1542
1566 1700
1626 1938
345 1079
164 482
1632 1701
1470 1976
1395 1629
736 816
33 647
1327 1438
1737 1738
1645 1991
1415 1799
1577 1797
1121 1588
1464 1867
59 1534
1853 1861
1914 1985
1879 1914
106 1829
10 1968
1267 1698
792 982
1344 1791
732 1460
1411 1941
1847 1976
809 835
1796 1825
1784 1835
213 1823
315 1418
1821 1899
1111 1491
419 1238
89 1422
251 449
460 547
1022 1762
700 1971
1962 1966
34 1693
973 1955
294 1338
445 1163
707 1058
1451 1551
511 1543
1573 1682
1108 1850
1660 1817
1692 1904
1328 1378
1820 1857
876 1120
696 929
626 1799
1711 1876
504 951
1184 1726
