911
1029 1557
1215 1820
1340 1419
800 1575
1931 1944
501 641
1932 1967
1976 1994
23 1716
1364 1656
380 987
1412 1872
1453 1943
1134 1378
232 633
166 1213
47 805
292 893
1638 1663
1342 1629
1968 1991
1099 1970
318 1672
695 938
1472 1723
441 1730
428 1167
30 1476
82 1213
53 1615
298 1361
750 1781
1836 1841
958 1326
1546 1654
1167 1289
279 1826
1645 1760
1952 1997
1552 1912
1202 1879
1995 1995
69 1460
942 1134
1137 1945
962 1175
1591 1920
1694 1744
1598 1921
8 219
1475 1570
1789 1949
1072 1314
274 1343
1802 1860
888 945
764 1052
1516 1770
1397 1516
137 1226
89 244
782 1539
1198 1236
1720 1741
1909 1936
843 999
1369 1378
163 1134
1534 1824
372 1225
171 1149
1394 1822
1454 1675
1874 1954
577 1915
1540 1998
1842 1923
1365 1536
641 1293
1487 1812
786 1384
126 1634
1404 1756
616 815
296 520
1619 1962
434 1762
6 984
878 1013
210 1701
1012 1077
739 823
1505 1736
1880 1888
1593 1799
1680 1889
1201 1608
93 1698
1079 1722
674 1475
670 1915
1467 1564
590 1931
1274 1803
1335 1736
356 409
562 1881
932 1598
1313 1748
573 1948
1482 1704
139 1174
854 1653
431 841
364 429
1409 1443
3 642
1900 1983
816 1525
743 1145
1427 1898
1308 1813
529 1388
312 716
1777 1961
898 1845
519 1704
882 1811
807 984
132 329
121 966
1997 1997
244 342
1604 1946
1172 1961
1683 1746
1807 1955
1180 1710
1866 1949
1824 1871
979 1640
557 686
482 1120
1013 1740
1430 1599
1045 1142
1049 1417
1088 1875
1272 1988
1817 1891
326 885
605 753
676 1511
954 1132
293 857
1323 1962
1162 1474
798 1961
1966 1980
40 1300
909 1624
947 1868
1575 1734
1465 1736
1805 1946
997 1907
492 1900
831 1454
255 1078
1036 1853
916 1220
263 965
1732 1912
1882 1934
1298 1993
896 1878
1085 1627
1076 1994
1524 1675
741 1498
593 1941
630 996
1840 1979
304 523
1768 1842
510 1794
1538 1833
1951 1978
911 1766
1887 1986
1380 1646
1026 1363
417 602
50 1787
1293 1547
1193 1930
1511 1519
933 1299
1372 1573
1964 1996
901 1732
755 1631
563 1180
1070 1222
51 244
313 1533
1655 1690
1758 1778
1749 1955
1582 1924
1247 1952
54 541
278 347
1671 1710
1705 1807
393 1305
1122 1163
589 1769
682 785
1539 1559
928 1503
1154 1179
891 1789
1459 1791
194 783
92 1799
1027 1692
795 1412
111 1864
1845 1885
1635 1762
1910 1924
1390 1523
1767 1918
1206 1270
71 661
971 1152
1178 1522
1338 1718
1485 1581
1188 1466
1175 1204
525 1775
497 1499
738 1719
2 422
1985 1993
574 1984
1554 1772
705 741
495 726
239 1973
1503 1823
446 1305
408 1100
1748 1970
994 1039
374 1924
1670 1678
1192 1705
726 1279
704 1900
1349 1489
1068 1951
228 1590
1979 1983
7 642
1740 1941
357 1083
95 1063
1970 1987
287 1249
413 1291
1136 1532
300 1939
883 1303
661 1775
331 1457
669 1154
1712 1747
849 1190
791 1006
1495 1798
881 1766
461 1638
469 1573
747 1456
1622 1921
388 1545
383 1685
1007 1749
1722 1986
1766 1887
105 1695
1581 1789
846 1415
1307 1606
637 1470
1571 1998
1702 1739
1904 1991
1419 1825
516 1887
474 1971
1434 1729
973 1924
1950 1973
959 1022
1507 1697
10 634
37 1686
815 970
234 1307
708 1895
760 1906
88 1417
1461 1904
1677 1894
1796 1897
1708 1960
1936 1937
1899 1911
666 1486
1747 1949
730 860
481 1596
775 1013
1617 1651
526 855
1358 1879
1983 1988
1110 1961
419 540
1701 1990
1894 1927
407 1888
1624 1906
1210 1370
550 1623
49 207
1933 1968
1289 1650
1132 1933
122 743
560 617
536 555
1727 1859
1387 1428
1050 1565
442 925
151 896
1169 1851
1078 1535
1865 1974
141 1843
1692 1999
1312 1850
1423 1925
939 1743
862 1388
1174 1310
115 1559
1543 1703
1238 1648
1954 1985
617 1013
496 1045
1856 1866
1278 1359
1276 1571
706 1388
1578 1866
1956 1962
422 1436
1833 1938
1612 1941
1567 1908
1219 1687
1021 1432
693 924
1124 1884
884 1142
1852 1928
1306 1768
672 1519
1544 1609
1707 1827
1752 1975
235 918
1015 1817
1129 1658
588 1744
1687 1758
509 1500
759 1725
353 1239
1321 1682
170 1433
142 1583
1743 1905
1592 1753
1939 1982
537 1925
1018 1125
629 767
403 1308
127 585
1301 1677
1115 1468
20 1390
1469 1924
1545 1578
17 723
736 865
1302 1826
983 1066
60 480
490 919
578 1204
1810 1932
124 1678
885 1513
1226 1730
1769 1882
1973 1998
1688 1798
316 396
337 797
1084 1734
1108 1952
1499 1723
1435 1446
1921 1961
1053 1239
1853 1992
1975 1993
686 1902
655 992
792 1209
1589 1773
220 1434
1570 1628
311 687
697 1972
511 1554
1251 1980
865 1668
177 639
1857 1960
290 1083
1429 1769
1855 1909
1373 1811
1588 1615
966 1348
307 1760
14 933
568 618
1868 1995
80 1671
241 903
1831 1878
167 192
1684 1769
52 332
229 518
839 1988
1386 1492
1529 1660
692 1263
1204 1567
850 1736
1962 1999
1886 1945
957 1937
38 115
1517 1742
106 178
507 694
761 856
250 1262
1644 1644
65 946
926 1053
859 1578
920 1036
1044 1170
987 1273
475 1217
886 1821
1042 1480
1493 1510
1415 1598
1809 1962
187 1612
1063 1889
664 1396
1259 1770
1610 1938
104 1642
687 1334
1002 1027
1915 1953
1010 1105
1771 1891
464 1305
936 1572
1103 1636
1113 1701
486 1474
58 58
505 1983
1630 1926
894 1652
354 1567
1676 1810
319 1506
1881 1968
1112 1277
780 928
887 1671
206 353
1401 1917
1 766
821 1665
746 821
1770 1923
1776 1947
1428 1431
1054 1802
340 1106
768 1085
1922 1973
1605 1977
1871 1976
1020 1422
161 843
1098 1446
1926 1935
257 1270
985 1485
1877 1879
1648 1666
833 1013
1763 1890
119 153
1033 1400
1466 1575
439 805
660 990
1209 1301
1055 1458
1967 1973
1024 1129
451 1083
1947 1997
902 1071
1014 1964
1792 1867
1801 1965
1105 1113
840 1854
1128 1751
899 1986
1664 1816
1756 1850
1678 1733
1145 1479
927 1918
721 1703
1841 1992
1784 1876
1699 1774
1118 1356
1509 1743
1109 1913
671 729
66 1273
506 1156
611 637
1146 1258
396 1313
1208 1600
157 1308
306 1550
937 1763
42 740
227 775
1537 1695
1486 1657
917 1371
1961 1990
756 1626
68 1826
1793 1886
1048 1955
1317 1568
450 1270
1473 1484
1310 1402
1071 1119
1357 1718
1508 1884
221 521
1782 1806
1311 1743
114 498
484 1944
355 489
193 1131
604 1955
336 756
215 891
1917 1940
1847 1885
72 1336
733 966
976 1129
1812 1821
1948 1950
1848 1997
231 1852
118 1050
531 1259
842 1752
781 1111
405 547
811 1539
1797 1828
685 1557
515 1379
1633 1789
245 1651
1519 1595
39 1354
1640 1983
527 1910
1371 1640
1450 1493
1067 1995
211 1586
1616 1774
267 398
182 241
1158 1420
1214 1613
566 1514
376 1022
613 1398
1690 1748
963 1597
77 829
1319 1496
1309 1789
159 1159
1083 1604
1518 1844
1220 1719
184 1433
1334 1761
270 540
703 1776
226 319
1336 1463
1675 1737
980 1528
1448 1824
1798 1847
97 601
387 1693
879 892
117 256
1631 1793
1760 1878
445 1601
866 1575
109 1162
29 429
788 984
1987 1989
275 1207
601 891
714 1270
448 872
1646 1659
479 972
638 1324
248 980
1273 1314
1872 1933
646 1289
769 1639
1348 1889
1731 1872
553 819
1555 1920
1374 1591
1299 1355
1295 1333
512 1606
361 998
1761 1957
1574 1898
179 1884
1077 1734
1773 1773
1697 1830
1522 1771
1337 1366
102 1444
133 942
1754 1866
1211 1286
1710 1969
195 1181
1046 1683
1249 1421
1703 1907
1878 1991
1869 1985
1080 1640
1087 1486
1649 1852
864 1491
969 1181
217 994
186 1447
449 694
295 1507
1468 1521
1564 1861
146 712
1445 1928
426 587
1389 1635
530 1218
732 1017
662 1628
892 1292
757 1904
197 1460
812 1889
1733 1928
789 886
1447 1712
230 1171
1160 1536
549 1289
1411 1526
1728 1952
1279 1379
851 1942
544 954
34 837
813 1028
1601 1836
1125 1839
218 1832
1958 1987
627 1110
880 1115
787 1528
478 1382
74 786
579 1161
350 1432
1199 1384
236 1190
243 1768
992 1872
1141 1210
1047 1738
1082 1289
1031 1367
67 491
1064 1171
1885 1939
1734 1917
1558 1926
715 1545
659 660
401 1718
778 1913
1296 1808
223 690
565 1566
1822 1876
1403 1587
1549 1939
1216 1294
1681 1881
1719 1975
1061 1677
335 564
1946 1972
827 1923
1989 1991
471 1681
1207 1842
723 779
1237 1508
1379 1696
264 1187
1173 1343
1356 1854
569 698
1597 1906
421 1283
1828 1926
903 1664
1521 1918
1934 1980
1460 1977
1717 1996
508 755
1849 1849
1346 1469
1607 1718
1577 1796
402 1819
199 1068
196 1471
130 1570
458 487
1481 1842
1177 1870
2000 2000
1345 1576
518 885
371 1649
712 756
1821 1960
1030 1894
148 1582
1038 1153
1003 1200
346 1820
1032 1258
1907 1926
1914 1979
308 1608
1264 1685
1290 1326
1960 1981
1818 1925
1867 1918
1034 1600
1502 1556
1440 1699
1316 1772
558 1559
1992 1997
1787 1857
1111 1542
147 917
1287 1598
804 1716
1725 1927
242 599
1816 1954
571 1655
1854 1981
330 1109
1901 1972
644 933
385 1238
493 1067
362 1360
1138 1628
1691 1873
1106 1642
379 1429
1783 1995
1618 1683
1165 1663
1892 1952
848 1716
1300 1870
1470 1592
965 1566
639 992
1830 1892
823 1736
1107 1851
1275 1505
719 1532
1595 1887
152 388
1347 1393
1674 1801
323 328
773 998
1653 1990
591 956
1650 1993
1086 1788
1442 1606
867 1965
1569 1663
284 1700
555 1326
1955 1964
70 1403
504 1224
299 1954
175 833
1343 1823
1200 1893
1714 1948
1908 1996
219 952
