1000
1609 1610
526 1886
880 1500
236 1090
1349 1975
624 1966
1151 1191
442 1535
762 1876
1613 1748
370 918
947 1570
475 1151
1051 1085
409 1413
627 1674
458 760
1341 1439
279 1729
1460 1573
1297 1399
1434 1531
1772 1867
1000 1108
1881 1958
167 1874
106 1314
1657 1975
75 1144
687 1907
580 1467
1912 1990
1475 1804
1549 1840
1949 1956
28 809
163 1079
604 1011
1201 1661
378 1913
1261 1985
1152 1328
1042 1762
565 644
234 527
940 1948
84 1463
287 1142
1945 1995
897 1715
769 1908
1956 1998
1426 1894
566 1318
1502 1765
42 631
1763 1960
1927 1993
871 1033
1165 1272
415 1567
863 919
733 1614
1193 1367
1822 1917
1089 1977
1498 1699
430 465
10 1773
1382 1744
1293 1649
602 952
43 1193
984 1857
803 1789
630 1301
246 502
1749 1986
852 1085
1154 1261
1041 1158
743 1757
1793 1971
1232 1542
1385 1785
1343 1546
1200 1796
1331 1517
861 1404
914 1946
1803 1918
1901 1948
256 1695
1709 1846
1342 1887
952 975
960 1652
1861 1940
224 900
1957 1991
105 726
729 1459
48 1357
143 1555
674 1342
744 1791
1530 1681
521 1558
1070 1965
1340 1843
1493 1784
1833 1920
1457 1815
1229 1790
1873 1987
1185 1359
610 1619
578 1274
1698 1941
970 1523
307 1071
707 1306
936 1127
572 729
1264 1538
928 1129
1081 1359
1305 1339
754 1270
349 1472
651 896
1086 1102
1973 1983
1429 1525
425 802
867 1597
1160 1943
1283 1421
441 1055
816 1192
459 1487
738 854
732 1372
244 859
540 1912
1135 1873
1821 1856
1287 1661
967 1773
885 1270
964 1036
332 348
311 820
1776 1983
501 1402
1312 1319
915 1469
827 1884
1321 1335
366 1242
351 1750
205 1303
175 1825
1170 1381
1393 1789
265 1840
1204 1544
643 1543
632 1053
1097 1889
392 1977
1360 1709
820 1525
923 1926
1592 1711
648 1148
1196 1397
622 1511
1445 1785
1383 1539
1419 1919
277 295
322 1163
883 1455
1906 1923
1716 1720
834 1432
886 1655
1284 1871
51 1536
554 1054
553 1286
1768 1935
800 1003
1418 1549
1832 1979
186 1342
1011 1169
486 579
763 963
1148 1619
320 554
697 1856
1401 1604
1664 1774
1752 1963
1351 1806
1505 1771
1511 1852
1221 1359
1958 1998
1352 1790
1114 1911
220 1278
1954 1963
600 1018
1788 1864
198 1931
1701 1856
1546 1984
299 1792
1421 1484
1966 1980
1306 1954
1366 1852
1272 1422
791 1529
1961 1962
1093 1485
1816 1861
60 1201
666 724
576 1888
821 1199
1663 1987
1967 1996
71 616
1649 1721
999 1611
150 1302
1006 1838
188 676
1582 1871
1753 1937
788 869
1015 1326
1301 1979
414 963
864 1978
371 1463
1453 1715
293 781
635 1203
1891 1952
496 747
1537 1813
888 1108
347 716
261 1950
560 896
1281 1683
943 1701
18 1459
1210 1522
68 1388
676 1848
1720 1832
1886 1929
1915 1980
11 1495
1145 1316
596 1406
623 1539
152 599
174 621
981 1469
571 1841
1319 1924
19 1761
140 1423
865 1390
229 1745
1575 1690
1291 1361
719 1257
485 1389
1174 1191
1727 1817
1054 1392
1823 1895
1181 1404
1693 1711
1622 1763
977 1756
1674 1686
1718 1926
1909 1937
715 1670
659 1680
1621 1981
898 1811
1325 1555
103 1905
1965 1989
159 1118
25 1459
1374 1988
882 1177
1658 1882
1759 1882
1053 1867
463 1807
839 1131
202 284
1984 1989
994 1810
935 1010
52 624
316 1819
1032 1500
95 155
64 433
638 1641
1640 1971
1518 1873
1064 1937
1931 1970
1969 1993
828 1755
1205 1630
859 1475
917 1063
1928 1943
147 766
399 1973
338 841
1743 1858
1354 1404
552 653
1471 1515
747 1857
1161 1319
677 1985
1501 1739
1117 1590
27 957
146 196
5 1926
1479 1515
1607 1958
771 1872
436 1231
1863 1977
1666 1843
121 402
1561 1726
1087 1376
726 1391
1907 1963
1598 1948
44 811
528 541
258 1682
768 1414
1495 1934
1316 1352
1686 1916
801 1290
1021 1885
1024 1285
1166 1509
437 1251
1490 1730
1304 1892
249 1764
1336 1793
1214 1539
1008 1086
34 1032
1265 1535
327 955
531 1273
684 1099
254 364
1939 1985
1998 1998
228 1737
100 1499
1852 1895
58 110
1245 1502
833 1261
1159 1328
1611 1956
749 927
1719 1772
932 1469
288 590
1381 1971
1118 1379
962 1598
1751 1955
1938 1999
63 949
1532 1823
974 1441
1411 1413
1146 1915
1311 1781
986 1218
1329 1451
1173 1449
781 1494
640 1808
1103 1512
1067 1412
483 598
1074 1208
912 1402
298 1623
1334 1387
549 1044
1601 1974
221 748
1228 1675
1802 1933
342 473
618 897
1102 1232
187 1076
250 460
817 1133
567 1168
1012 1151
989 1828
1936 1951
160 915
737 1990
1520 1637
637 1854
1247 1658
1030 1685
207 1903
529 1495
1212 1884
155 612
795 945
1324 1508
306 1355
1433 1698
537 1735
558 1808
1831 1918
612 1853
49 1259
1435 1846
206 1784
445 539
1481 1512
1808 1911
1696 1871
1571 1818
1347 1727
65 1036
586 671
1959 1979
273 1511
1656 1747
1025 1101
1765 1881
1280 1699
176 418
178 1119
1614 1946
192 1270
847 896
673 1794
1370 1905
438 730
1075 1566
180 369
32 391
1294 1422
591 1088
1976 1981
424 1402
88 795
450 1398
1710 1765
73 1997
942 1656
1572 1795
1224 1519
1415 1623
1876 1917
1556 1566
1678 1859
589 1971
874 1953
1992 1995
1962 1975
446 913
1431 1747
849 883
243 1540
1946 1953
1108 1466
1948 1965
1014 1626
154 354
102 558
1183 1287
564 1667
1198 1717
110 1434
1733 1789
14 320
873 931
777 1997
563 587
165 1905
1217 1337
508 1791
755 1528
344 885
522 1675
1652 1678
868 945
1667 1970
1548 1889
891 990
1638 1778
825 1033
276 1774
925 1160
778 1858
252 1197
21 620
1449 1508
1541 1553
1277 1425
650 1724
784 1296
1569 1590
1679 1828
1345 1480
3 457
913 1012
963 1476
895 1812
569 1987
1251 1684
605 1199
1637 1787
1169 1891
1124 1127
751 1247
1604 1975
1492 1982
62 1864
826 1962
400 1219
1519 1937
1499 1685
1856 1880
1587 1746
703 1109
855 1805
606 1784
1317 1354
1487 1525
313 1361
647 1603
1790 1840
1477 1486
1558 1879
390 938
91 1072
1970 1981
466 1470
1804 1854
615 719
1119 1585
799 1240
1472 1723
1361 1782
1781 1928
1379 1719
363 894
765 1705
241 1979
534 1065
934 1169
1026 1284
1874 1949
1167 1961
1292 1855
317 1339
1810 1950
1515 1867
302 1929
467 1360
162 1236
1942 1946
1155 1240
362 775
1047 1872
655 1302
1018 1672
386 1216
291 1282
636 752
1922 1985
233 715
1380 1767
283 1405
1422 1666
1371 1665
1299 1917
469 1418
189 1291
1404 1473
35 827
1819 1849
300 1624
1105 1435
487 603
481 715
1737 1949
594 1742
1275 1897
1568 1792
452 1709
842 1698
910 1037
1857 1867
1046 1435
780 897
1979 1980
1484 1666
255 512
505 932
240 294
13 1065
1841 1935
1388 1589
1884 1979
543 735
2 600
419 461
805 976
1715 1784
490 1949
130 1247
377 1691
1192 1700
1750 1836
398 980
1095 1954
1274 1496
267 575
56 786
631 1163
1368 1684
1612 1918
918 1360
352 705
329 1565
1242 1821
1303 1927
268 947
982 1973
1350 1814
532 1251
500 1908
1851 1888
713 1664
1496 1561
1627 1977
489 752
1925 1937
1754 1928
523 1051
1809 1999
1195 1741
336 1226
720 1500
39 757
1044 1218
991 1687
1564 1564
693 1145
308 1271
1594 1792
1226 1765
608 1030
1934 1952
945 1096
1862 1968
1099 1712
1897 1918
1919 1929
1223 1880
1523 1769
585 1558
161 715
1692 1822
766 1407
1003 1671
1441 1584
226 1256
1268 1994
1887 1896
1835 1924
792 830
813 1494
1448 1641
802 1440
1029 1998
931 931
1218 1668
41 1248
369 1070
1848 1854
1550 1722
454 739
1056 1743
741 1117
54 67
1298 1911
1140 1250
156 1958
1373 1426
1892 1952
1813 1859
72 1129
1853 1898
1778 1868
1543 1876
1400 1906
1136 1392
465 1445
1071 1941
683 1277
1599 1777
1792 1832
421 1626
262 881
1357 1396
793 1459
767 935
997 1131
1762 1844
671 1266
1417 1492
382 1644
1978 1993
1659 1763
845 1447
1017 1542
879 1046
645 1072
1508 1741
1001 1872
1127 1809
429 804
1246 1848
617 1357
138 1430
517 1908
809 1003
1019 1980
125 164
1239 1797
1864 1958
1456 1686
625 1664
119 237
1766 1838
1623 1972
1661 1719
1536 1836
1156 1962
1123 1216
444 1215
920 1395
1554 1696
1695 1716
909 1376
1636 1694
1061 1890
406 1520
17 1570
1533 1793
1115 1664
841 1367
1635 1796
127 1975
573 1586
1889 1940
1647 1660
1723 1933
1769 1874
592 1278
705 1230
1820 1902
374 1338
1263 1438
1974 1977
668 1013
196 1047
128 1606
900 1536
1849 1983
339 1373
168 1423
1443 1649
889 1784
1113 1209
1257 1726
480 1528
1072 1163
460 1382
195 1509
731 1891
1222 1524
884 1762
376 1282
259 1590
245 1779
368 1028
965 1336
1172 1844
1252 1940
37 1698
634 919
644 1912
1399 1658
1302 1976
660 897
184 1834
1428 1721
1574 1838
702 1668
476 869
1807 1854
1485 1596
1387 1933
413 1875
493 1336
137 251
823 1751
1504 1976
471 697
479 1269
1258 1508
545 678
323 1414
1805 1894
717 1844
1058 1962
1241 1384
45 1037
1708 1724
309 1073
70 82
133 1738
9 287
958 1625
1066 1760
1798 1839
1879 1880
621 621
949 1714
1384 1938
689 1854
57 761
1726 1761
1326 1471
126 1601
869 1685
595 1910
983 1328
1142 1931
355 1568
1867 1993
1178 1986
503 1835
1491 1905
1878 1881
93 752
1111 1451
1996 1999
40 1693
1699 1701
1596 1848
1870 1906
796 1071
1517 1725
1728 1922
1358 1973
538 1132
504 607
1620 1783
1540 1575
1955 1999
1129 1896
1231 1346
1077 1144
1219 1294
1619 1926
404 428
525 1054
759 1899
295 1533
665 1191
1413 1655
568 1111
853 1381
343 444
1254 1297
1510 1889
1314 1805
1416 1722
117 852
579 1120
201 323
1839 1960
331 581
1685 1847
1101 1865
824 1267
50 1337
1734 1771
303 427
1780 1971
783 1546
513 1115
881 1519
1826 1926
878 1213
1253 1333
149 408
384 1711
321 1473
1994 1995
1883 1949
1818 1902
1877 1960
1951 1954
541 1789
1626 1671
47 1272
1911 1940
1497 1588
242 1315
1282 1662
1328 1676
1712 1848
973 1455
1104 1758
1079 1522
1937 1978
831 1680
326 1800
1007 1481
1707 1851
1430 1708
1551 1582
1116 1509
1545 1828
812 1896
405 1177
1215 1812
1641 1970
29 1495
1773 1895
157 1360
850 1916
1585 1605
1059 1444
1866 1951
661 1195
185 1802
86 1851
639 737
614 1121
94 909
1467 1669
1676 1864
494 1253
770 1159
1690 1705
197 333
1764 1864
1784 1841
135 1133
776 1240
123 1063
546 688
