105
685 1791
173 1831
465 1453
1881 1980
237 1527
976 1154
1780 1889
615 1787
1195 1648
1712 1778
1153 1457
334 1508
1670 1809
468 1885
846 1762
1091 1926
9 668
1494 1794
696 1099
1784 1944
1912 1922
509 762
1107 1501
341 1959
1299 1791
1755 1917
1795 1836
1645 1685
929 1683
803 825
278 1817
1217 1930
765 1353
1105 1407
118 731
642 1035
93 1016
300 1137
916 1321
752 1537
1385 1425
271 452
50 1873
556 1194
1924 1967
945 1893
168 630
1917 1951
1164 1892
1853 1916
436 1394
1981 1996
1849 1887
1431 1550
1521 1722
1361 1549
883 1626
74 351
339 1422
64 208
1944 1964
944 1400
549 1521
1171 1544
1852 1993
524 1667
788 1311
265 1543
689 1606
920 1984
669 747
1659 1783
1918 1997
523 1685
101 1033
714 1109
154 972
587 1926
318 1929
16 1840
1682 1960
780 1327
1197 1419
1891 1984
151 1582
205 1911
158 173
1731 1797
716 1933
236 1592
529 822
831 1065
1774 1784
1220 1980
1513 1726
313 699
1420 1809
872 993
26 1834
1898 1935
660 1185
1426 1868
1280 1531
1432 1554
1373 1747
