143
1532 1574
122 1623
1159 1851
1019 1263
907 972
1118 1426
740 1356
104 1066
1730 1932
1389 1798
1034 1416
387 740
791 1275
197 994
617 820
1843 1889
395 1022
1283 1767
1053 1208
372 1916
2000 2000
1950 1994
924 1965
265 1702
626 1285
901 1084
597 1057
1408 1410
1997 1999
821 933
1753 1825
1248 1881
442 1234
1721 1879
1656 1686
1502 1875
1540 1696
1016 1483
178 1818
1618 1923
1525 1940
364 782
1573 1794
986 1206
1428 1972
1252 1502
1001 1875
1899 1976
1980 1995
1332 1620
1798 1886
1265 1987
1255 1753
1507 1873
1504 1747
1066 1346
1076 1981
1768 1768
635 1030
1571 1590
156 1036
1774 1866
203 350
1293 1511
2 1820
199 996
1995 1995
1707 1910
1560 1705
805 1461
1592 1965
702 1915
616 1043
1290 1778
144 1872
802 1272
1940 1941
864 1747
894 972
116 922
191 589
592 1993
453 1379
58 1315
1559 1587
477 1949
817 1188
1804 1808
170 1711
1295 1874
148 1451
1771 1911
1119 1639
259 514
1939 1946
1611 1788
971 1694
1062 1934
739 1152
1042 1116
278 776
1243 1847
839 1536
450 499
335 541
383 1732
1690 1958
1150 1602
1577 1730
1310 1912
723 1793
1227 1723
1982 1989
1404 1834
1356 1960
487 563
152 203
622 1240
1459 1691
857 1768
1149 1604
273 1173
562 1136
1533 1931
1086 1635
537 1772
1815 1934
874 1541
458 654
744 1569
705 1224
1059 1179
228 1845
393 896
508 1974
1478 1753
666 952
928 1924
507 901
883 1891
934 1128
1837 1914
115 385
