333
757 1639
329 360
771 1241
711 1105
1849 1911
1787 1966
819 825
916 1505
157 1999
1087 1610
389 1275
1922 1937
1060 1309
1332 1480
193 873
1267 1480
1179 1210
1992 1999
1050 1386
322 1736
1049 1261
273 1399
1447 1775
1534 1801
1554 1654
234 1482
837 1480
1415 1989
107 1505
1656 1785
696 1368
1292 1848
573 1873
656 1154
1328 1627
1791 1948
960 1890
58 1766
420 769
1086 1913
836 1717
1504 1976
1348 1503
883 965
518 1673
1330 1506
1226 1528
172 1763
1998 1998
174 630
717 1266
712 1997
1625 1949
352 1372
1586 1868
274 1922
528 1162
967 1214
3 349
1638 1676
806 1254
782 1271
1598 1636
278 1525
1110 1480
904 1050
1338 1375
1753 1755
804 1770
728 1192
1240 1610
96 439
1130 1428
821 1436
430 513
1215 1559
300 1630
635 1742
1047 1932
379 1482
1347 1662
255 661
67 137
1868 1966
457 1667
512 1672
1214 1976
63 971
1761 1971
82 1467
462 1803
1298 1623
1423 1659
668 1566
607 1372
198 1027
909 1859
713 1791
917 1257
764 1355
1012 1886
1859 1876
1529 1859
208 1796
627 1115
160 443
599 672
1538 1691
270 1126
40 275
199 1978
900 1511
356 1551
1008 1545
968 1733
1655 1679
221 1044
1114 1894
1507 1693
1222 1788
1895 1974
1167 1200
1763 1841
623 1753
1686 1916
1757 1785
1006 1987
144 983
621 1635
1575 1865
360 732
574 1861
1987 1996
1220 1891
243 1878
178 1329
947 1955
370 1960
1728 1951
1897 1926
1225 1994
414 1072
1059 1424
1949 1971
1725 1834
184 775
252 460
943 1211
829 1131
1457 1944
1239 1505
1381 1383
1414 1513
1477 1690
1927 1948
452 494
996 1953
1666 1916
1302 1940
1420 1485
472 1362
1322 1866
1014 1295
347 1611
354 727
1045 1749
1189 1742
677 1904
1205 1773
463 1876
840 1866
1407 1628
2000 2000
566 964
673 1624
868 1775
1399 1957
1462 1754
366 581
1599 1961
1829 1864
1396 1698
310 1838
190 1340
317 1024
851 1944
1456 1661
672 1073
235 419
1081 1138
27 1258
1425 1682
1768 1873
1344 1473
1511 1576
1955 1983
1495 1633
1876 1895
727 1373
1956 1963
1860 1961
68 463
1838 1872
408 1607
1452 1609
1819 1844
1132 1295
775 1842
76 490
889 1827
70 422
820 1687
663 1415
735 1953
530 600
1044 1327
1233 1715
1282 1317
1334 1411
826 1629
1269 1866
1390 1984
1694 1955
1493 1544
1061 1706
488 1535
1380 1406
797 1882
258 524
1921 1950
1817 1879
1094 1720
1557 1590
1406 1695
1628 1753
154 675
359 1840
167 793
1490 1774
847 1121
423 521
458 1582
796 1040
1553 1771
792 816
119 570
687 1953
451 1462
1536 1711
949 1158
382 1919
815 1734
1004 1695
1789 1830
192 824
1054 1537
594 1242
576 1380
929 1955
867 1922
1272 1558
1561 1809
1075 1564
1395 1927
756 1690
1548 1924
1279 1295
1629 1859
783 1588
6 1434
1710 1923
1735 1792
1986 1999
1797 1927
1967 1980
1306 1433
340 1039
1382 1907
1148 1892
390 1170
1150 1600
1213 1310
1687 1731
260 1431
253 537
888 1288
1942 1959
937 1920
1984 1993
1046 1091
1528 1699
1464 1967
1887 1924
16 1212
1813 1900
1427 1476
995 1605
1168 1466
1326 1409
402 1946
1107 1686
1563 1643
1891 1927
1668 1684
1139 1594
365 1484
1903 1953
1856 1939
1066 1824
1918 1995
1896 1995
1603 1692
79 937
1235 1497
140 1464
1153 1752
186 558
1185 1441
1417 1621
23 468
434 658
1078 1635
823 1925
938 1523
1846 1935
407 407
1018 1423
292 557
1371 1503
442 1362
650 1084
251 1512
1373 1802
