61 34
100
48 32 64
24 39 47
60 12 47
37 30 16
11 36 14
58 61 64
47 34 1
55 4 56
4 20 40
51 36 15
28 59 24
61 58 57
57 52 30
59 19 37
39 48 30
24 43 16
13 54 29
18 42 60
7 5 12
54 5 53
22 53 66
45 29 26
16 41 57
22 44 31
57 16 39
46 53 12
4 15 47
3 6 11
40 1 29
36 37 24
17 18 27
56 32 43
17 41 41
25 43 7
40 55 34
31 42 61
33 49 26
48 65 56
16 61 64
5 36 23
51 35 64
15 31 65
4 42 44
13 50 64
14 14 49
48 55 7
53 22 66
60 66 22
19 19 25
55 55 55
46 39 10
26 27 53
40 6 23
60 49 43
47 46 20
56 9 37
12 8 33
32 54 13
52 8 15
63 40 39
22 8 20
54 4 32
29 40 8
16 59 37
43 52 24
2 36 50
47 3 31
66 58 42
65 22 52
33 50 27
5 53 32
27 31 65
27 17 20
53 59 62
36 14 23
2 9 63
46 30 13
7 16 36
63 18 37
25 15 66
14 11 16
52 9 4
65 48 37
31 64 31
22 25 7
20 63 10
23 11 9
12 38 26
12 54 11
21 46 46
63 6 16
1 52 16
14 65 16
42 37 28
6 49 13
31 2 45
19 19 5
32 11 42
42 45 51
44 8 41
