50 72
100
51 53 40
5 59 62
24 57 7
2 30 56
7 17 2
51 39 24
66 41 51
42 4 29
61 16 43
3 23 12
6 25 3
62 42 14
6 20 53
7 27 36
31 44 10
22 35 12
25 62 23
49 3 2
19 28 1
20 46 3
9 21 7
47 54 27
30 64 50
51 23 38
23 31 23
13 41 35
65 19 7
28 56 44
51 27 25
23 62 27
58 3 49
50 24 25
61 6 49
28 55 30
5 24 56
35 19 4
36 49 29
37 65 4
65 36 15
49 57 44
30 56 41
1 56 20
17 31 50
39 15 60
54 38 58
40 3 29
17 21 10
14 65 34
37 37 29
21 61 37
18 18 20
35 27 17
40 30 7
25 53 59
1 17 16
49 63 52
12 9 5
10 35 47
32 15 30
21 3 19
42 45 44
55 17 4
6 51 54
4 61 46
9 19 9
65 31 49
29 33 25
8 1 25
61 16 19
37 17 13
9 45 27
25 49 17
39 32 21
13 26 25
1 24 52
2 36 9
18 23 55
40 45 48
36 3 5
52 16 48
23 27 24
44 61 52
4 45 51
47 34 13
57 59 59
49 39 49
42 6 43
32 40 39
32 39 24
50 57 24
15 22 21
44 29 15
15 49 25
53 33 33
2 12 42
66 61 60
60 43 11
54 14 47
3 45 18
41 24 23
