300 300
300
193 151 54
62 57 179
64 172 31
52 36 2
171 141 145
168 117 99
46 196 67
133 60 123
104 35 130
32 179 199
103 69 146
25 171 112
108 163 110
3 188 37
82 179 69
1 28 121
54 154 119
167 48 79
164 136 79
97 91 97
77 146 45
158 71 149
141 46 131
144 65 186
100 82 85
190 14 40
123 155 136
141 79 114
145 130 31
101 25 107
127 173 187
122 93 182
179 162 77
94 157 60
64 162 161
116 114 99
123 199 172
99 41 172
52 166 28
192 169 63
190 130 2
21 58 107
28 86 65
157 103 37
196 84 103
136 117 122
184 165 194
114 116 88
137 123 1
64 100 53
55 96 131
49 125 24
138 115 182
73 113 78
7 172 170
34 134 164
23 25 152
90 93 39
35 190 86
163 72 79
12 86 122
112 189 33
189 84 109
119 129 80
121 31 40
159 137 68
17 128 62
15 113 150
77 54 22
186 83 16
129 7 173
149 49 68
159 156 186
184 25 74
130 141 76
81 75 53
26 88 105
137 12 6
198 28 126
85 59 132
179 191 16
95 195 92
27 136 191
168 77 150
27 36 142
184 47 162
159 145 91
133 198 102
40 62 29
72 23 175
103 79 182
42 180 118
131 109 74
52 140 152
138 110 50
66 137 171
6 121 115
35 105 132
153 49 2
132 139 54
158 77 62
34 119 163
54 191 84
66 13 93
131 33 197
2 44 94
180 158 152
74 149 175
99 182 101
188 57 53
27 68 60
64 85 85
15 197 74
86 152 152
195 56 99
127 148 75
162 155 98
177 141 16
188 84 197
67 64 155
60 25 175
131 153 36
83 191 165
101 158 179
143 3 5
31 140 198
190 168 157
127 127 91
185 119 175
104 166 15
47 29 188
8 13 3
6 61 12
57 196 120
173 103 177
198 54 172
25 76 29
55 64 71
125 169 104
51 17 161
111 165 193
14 17 83
15 32 188
193 120 47
131 196 186
2 130 124
35 101 95
139 116 151
163 2 134
148 142 123
9 150 146
176 71 144
47 103 189
125 136 108
156 141 48
144 143 178
40 89 160
72 158 153
88 132 6
94 67 178
36 66 167
92 194 179
69 190 192
96 193 141
104 116 70
130 10 124
81 187 109
67 168 112
157 2 137
137 115 87
18 72 121
73 159 39
1 152 93
76 152 5
9 106 57
155 134 17
92 131 161
194 186 183
196 125 41
14 199 180
103 161 25
126 162 169
58 169 92
183 131 146
82 53 6
98 144 178
24 13 44
17 15 189
65 195 40
189 173 101
145 97 131
133 43 66
119 52 149
21 11 71
187 108 198
172 14 37
60 182 110
34 52 2
152 81 108
55 49 100
200 16 4
100 47 36
12 103 55
176 93 174
122 169 170
121 143 162
28 8 123
177 197 47
125 164 99
76 20 167
40 86 99
137 124 54
73 189 191
197 39 191
98 48 95
135 142 148
115 136 182
130 50 78
114 34 131
97 61 44
122 58 25
166 30 160
124 116 190
107 177 46
150 51 152
57 198 150
149 168 50
121 182 69
199 29 11
102 157 19
188 146 151
71 141 131
108 137 75
19 104 168
187 160 121
85 70 77
48 141 23
40 133 65
182 36 165
91 71 146
103 22 9
84 62 119
64 104 141
62 37 157
193 141 55
17 20 34
144 3 112
43 57 18
17 106 178
87 107 105
25 153 164
2 31 54
189 166 96
49 1 135
182 12 76
85 59 141
161 24 92
87 87 63
2 143 29
180 47 171
156 171 157
152 40 136
78 168 23
5 7 34
173 133 99
56 35 79
2 84 192
82 123 169
178 89 27
10 80 130
197 85 114
29 195 99
174 169 119
195 186 52
50 161 186
122 28 89
19 94 37
132 99 18
137 131 1
129 97 128
118 13 104
160 74 148
200 92 123
198 159 6
159 139 78
90 72 104
99 113 40
198 176 71
78 34 143
181 150 10
121 37 13
106 129 128
155 172 170
109 142 174
168 190 148
21 196 74
110 18 99
198 63 41
11 71 83
7 82 3
