350 350
350
96 39 86
227 295 197
156 235 3
104 203 141
34 147 215
24 293 282
49 92 263
49 312 139
223 143 229
330 224 284
162 311 150
165 2 69
55 101 4
220 208 9
120 66 99
69 149 166
266 279 16
92 127 314
187 309 266
24 271 33
88 46 313
330 188 76
306 314 56
121 303 78
295 43 119
10 323 316
214 140 178
155 61 248
19 276 301
51 120 140
87 108 260
10 277 182
179 203 191
6 205 318
195 249 90
56 65 95
160 249 208
190 71 33
141 233 258
210 278 232
305 113 193
83 83 92
89 198 77
186 202 195
138 94 299
24 238 7
187 88 290
135 229 208
194 125 41
129 205 266
237 229 292
83 36 245
43 214 304
134 100 253
38 224 333
324 243 161
316 305 57
211 117 229
186 106 25
252 49 214
227 265 117
248 46 329
9 57 297
85 249 331
211 144 102
144 272 264
215 73 254
286 103 192
198 149 299
46 196 135
316 167 307
166 331 67
265 232 74
196 139 143
131 164 82
280 306 171
333 205 276
195 203 277
142 104 109
184 267 315
241 54 315
312 214 10
171 209 35
96 151 117
310 212 192
152 33 76
270 184 183
192 40 122
237 252 275
259 313 209
99 268 45
6 270 222
292 102 281
71 271 155
259 233 32
148 305 84
125 279 222
210 59 134
76 86 254
193 302 242
93 108 145
119 283 50
293 332 197
299 35 267
284 128 255
131 196 319
172 77 241
5 222 222
218 33 11
81 264 22
28 186 311
329 15 284
259 25 254
248 173 213
141 332 171
101 170 93
77 201 218
240 227 10
247 333 49
242 22 83
87 289 27
44 307 82
39 1 61
225 315 163
72 214 17
227 325 70
54 237 324
323 111 280
55 135 211
50 200 261
287 205 232
142 94 3
200 218 73
37 260 326
189 81 247
294 159 190
215 295 35
17 183 275
8 100 82
134 307 277
260 42 27
124 278 25
108 214 1
51 53 94
163 75 26
74 109 158
198 286 323
94 160 317
261 19 311
294 78 329
125 248 320
184 281 243
23 184 55
95 198 190
78 245 56
128 9 171
301 276 74
138 262 48
211 289 41
61 68 94
323 51 325
26 291 133
117 92 124
189 185 244
324 296 221
134 54 103
273 57 321
233 130 304
150 331 129
323 43 113
68 84 150
82 231 293
329 200 60
264 1 115
191 267 245
170 263 26
89 190 224
187 266 145
327 163 286
209 27 122
262 231 146
112 22 272
235 149 194
315 190 189
121 313 12
159 93 68
40 88 287
43 35 309
229 170 182
102 331 84
163 271 116
37 284 32
278 96 10
42 125 202
26 156 284
251 248 294
90 327 219
65 224 55
34 292 231
149 264 2
187 218 4
7 153 279
20 273 1
135 212 260
139 257 210
99 326 7
308 13 256
49 6 99
284 168 92
289 135 112
183 198 212
317 92 38
309 57 4
80 164 211
79 145 19
49 328 170
50 137 304
78 90 168
189 149 43
264 309 23
95 45 2
115 46 167
117 152 19
104 25 285
319 21 94
144 39 106
88 10 202
102 83 38
126 155 109
256 307 200
159 2 72
97 34 114
310 11 47
42 193 24
261 172 243
170 115 269
18 304 22
168 284 280
106 220 156
29 30 175
113 85 181
244 65 44
198 237 277
305 229 78
93 35 209
57 188 153
312 14 55
21 37 15
319 160 283
332 46 66
57 294 111
116 79 228
158 1 252
5 278 299
326 131 273
91 310 183
201 102 7
299 10 185
140 103 32
305 149 301
218 14 105
138 329 269
225 107 275
224 282 138
215 169 228
307 18 194
313 205 129
267 175 329
304 307 194
194 239 170
91 302 262
278 179 3
266 95 161
27 287 307
77 247 18
263 102 253
134 167 162
207 8 236
116 30 36
143 169 315
76 15 233
68 183 149
251 42 254
249 210 212
208 133 325
124 65 245
138 238 48
46 176 141
61 28 30
280 185 54
269 79 22
94 134 50
26 243 135
225 23 94
248 309 243
22 50 14
209 211 290
319 217 171
321 288 94
283 245 195
100 329 35
98 94 101
219 10 230
111 161 118
89 254 305
32 61 153
300 83 64
319 86 205
34 153 319
162 267 279
267 126 214
61 95 120
174 94 214
154 330 11
134 127 313
246 268 98
205 132 12
316 284 224
184 241 58
66 161 221
56 110 62
119 87 81
137 128 295
330 46 302
217 115 230
75 81 314
77 68 188
268 206 31
271 177 94
140 242 321
119 24 1
40 229 285
106 26 57
86 115 95
180 38 55
269 209 248
260 54 258
59 248 139
228 130 300
159 323 120
270 109 288
104 60 311
222 124 48
301 55 171
292 272 312
291 52 289
20 300 244
322 311 2
107 8 113
131 48 229
