300 300
300
116 83 24
56 88 90
71 199 27
53 153 179
58 30 151
186 135 85
62 71 157
167 85 77
155 110 94
22 136 10
171 162 39
125 163 28
86 53 40
69 159 165
31 1 145
149 24 196
180 53 186
51 127 169
196 126 163
48 73 172
185 50 60
177 138 62
140 159 139
194 98 50
97 23 178
5 70 169
98 38 102
111 16 178
200 112 187
30 100 39
133 44 44
199 161 80
25 171 65
43 163 132
196 164 81
55 21 103
27 80 97
59 172 45
136 73 118
145 17 8
90 160 98
158 17 113
145 56 35
66 97 195
10 14 138
48 59 68
66 148 72
8 166 191
78 45 181
76 95 67
140 94 91
175 98 90
98 72 108
186 101 151
23 171 78
115 184 177
70 90 173
188 100 77
169 72 169
29 196 105
36 84 191
182 101 129
50 103 157
177 132 190
45 81 153
98 17 86
141 110 58
85 32 61
14 75 70
155 17 197
167 31 107
75 18 171
17 158 114
141 96 148
69 78 55
17 33 179
79 135 88
179 90 58
93 188 199
169 3 80
91 193 140
30 48 64
69 166 49
77 155 37
183 81 196
72 117 49
31 38 115
57 31 131
185 51 175
45 95 99
31 110 58
154 104 128
42 133 86
76 55 177
144 46 83
70 154 68
167 50 78
182 138 191
69 139 63
86 66 25
168 56 115
49 125 146
24 171 116
154 144 11
110 62 196
70 124 24
86 12 1
162 140 148
59 178 175
56 138 126
19 71 185
105 21 163
156 41 50
176 194 105
67 82 137
136 42 26
176 84 147
1 135 138
18 28 38
195 100 44
40 89 101
148 143 91
57 40 189
165 28 162
194 135 72
93 48 134
75 110 76
116 32 90
80 127 150
24 50 180
52 52 43
144 166 92
141 15 134
45 100 123
6 46 184
88 126 123
107 74 115
125 92 29
44 39 193
143 79 9
176 1 89
132 109 40
114 172 128
132 100 6
196 110 27
85 98 127
28 92 145
179 89 24
33 198 37
1 119 181
55 51 47
60 77 28
12 37 7
119 132 134
196 114 107
118 133 26
122 170 126
113 71 200
159 59 55
167 42 26
17 119 165
115 170 128
91 79 72
193 64 47
188 11 9
141 45 145
17 142 8
173 59 26
45 34 107
44 46 194
176 79 44
67 108 86
192 96 150
149 123 14
139 180 145
197 102 145
170 120 14
105 121 117
190 160 1
134 115 100
197 177 68
128 138 143
181 66 197
92 92 126
15 148 147
149 124 127
14 24 75
178 178 155
57 117 80
33 125 89
167 77 148
199 25 171
80 164 61
167 172 100
119 25 70
193 39 143
129 58 29
147 77 36
165 187 66
172 194 18
189 158 96
135 115 106
20 69 94
200 133 197
120 43 185
93 127 50
61 172 83
20 21 125
136 51 190
2 76 166
181 80 118
38 35 64
197 198 139
35 195 113
42 179 78
46 2 74
166 158 59
139 1 60
40 184 184
117 56 196
164 143 9
30 38 94
54 55 45
41 115 49
196 157 58
58 155 155
113 107 43
195 103 142
3 184 106
25 165 51
3 200 44
49 40 76
104 54 8
96 145 21
77 45 123
26 43 33
56 162 34
52 31 69
89 145 58
166 192 101
76 127 36
165 85 181
7 133 102
38 152 187
114 151 103
191 182 39
78 102 3
174 92 193
102 19 80
18 122 7
15 145 137
100 157 25
141 107 160
69 19 91
5 198 98
5 11 73
153 126 175
35 197 61
38 4 29
131 74 151
32 50 118
107 146 36
161 86 72
76 131 174
107 5 70
156 15 115
158 50 129
144 68 120
72 132 128
61 54 165
85 80 191
150 110 16
191 127 90
3 12 198
151 173 186
71 158 62
62 51 8
94 47 94
55 167 10
68 36 20
25 94 44
198 154 89
124 158 39
113 61 96
20 32 9
120 29 80
170 163 74
39 122 178
44 65 106
98 185 196
39 153 70
142 108 2
165 46 14
79 51 177
87 92 39
37 115 163
38 33 192
187 72 111
137 169 1
29 78 129
