380 380
380
328 32 42
136 32 314
101 101 163
240 240 171
222 136 137
120 84 44
296 17 85
189 257 46
9 145 14
10 111 274
324 254 132
148 315 301
92 181 92
48 318 234
314 36 92
289 134 316
198 63 86
114 314 195
191 263 312
17 120 305
289 181 266
74 258 202
306 267 23
222 149 223
197 52 136
2 59 37
56 90 60
169 323 209
20 294 59
226 195 88
113 249 125
30 72 38
191 307 48
88 47 170
33 207 268
233 73 125
269 151 243
20 326 81
208 26 121
91 99 259
184 114 30
66 291 267
210 308 180
247 151 84
63 126 64
313 134 268
155 268 35
205 42 217
156 197 2
122 81 323
182 173 317
131 143 115
273 328 278
74 98 105
234 318 283
293 200 282
197 185 292
80 11 163
188 157 85
190 29 254
212 196 123
196 87 288
170 61 264
171 302 209
302 222 217
21 184 296
234 41 252
42 70 21
212 34 68
265 257 43
98 181 315
300 25 59
244 200 308
232 205 226
241 96 124
211 12 255
234 328 254
147 168 182
261 230 207
60 241 55
141 308 113
293 108 282
40 148 85
158 282 75
244 58 126
271 36 110
179 13 69
236 307 238
195 164 126
284 84 214
124 190 163
57 302 105
199 111 12
69 116 246
109 225 135
75 297 241
256 35 78
276 251 204
188 224 126
24 246 218
202 169 16
129 54 181
4 222 84
276 105 23
41 223 281
145 231 157
99 6 109
88 161 129
80 251 75
234 225 145
195 225 64
228 191 217
11 120 299
232 25 211
151 203 260
317 246 128
175 254 191
177 315 287
23 171 172
124 130 200
160 298 99
276 97 123
74 127 117
94 138 279
48 247 314
71 169 76
163 217 39
50 307 8
33 210 139
165 82 188
215 276 10
111 106 116
205 246 243
140 195 147
112 183 237
102 139 155
35 16 17
286 11 297
89 220 111
288 95 61
279 163 36
329 186 320
77 217 118
163 6 319
225 187 238
71 281 97
18 313 136
208 160 285
186 59 47
182 90 90
72 306 167
332 15 203
220 302 321
258 241 107
140 319 93
90 175 289
234 222 16
331 221 42
273 317 160
290 224 44
298 183 39
220 127 38
98 287 46
312 75 105
319 303 222
68 183 294
155 207 255
135 3 287
216 247 34
10 270 96
289 104 209
142 204 313
175 222 230
213 2 108
304 144 54
153 228 45
106 279 99
222 175 222
214 66 110
162 316 133
68 330 174
24 175 127
311 170 32
108 197 37
193 30 313
192 72 308
122 271 314
256 140 75
221 264 312
99 312 283
147 159 164
5 69 153
200 185 124
323 57 55
190 6 50
10 245 124
206 326 192
73 279 10
101 278 44
24 186 35
321 189 323
11 237 157
210 158 292
30 147 204
121 245 169
76 23 311
239 39 298
207 14 15
333 172 63
83 298 174
228 189 190
50 12 276
43 292 278
89 283 121
55 167 311
330 264 183
333 32 285
232 323 161
56 192 284
96 65 33
201 326 104
331 74 180
147 25 10
20 314 127
331 266 135
252 160 324
256 206 241
91 330 193
247 36 157
147 279 96
301 239 42
208 140 182
172 106 261
246 321 94
84 236 246
45 299 157
297 12 271
126 239 74
82 198 295
32 167 332
214 315 113
91 220 140
257 259 20
107 152 29
195 260 3
143 10 89
125 214 156
284 58 254
203 313 79
276 159 169
253 204 134
178 37 124
104 325 133
248 273 63
23 100 262
328 317 300
295 7 110
282 27 8
75 88 198
41 330 115
252 260 307
293 33 147
103 275 46
164 231 30
286 328 284
5 249 42
42 87 18
266 277 304
301 191 48
258 305 152
326 21 50
106 187 234
304 89 222
80 239 170
232 311 186
275 49 205
90 229 184
292 167 252
9 165 89
292 61 304
5 148 265
254 59 120
277 101 82
103 188 191
329 179 106
69 232 302
269 58 8
99 107 320
263 183 51
232 293 42
58 120 37
288 18 321
262 227 280
119 119 280
131 234 297
180 105 277
139 222 205
215 324 278
12 30 58
85 134 156
263 24 102
31 228 77
118 102 304
90 223 15
36 73 48
212 223 184
101 138 243
249 327 121
220 267 87
121 144 174
143 291 36
131 329 177
281 158 45
37 324 90
90 91 236
38 251 17
2 188 192
220 25 213
87 71 68
178 135 304
237 133 131
330 127 17
219 199 216
294 51 323
287 155 9
25 132 197
198 104 114
46 57 88
48 323 239
161 107 33
263 223 266
106 45 302
293 83 164
304 284 69
37 278 288
145 63 322
10 127 255
189 66 123
330 240 290
111 96 220
307 147 114
255 151 222
319 201 310
177 169 185
47 332 207
258 291 113
33 327 333
284 288 34
34 146 75
307 131 257
326 294 60
95 144 57
322 31 179
3 67 164
325 118 223
83 332 321
204 226 275
284 236 268
41 307 308
241 87 122
139 99 327
126 27 2
242 62 272
113 139 17
56 170 294
276 285 173
229 26 226
63 153 125
35 222 177
57 32 175
207 188 101
247 33 3
233 193 18
23 109 104
293 147 126
171 31 142
229 78 107
307 4 206
58 15 198
88 122 282
