312 513
79 857 7 
19 457 1 
13 673 7 
43 479 7 
5 401 1 
89 703 3 
19 809 1 
3 169 5 
57 241 1 
95 719 9 
31 897 1 
49 705 3 
19 409 9 
17 647 7 
63 199 3 
87 809 5 
67 577 5 
1 641 3 
63 231 1 
21 583 7 
23 721 3 
97 401 1 
81 103 5 
51 239 5 
35 313 3 
81 465 1 
85 759 9 
9 537 1 
41 777 3 
31 463 9 
45 513 1 
43 327 5 
40 681 1 
46 418 3 
80 835 1 
40 323 6 
80 962 8 
64 822 7 
74 797 1 
68 224 0 
18 442 2 
8 851 1 
27 847 7 
67 417 6 
4 547 7 
75 683 8 
30 242 9 
82 630 2 
38 834 2 
9 360 5 
11 204 7 
25 716 7 
77 510 6 
8 557 3 
30 689 5 
94 607 9 
20 924 4 
26 515 2 
1 870 6 
91 309 2 
19 886 8 
43 803 1 
98 540 4 
29 496 6 
47 716 5 
68 954 10 
53 74 3 
19 443 5 
89 699 5 
36 16 2 
83 837 5 
64 247 1 
52 421 1 
62 792 1 
10 225 7 
53 163 6 
55 436 7 
54 478 0 
93 430 1 
78 404 3 
38 797 5 
34 151 0 
5 170 0 
83 919 7 
18 132 6 
55 940 6 
96 836 1 
12 243 5 
7 577 1 
15 5 8 
6 598 9 
38 242 4 
23 510 7 
65 192 3 
10 349 3 
97 656 7 
24 591 3 
87 237 4 
64 836 3 
31 912 7 
83 159 9 
5 62 0 
41 24 6 
7 857 3 
60 245 7 
85 686 4 
12 687 1 
12 886 3 
55 325 1 
77 544 4 
73 84 0 
60 204 2 
66 576 4 
67 865 10 
54 558 3 
41 485 6 
66 55 10 
98 47 10 
9 789 5 
21 99 8 
91 107 2 
90 884 7 
61 630 6 
63 813 3 
87 765 8 
99 819 3 
69 600 9 
54 296 5 
94 827 3 
20 761 4 
35 155 7 
7 460 9 
91 597 7 
77 899 7 
79 127 1 
95 617 3 
37 87 5 
77 311 7 
33 137 1 
69 31 1 
15 667 1 
27 189 1 
11 221 3 
13 641 1 
69 843 1 
71 723 5 
71 57 1 
43 383 3 
51 97 7 
13 363 7 
91 963 3 
3 81 7 
1 261 5 
15 675 1 
5 175 1 
97 261 1 
69 277 1 
75 57 1 
77 101 5 
91 473 7 
73 229 1 
47 517 1 
23 821 9 
57 37 5 
59 247 9 
61 457 1 
41 435 3 
83 395 7 
17 563 1 
3 793 5 
51 31 1 
27 313 7 
83 3 1 
7 685 7 
25 331 1 
7 273 5 
47 59 9 
53 829 3 
19 395 1 
73 739 1 
3 91 9 
61 769 5 
43 245 1 
55 447 5 
61 233 5 
95 199 1 
25 411 7 
85 419 5 
65 745 7 
9 889 5 
63 837 7 
39 473 7 
87 837 3 
51 1 7 
1 269 9 
11 553 9 
7 257 1 
7 405 1 
33 499 9 
51 455 7 
29 185 3 
39 355 1 
73 869 1 
35 145 7 
43 567 7 
97 605 1 
95 385 5 
27 651 3 
11 137 7 
29 61 9 
41 897 5 
53 955 1 
3 403 3 
57 535 7 
35 251 1 
91 303 7 
1 647 7 
13 311 9 
93 719 5 
89 733 1 
55 651 7 
41 519 7 
45 411 1 
1 483 3 
95 319 3 
5 639 5 
97 591 1 
9 619 1 
25 817 9 
91 55 1 
11 477 7 
49 715 9 
20 60 1 
57 730 3 
56 197 2 
32 515 10 
2 647 6 
27 243 3 
94 956 1 
1 528 2 
55 378 5 
48 29 8 
35 856 7 
54 541 8 
78 263 8 
6 707 0 
65 356 3 
100 893 5 
77 437 1 
18 925 0 
20 722 6 
40 731 7 
88 897 7 
74 910 2 
23 200 10 
90 335 3 
97 308 2 
1 77 6 
100 402 10 
84 491 7 
20 195 9 
87 631 1 
13 343 7 
74 302 3 
21 769 4 
82 194 7 
45 90 7 
72 233 8 
75 266 5 
77 119 2 
100 232 2 
4 342 7 
38 845 7 
37 77 5 
36 175 1 
64 847 5 
96 907 4 
85 3 4 
40 835 0 
74 287 1 
92 58 1 
97 113 4 
44 5 4 
24 322 9 
45 288 1 
58 78 5 
86 647 4 
42 201 4 
58 37 2 
48 933 2 
60 841 9 
3 415 6 
97 121 4 
46 545 10 
16 121 5 
34 803 3 
62 642 9 
51 876 8 
33 515 9 
59 957 3 
97 1 7 
65 467 7 
3 903 1 
85 911 1 
39 427 1 
65 191 5 
33 239 1 
69 855 3 
17 481 7 
63 393 9 
95 801 1 
21 245 1 
