241 1957
61 871 1 
49 759 7 
31 367 3 
29 369 3 
31 417 7 
51 735 9 
1 415 3 
87 263 3 
31 303 1 
23 609 1 
65 983 1 
37 591 1 
95 911 7 
67 135 7 
39 351 5 
7 113 9 
29 17 3 
87 593 5 
55 263 1 
21 223 1 
23 567 9 
35 959 5 
33 241 7 
93 975 3 
35 673 1 
31 223 5 
87 929 5 
19 711 5 
95 705 1 
85 601 7 
61 985 7 
93 841 3 
91 201 3 
51 119 1 
57 367 1 
87 481 7 
43 577 5 
3 935 5 
97 73 3 
45 465 3 
19 761 7 
5 7 5 
65 297 7 
33 15 7 
89 225 5 
31 975 5 
51 735 1 
93 705 7 
53 321 9 
35 199 7 
7 847 7 
33 767 1 
51 793 9 
39 711 3 
85 679 3 
35 553 5 
25 537 1 
1 183 9 
83 329 1 
71 481 5 
59 753 9 
23 553 1 
21 993 1 
57 23 7 
19 169 1 
73 265 1 
69 391 7 
7 477 5 
43 183 3 
37 589 3 
9 367 7 
45 395 5 
3 755 1 
19 489 7 
39 577 9 
83 409 9 
83 781 1 
17 307 7 
73 563 5 
35 15 9 
25 643 3 
17 279 5 
21 767 1 
63 163 3 
61 445 1 
85 829 5 
81 509 9 
77 199 1 
47 903 1 
7 351 3 
95 793 5 
67 265 1 
7 155 5 
53 789 7 
67 509 1 
83 823 7 
1 153 5 
35 311 5 
53 423 9 
41 343 5 
75 299 5 
93 43 1 
61 269 9 
47 967 1 
81 463 7 
31 361 1 
85 289 1 
47 385 5 
57 849 3 
21 835 1 
17 371 1 
35 941 7 
57 301 1 
7 789 7 
95 593 3 
21 749 7 
31 373 1 
23 369 3 
1 133 5 
17 33 7 
75 607 9 
1 657 7 
87 873 5 
73 391 1 
33 427 7 
21 511 7 
23 353 1 
75 563 3 
67 295 7 
5 815 1 
75 461 5 
3 69 3 
43 215 3 
69 743 5 
83 301 9 
47 271 5 
9 751 5 
97 127 3 
39 493 1 
33 409 5 
37 231 5 
41 901 9 
35 847 5 
97 905 1 
23 937 3 
17 43 3 
15 889 1 
1 159 3 
31 601 3 
1 551 1 
31 281 1 
23 465 1 
25 647 9 
13 347 3 
85 181 5 
33 7 1 
67 87 3 
89 349 9 
81 113 3 
33 971 9 
77 371 1 
53 23 1 
71 673 9 
51 427 3 
21 937 3 
47 577 1 
13 335 1 
87 71 9 
95 263 1 
23 935 1 
59 71 1 
9 705 3 
3 785 7 
73 801 7 
71 903 1 
25 855 7 
21 201 3 
37 201 7 
15 721 5 
61 783 5 
27 969 1 
43 959 7 
25 265 5 
69 689 3 
75 217 7 
13 431 3 
9 87 3 
3 743 1 
47 399 1 
15 977 1 
19 105 3 
59 799 7 
25 503 1 
3 153 3 
73 751 9 
97 703 3 
63 799 7 
1 855 5 
61 55 1 
19 761 5 
75 855 3 
85 225 1 
97 239 1 
89 449 9 
27 351 5 
53 577 1 
33 97 3 
27 953 7 
33 593 1 
77 49 7 
65 439 1 
73 513 7 
39 431 3 
61 743 1 
1 769 7 
67 377 7 
15 223 1 
79 95 9 
71 353 3 
85 159 7 
35 825 5 
73 15 1 
85 865 7 
39 815 1 
77 607 1 
63 625 5 
91 703 1 
13 95 9 
79 847 5 
57 111 7 
97 655 7 
43 863 3 
85 55 1 
85 537 7 
93 405 5 
75 885 1 
93 419 9 
39 279 3 
9 189 5 
95 125 5 
61 805 5 
