259 2409
41 417 1 
67 105 5 
91 185 5 
1 225 7 
71 641 9 
69 281 7 
55 111 1 
1 295 3 
55 887 3 
93 783 5 
15 983 1 
37 495 1 
45 193 7 
21 271 5 
47 49 3 
87 129 1 
69 551 7 
57 695 7 
3 175 5 
47 985 1 
79 391 1 
65 175 7 
5 481 9 
85 433 1 
49 111 7 
31 495 5 
83 79 7 
9 375 3 
27 833 5 
29 463 3 
3 841 7 
31 113 1 
31 513 1 
85 985 9 
53 503 1 
63 407 9 
63 201 7 
45 17 9 
43 993 1 
33 359 1 
17 745 5 
23 207 3 
67 903 1 
37 239 7 
47 895 7 
25 705 3 
75 665 1 
1 633 3 
87 967 7 
13 239 3 
85 215 9 
33 447 1 
35 585 3 
37 17 3 
49 9 3 
1 457 3 
23 583 5 
75 175 1 
39 103 1 
93 457 1 
19 535 3 
65 407 7 
83 265 5 
83 329 1 
5 233 3 
45 905 1 
13 23 5 
55 521 3 
5 623 1 
57 87 3 
89 519 7 
59 287 1 
67 343 3 
87 785 9 
37 785 7 
51 185 5 
63 625 9 
95 519 3 
87 111 3 
31 71 7 
81 865 7 
85 585 5 
69 785 1 
75 975 3 
61 873 9 
3 753 7 
19 937 1 
83 417 1 
71 545 7 
31 935 3 
57 575 7 
21 55 7 
95 217 1 
25 111 7 
53 865 7 
39 863 1 
13 129 7 
13 247 5 
83 233 7 
1 833 7 
71 305 1 
1 623 7 
23 447 1 
17 751 9 
47 553 1 
49 847 7 
41 881 7 
33 799 1 
35 31 9 
53 657 3 
35 297 9 
5 473 7 
83 671 5 
19 695 5 
75 431 1 
15 129 7 
1 623 5 
97 97 3 
17 623 3 
73 969 7 
29 241 5 
83 311 7 
1 543 5 
1 697 5 
43 495 1 
75 767 1 
87 215 1 
1 561 1 
49 415 7 
89 873 1 
87 73 7 
85 959 9 
11 977 5 
17 625 3 
69 479 7 
13 417 7 
33 159 1 
11 759 3 
87 681 5 
5 649 1 
69 833 7 
83 577 3 
17 455 1 
11 257 7 
87 87 9 
13 695 1 
23 537 7 
29 391 1 
25 425 3 
33 585 1 
59 921 5 
53 489 3 
75 433 5 
69 847 3 
39 897 5 
1 663 3 
9 647 3 
19 335 1 
87 249 7 
75 751 5 
31 255 9 
81 575 1 
17 353 7 
43 223 3 
67 975 7 
77 553 7 
45 721 3 
67 737 7 
53 737 3 
33 455 5 
77 271 1 
65 855 9 
65 135 7 
33 761 5 
25 137 7 
47 887 5 
53 89 5 
59 535 5 
71 351 9 
93 465 1 
79 991 7 
55 577 5 
49 79 3 
95 855 5 
35 15 1 
95 521 5 
5 695 7 
93 57 1 
93 113 3 
19 969 5 
25 847 3 
59 903 3 
83 897 9 
77 785 1 
79 743 9 
73 15 9 
31 361 1 
33 1 3 
3 503 1 
77 57 3 
77 15 5 
3 745 1 
57 79 3 
1 231 3 
43 223 9 
43 593 5 
97 887 1 
33 457 3 
61 617 3 
95 833 3 
37 975 9 
13 809 9 
89 223 1 
5 849 1 
27 193 9 
45 881 5 
79 415 3 
87 263 9 
15 423 5 
1 751 5 
95 247 3 
71 705 3 
37 503 7 
57 935 1 
83 463 1 
9 191 5 
69 273 9 
77 63 1 
49 289 1 
39 465 7 
55 911 3 
93 209 1 
45 183 5 
17 833 7 
53 631 3 
33 601 5 
77 81 7 
15 991 3 
25 841 3 
17 743 7 
27 65 5 
23 687 1 
13 407 7 
15 849 7 
17 855 5 
93 761 5 
75 831 7 
3 577 5 
1 905 1 
71 385 7 
67 727 5 
59 679 5 
45 89 1 
37 513 3 
41 361 7 
21 15 5 
37 87 9 
37 945 1 
95 7 7 
