283 1717
27 665 7 
31 105 3 
43 625 7 
71 809 1 
75 391 3 
21 729 3 
75 663 9 
43 633 1 
43 17 7 
81 657 5 
73 199 5 
89 937 1 
7 543 5 
1 615 3 
1 225 7 
33 769 7 
5 841 1 
21 111 1 
19 529 5 
79 1 3 
49 529 9 
61 935 1 
63 143 9 
1 89 3 
85 471 9 
65 961 1 
73 911 7 
1 601 1 
89 793 5 
17 407 1 
83 553 5 
29 535 3 
17 327 1 
11 855 3 
45 241 7 
17 481 7 
13 377 5 
37 551 3 
17 297 7 
61 849 3 
37 471 5 
53 529 3 
33 855 1 
43 807 5 
37 993 7 
81 313 1 
83 489 3 
21 335 1 
15 719 9 
75 737 3 
49 185 5 
11 511 1 
47 487 5 
61 631 3 
23 633 3 
11 793 7 
95 991 5 
61 697 3 
5 783 7 
21 785 3 
41 855 9 
75 33 9 
47 287 5 
29 33 9 
3 983 7 
3 41 3 
88 539 5 
37 90 8 
62 426 2 
95 568 1 
51 910 5 
29 929 3 
44 738 1 
37 669 5 
20 60 6 
91 380 9 
15 884 1 
42 812 5 
79 846 2 
78 677 6 
32 484 4 
44 133 3 
54 399 10 
85 8 6 
9 485 7 
24 958 6 
71 566 1 
5 347 8 
48 733 6 
37 615 7 
74 34 6 
93 328 6 
32 493 6 
46 445 2 
64 174 9 
95 696 4 
10 551 3 
10 674 6 
52 969 2 
90 811 7 
3 433 3 
7 400 5 
63 318 2 
77 295 2 
13 586 7 
47 63 5 
14 440 8 
84 184 9 
91 504 1 
75 476 1 
79 472 3 
6 179 3 
58 687 9 
55 17 4 
14 548 9 
17 587 2 
40 757 6 
37 614 10 
30 777 8 
2 223 10 
96 930 2 
35 238 1 
53 582 3 
26 161 4 
3 603 7 
21 286 0 
52 51 1 
38 677 9 
7 627 6 
89 52 1 
79 664 5 
55 183 2 
85 359 7 
93 953 7 
47 635 7 
87 665 5 
69 65 7 
63 469 7 
5 863 3 
13 969 5 
93 829 9 
41 717 3 
69 221 1 
7 555 1 
71 201 1 
39 267 3 
11 279 5 
53 795 7 
5 445 5 
55 231 7 
55 927 9 
45 775 1 
81 301 3 
93 325 5 
85 925 3 
31 841 1 
19 951 9 
19 207 7 
15 423 9 
69 227 5 
11 635 5 
59 547 9 
19 185 1 
21 511 9 
27 635 1 
67 695 5 
49 169 7 
19 341 3 
79 781 7 
53 887 9 
19 267 1 
9 839 1 
1 803 5 
9 35 1 
59 105 5 
47 613 1 
39 459 7 
71 109 1 
71 141 1 
15 977 5 
5 313 3 
35 995 3 
7 897 5 
57 805 1 
27 213 3 
3 947 1 
99 535 7 
59 9 1 
93 317 5 
95 617 1 
63 589 1 
95 683 3 
45 343 7 
77 697 7 
71 679 3 
97 39 3 
65 1 7 
85 797 9 
31 523 3 
21 75 9 
13 681 5 
77 195 5 
5 243 7 
7 509 7 
69 283 3 
69 109 7 
1 397 1 
81 929 7 
35 457 1 
81 319 1 
9 97 1 
89 757 9 
81 345 7 
83 641 9 
93 819 1 
83 315 1 
59 589 3 
15 789 5 
27 681 5 
1 45 1 
37 557 7 
65 691 1 
83 149 7 
67 57 1 
3 233 1 
51 157 7 
47 881 5 
61 369 1 
91 781 1 
43 9 7 
79 547 5 
38 67 1 
90 30 1 
47 229 8 
43 118 8 
79 282 9 
25 50 0 
35 190 10 
45 972 7 
10 90 5 
94 530 3 
36 729 6 
4 484 2 
11 811 7 
13 696 0 
47 681 6 
7 236 7 
64 462 3 
77 303 7 
20 884 5 
18 747 6 
2 372 4 
89 868 5 
65 268 4 
50 805 5 
45 782 6 
44 39 9 
79 917 5 
79 222 6 
43 737 5 
25 206 10 
61 35 4 
22 696 5 
35 48 4 
33 118 2 
41 305 3 
25 809 8 
74 780 8 
7 215 5 
74 450 1 
28 694 9 
23 162 8 
61 841 1 
68 16 5 
37 608 3 
50 242 0 
17 669 5 
56 31 4 
98 237 2 
59 422 1 
19 336 7 
97 58 10 
12 536 9 
