215 1561
37 135 1 
75 783 1 
67 655 3 
75 649 1 
5 873 9 
15 79 5 
43 663 1 
53 351 5 
9 783 1 
31 143 9 
87 583 1 
67 17 5 
17 233 1 
41 303 5 
29 415 1 
69 151 5 
81 345 7 
57 753 7 
23 945 9 
47 263 5 
91 319 7 
73 559 7 
49 679 3 
33 895 3 
69 975 3 
85 591 5 
61 57 5 
13 729 3 
91 431 7 
21 343 3 
43 831 7 
27 257 1 
3 519 7 
9 791 1 
5 239 1 
73 889 5 
9 729 9 
83 865 1 
67 129 5 
47 295 1 
83 137 9 
13 33 1 
55 553 7 
75 905 1 
5 871 1 
95 751 3 
1 55 9 
53 753 3 
35 199 7 
39 239 7 
75 65 3 
43 113 7 
69 177 3 
47 737 1 
55 79 7 
53 873 3 
1 33 5 
81 71 7 
59 897 5 
77 537 5 
97 569 5 
39 737 3 
55 375 5 
63 895 7 
73 287 3 
9 239 7 
88 723 3 
33 929 8 
49 651 5 
40 882 4 
30 533 2 
20 881 4 
31 934 7 
51 789 0 
98 22 1 
33 685 1 
22 79 7 
61 102 4 
47 264 2 
40 937 7 
87 375 0 
80 722 8 
40 274 2 
55 577 8 
45 771 1 
29 311 0 
64 767 6 
4 24 2 
24 165 5 
76 462 0 
2 598 2 
35 708 6 
32 229 5 
76 275 7 
24 604 6 
69 662 1 
4 188 2 
53 338 7 
32 504 2 
15 447 8 
24 431 3 
28 866 9 
81 497 9 
22 214 1 
95 820 1 
12 60 7 
70 747 4 
53 723 6 
41 384 1 
53 821 2 
71 331 3 
28 730 2 
27 552 6 
38 411 3 
58 264 5 
41 816 4 
74 559 6 
64 4 6 
9 397 4 
5 475 9 
55 254 1 
4 507 2 
55 451 1 
89 450 6 
33 450 0 
33 939 2 
35 851 0 
11 594 3 
48 98 1 
2 326 2 
47 971 9 
84 773 4 
55 566 3 
5 15 7 
99 837 7 
39 513 3 
1 291 9 
7 531 7 
47 351 1 
5 237 3 
57 631 5 
67 767 1 
91 353 3 
13 801 1 
13 605 1 
85 137 1 
9 487 7 
5 691 1 
59 195 5 
39 491 1 
7 107 1 
9 85 1 
97 531 1 
11 421 5 
71 95 3 
27 187 7 
51 865 5 
69 49 3 
81 273 1 
59 543 1 
5 735 5 
15 835 9 
33 653 7 
11 37 5 
69 699 3 
35 481 1 
37 749 9 
59 457 7 
53 61 5 
13 231 1 
87 821 3 
67 921 7 
21 791 3 
33 813 1 
25 575 5 
61 773 9 
51 33 7 
41 991 3 
47 665 9 
93 59 1 
9 719 1 
73 341 3 
73 875 3 
55 225 7 
33 493 1 
1 767 7 
37 285 9 
7 397 1 
73 727 5 
35 597 1 
1 423 9 
81 269 5 
55 201 7 
75 19 5 
27 677 1 
33 915 5 
31 673 1 
73 271 7 
63 147 9 
87 919 5 
99 723 5 
35 333 9 
1 349 1 
19 701 3 
31 445 1 
27 223 3 
87 411 5 
11 263 3 
9 225 3 
77 399 1 
1 271 9 
21 413 3 
59 493 7 
73 217 5 
33 787 3 
