221 239
63 943 1 
91 689 7 
97 55 5 
5 135 1 
29 73 1 
17 383 7 
11 655 5 
95 95 7 
31 879 5 
1 121 7 
31 671 5 
41 25 7 
37 711 1 
3 121 1 
57 175 5 
1 623 7 
41 129 1 
19 401 9 
55 249 1 
87 521 1 
51 807 3 
7 801 7 
77 201 9 
49 271 5 
83 199 5 
91 519 5 
73 359 3 
1 937 7 
23 769 5 
79 521 7 
45 279 9 
79 215 1 
37 113 3 
97 833 3 
67 65 7 
3 513 3 
5 31 1 
1 199 1 
31 183 7 
21 833 1 
85 625 1 
65 529 1 
57 375 3 
35 241 3 
7 985 7 
91 71 5 
57 825 1 
63 473 9 
37 577 1 
13 423 1 
57 487 1 
13 15 3 
27 473 3 
55 577 3 
83 657 3 
27 823 1 
77 833 7 
53 473 1 
51 375 1 
23 49 1 
83 23 3 
31 943 1 
15 897 5 
33 127 9 
67 95 7 
89 913 3 
7 693 5 
87 655 5 
65 51 9 
79 11 7 
45 145 3 
35 697 3 
29 69 3 
89 553 1 
77 953 5 
37 447 1 
49 733 5 
65 731 7 
79 381 3 
15 153 5 
1 615 5 
69 825 9 
65 429 1 
53 963 3 
97 967 5 
35 705 7 
67 709 3 
47 421 9 
7 237 1 
83 733 9 
1 193 5 
59 51 5 
19 507 9 
1 301 5 
37 259 1 
95 335 7 
69 239 7 
9 673 3 
45 449 5 
23 527 5 
17 981 3 
21 215 7 
41 299 1 
13 113 7 
27 739 1 
89 269 1 
33 665 7 
49 715 1 
77 31 5 
61 161 1 
19 211 7 
67 97 1 
9 665 5 
31 543 5 
17 631 3 
93 41 3 
91 163 7 
49 911 1 
23 999 7 
97 351 7 
25 125 1 
31 863 5 
29 727 1 
65 477 7 
69 841 1 
33 533 1 
67 45 5 
31 911 5 
75 913 5 
1 329 7 
87 91 1 
83 643 3 
63 309 1 
55 393 1 
21 21 7 
31 795 1 
81 793 1 
41 713 3 
53 683 7 
53 417 3 
1 451 1 
25 847 1 
11 811 5 
65 625 3 
71 267 7 
59 765 5 
63 981 7 
71 677 7 
23 367 1 
83 135 5 
17 333 1 
29 357 1 
69 51 3 
97 533 7 
31 447 5 
73 955 5 
29 527 7 
95 513 7 
53 707 7 
87 221 3 
61 339 1 
63 381 3 
7 729 1 
29 901 1 
7 51 3 
43 163 1 
11 343 1 
55 939 9 
5 165 7 
79 431 5 
97 507 1 
53 3 1 
1 393 7 
71 25 7 
29 743 3 
77 563 7 
79 253 1 
7 991 7 
61 171 7 
33 325 3 
73 175 3 
89 233 5 
53 695 1 
35 335 5 
9 243 1 
69 749 5 
89 849 3 
81 3 9 
85 231 5 
75 15 1 
17 381 1 
25 649 5 
7 439 1 
75 293 1 
79 895 3 
69 349 1 
43 67 9 
63 47 1 
97 251 5 
3 803 5 
97 409 9 
85 491 3 
87 829 1 
41 543 3 
43 23 1 
51 383 7 
75 677 5 
65 497 7 
81 361 5 
53 759 1 
73 373 3 
61 57 3 
85 459 3 
69 517 3 
81 471 7 
3 393 7 
53 693 1 
25 839 1 
7 359 5 
49 339 1 
93 887 3 
