57 3317
13 551 5 
59 551 7 
69 297 3 
67 647 7 
59 927 1 
35 113 1 
29 207 5 
1 745 1 
97 583 7 
85 135 7 
31 425 5 
43 183 1 
27 769 3 
25 977 5 
35 959 3 
49 391 7 
85 433 1 
69 769 9 
91 897 5 
51 289 5 
31 305 1 
69 543 5 
97 153 5 
31 849 7 
31 553 9 
61 705 1 
73 863 9 
63 847 3 
51 449 3 
73 287 7 
33 839 7 
31 775 3 
67 839 5 
45 561 3 
97 319 7 
79 255 5 
69 649 5 
39 87 5 
11 681 1 
91 409 1 
63 887 1 
39 993 7 
71 207 7 
25 159 5 
39 215 5 
5 223 1 
95 497 7 
63 55 3 
41 127 5 
29 159 1 
33 687 3 
9 431 7 
15 529 7 
9 975 5 
97 215 3 
27 505 1 
69 743 5 
