303 1209
25 641 3 
43 737 5 
25 41 1 
81 641 7 
93 65 9 
63 455 1 
57 57 1 
95 217 1 
91 321 9 
87 761 1 
37 689 5 
11 345 3 
25 415 1 
87 191 5 
79 265 3 
65 479 3 
41 793 1 
51 329 5 
89 641 9 
73 375 5 
83 489 1 
1 279 3 
53 767 3 
65 927 7 
11 481 9 
27 975 1 
51 687 9 
97 719 5 
21 87 5 
81 767 3 
83 881 5 
81 583 1 
35 801 5 
5 569 1 
27 45 1 
3 911 5 
9 127 1 
15 549 1 
21 3 3 
79 731 1 
25 103 9 
85 25 7 
85 455 3 
87 843 7 
27 557 9 
33 663 1 
39 813 1 
5 795 5 
71 397 7 
1 783 5 
57 1 1 
85 771 1 
49 811 1 
47 667 1 
29 329 7 
51 619 3 
63 57 3 
63 857 1 
59 321 3 
25 367 1 
75 875 7 
5 857 3 
29 955 5 
51 625 5 
37 827 7 
85 781 9 
69 721 5 
45 959 5 
11 525 7 
27 951 3 
49 71 9 
3 333 5 
31 811 1 
3 449 9 
25 857 5 
55 833 5 
43 387 5 
57 799 7 
63 101 7 
13 201 3 
95 275 9 
97 727 5 
83 255 1 
1 989 1 
71 949 7 
11 631 5 
67 551 1 
29 747 7 
19 513 9 
57 653 1 
57 349 3 
21 983 3 
67 1 1 
75 887 5 
57 453 5 
55 505 5 
25 175 9 
27 907 1 
81 259 7 
97 941 5 
21 995 5 
29 495 7 
75 861 3 
29 733 3 
89 329 1 
21 739 9 
93 181 1 
69 407 3 
1 963 1 
27 119 7 
49 557 1 
61 189 3 
79 233 9 
43 345 3 
37 261 3 
23 135 1 
51 917 3 
29 467 1 
15 341 5 
7 751 1 
47 77 1 
51 539 3 
75 139 5 
31 347 1 
21 363 3 
51 527 9 
9 117 3 
25 211 1 
47 273 9 
63 767 9 
55 775 9 
23 961 9 
29 899 5 
85 789 3 
57 819 7 
97 921 9 
81 549 1 
27 323 3 
45 643 1 
15 963 5 
41 127 9 
27 749 1 
85 407 3 
49 573 3 
27 801 1 
81 255 1 
95 81 9 
87 11 1 
23 669 1 
89 145 9 
47 635 7 
91 973 1 
89 507 5 
49 257 3 
69 633 7 
43 163 1 
93 617 5 
55 783 7 
53 679 1 
73 933 5 
25 193 3 
23 515 5 
45 413 1 
73 449 7 
41 635 1 
57 117 3 
55 815 5 
3 367 7 
3 923 1 
61 33 1 
79 199 3 
3 277 7 
67 701 9 
51 521 5 
25 677 1 
95 375 1 
93 163 7 
77 31 1 
51 711 5 
41 611 1 
25 475 7 
85 515 5 
61 649 5 
55 571 1 
11 185 3 
69 257 9 
3 855 1 
59 509 3 
21 759 9 
77 927 3 
55 649 1 
7 267 7 
83 707 1 
35 717 3 
93 295 7 
55 353 7 
57 879 5 
53 977 5 
1 599 5 
45 61 1 
61 267 3 
3 47 5 
25 493 5 
33 347 1 
39 525 1 
77 133 9 
31 71 9 
9 471 3 
59 197 5 
91 293 3 
43 67 1 
65 161 3 
17 869 7 
17 935 1 
51 81 7 
39 639 9 
77 971 1 
33 737 1 
93 579 5 
19 651 3 
29 947 3 
55 305 7 
59 567 9 
25 981 5 
11 113 9 
85 571 1 
1 563 7 
71 445 3 
97 191 1 
17 677 3 
91 521 7 
69 595 7 
57 437 7 
57 173 3 
63 919 5 
19 965 9 
17 733 3 
37 413 3 
85 357 3 
85 641 7 
3 71 1 
67 701 3 
27 173 3 
83 177 1 
1 517 1 
25 177 3 
19 497 1 
75 353 9 
45 903 1 
37 783 3 
69 827 7 
35 311 3 
51 941 1 
11 619 3 
9 957 9 
85 383 3 
91 137 3 
25 927 3 
53 865 1 
23 863 1 
3 251 1 
23 897 1 
51 245 9 
1 261 3 
57 911 9 
97 855 7 
75 275 7 
91 801 3 
1 257 3 
75 325 1 
65 587 1 
15 891 3 
25 743 7 
21 905 3 
95 869 7 
59 649 1 
41 121 7 
41 979 5 
89 721 9 
83 777 7 
23 615 7 
45 523 9 
7 605 5 
71 261 9 
57 365 1 
95 619 5 
91 963 5 
27 527 3 
17 707 7 
75 405 5 
97 875 7 
93 629 7 
53 787 1 
95 641 5 
15 47 3 
85 233 3 
83 675 7 
85 91 7 
35 599 1 
37 521 1 
27 497 1 
89 473 3 
75 239 1 
