200 100 100
14 27 15 28 17 18 21 19 14 10 21 13 11 19 11 22 15 27 17 13 17 28 11 27 19 21 20 22 25 23 29 19 11 28 16 28 11 10 12 18 10 13 23 22 24 15 28 19 13 27 26 20 15 24 12 18 18 15 19 28 12 23 21 21 13 25 28 17 27 23 10 16 21 16 21 11 13 25 22 17 21 26 13 13 28 24 29 28 13 18 10 14 18 26 18 16 24 21 25 12
56 1
53 2
46 3
52 4
91 5
87 6
83 7
88 8
83 9
70 10
72 11
43 12
83 13
73 14
61 15
76 16
91 17
49 18
38 19
85 20
99 21
50 22
37 23
84 24
83 25
90 26
53 27
75 28
57 29
68 30
80 31
97 32
66 33
76 34
70 35
95 36
49 37
55 38
67 39
41 40
84 41
99 42
56 43
34 44
58 45
81 46
62 47
47 48
87 49
62 50
72 51
87 52
42 53
94 54
40 55
59 56
39 57
87 58
80 59
46 60
36 61
30 62
87 63
52 64
56 65
74 66
83 67
90 68
70 69
51 70
97 71
85 72
89 73
34 74
87 75
50 76
34 77
36 78
87 79
60 80
82 81
81 82
81 83
81 84
35 85
69 86
47 87
91 88
44 89
85 90
86 91
83 92
50 93
64 94
30 95
97 96
77 97
68 98
97 99
92 100
34 63
91 1
71 28
63 86
50 95
88 3
87 3
84 15
72 3
30 43
89 41
88 87
90 44
44 26
32 48
42 89
39 93
67 93
33 2
94 64
56 71
32 14
92 25
61 39
34 97
69 100
58 71
48 86
66 40
89 30
60 87
46 44
48 28
89 53
82 94
30 98
53 26
31 66
51 7
62 70
74 4
72 13
94 36
84 82
54 8
51 60
67 2
53 73
45 49
74 76
53 1
89 21
80 68
67 40
93 1
73 20
99 52
80 5
45 70
32 26
63 19
44 72
76 1
49 57
79 31
90 16
71 94
41 1
70 34
64 3
67 36
80 5
70 62
91 86
62 19
94 72
39 73
38 46
81 69
78 48
67 74
68 7
43 57
56 10
96 51
96 45
59 54
38 8
45 49
83 54
66 39
67 74
77 63
38 77
63 69
70 98
92 11
31 42
58 18
66 24
