200 100 80
12 15 24 17 21 27 16 13 10 28 10 17 13 28 12 16 15 24 20 20 25 14 18 17 15 26 17 24 17 11 27 13 26 12 26 25 22 15 21 28 27 16 12 10 16 26 19 12 24 29 17 29 25 19 11 10 12 20 18 11 11 24 23 28 18 16 10 23 22 19 21 25 11 15 18 14 19 22 10 12
82 1
40 2
53 3
37 4
50 5
86 6
70 7
70 8
63 9
88 10
95 11
97 12
56 13
40 14
98 15
79 16
47 17
41 18
92 19
62 20
76 21
62 22
89 23
30 24
81 25
44 26
68 27
88 28
83 29
33 30
94 31
72 32
79 33
42 34
79 35
34 36
83 37
80 38
42 39
37 40
99 41
67 42
76 43
54 44
47 45
39 46
68 47
76 48
68 49
84 50
65 51
93 52
92 53
52 54
61 55
65 56
60 57
65 58
44 59
42 60
84 61
66 62
80 63
80 64
91 65
47 66
64 67
82 68
97 69
62 70
51 71
72 72
59 73
58 74
80 75
73 76
93 77
80 78
79 79
97 80
80 11
87 61
55 40
33 5
81 64
90 45
39 36
80 57
53 39
96 58
91 13
37 26
39 66
63 54
71 31
97 51
63 56
82 26
31 10
73 22
63 35
33 33
64 18
86 57
44 1
33 56
75 47
68 21
38 3
46 5
56 30
90 6
97 33
94 61
63 63
93 62
33 52
77 28
36 6
83 50
79 42
31 17
56 10
45 59
93 22
96 63
91 25
30 22
92 77
77 62
96 33
44 20
44 74
63 55
35 24
66 59
38 75
32 28
63 5
40 51
97 33
97 61
59 53
48 10
82 52
90 20
60 7
68 49
87 29
88 10
79 65
45 77
38 11
83 80
42 41
38 23
35 62
61 7
68 28
66 60
68 79
99 8
56 26
52 29
94 54
58 29
54 23
53 16
40 18
68 38
51 76
74 77
90 5
34 53
33 21
89 34
31 21
37 2
94 17
92 80
56 76
93 24
77 69
80 12
39 56
41 6
59 8
66 14
55 44
50 79
97 40
56 69
61 62
34 26
85 20
35 2
72 71
68 34
44 64
58 24
