100 100 30
12 20 15 28 14 28 26 17 20 23 13 29 22 25 29 12 28 24 16 12 25 21 17 20 26 11 12 28 24 13
48 1
76 2
51 3
90 4
47 5
43 6
60 7
69 8
77 9
71 10
38 11
64 12
46 13
54 14
85 15
59 16
68 17
48 18
52 19
42 20
62 21
33 22
97 23
45 24
99 25
81 26
75 27
57 28
62 29
44 30
60 20
91 29
66 12
99 8
55 1
34 13
91 3
78 7
50 21
49 14
76 14
81 5
33 12
50 23
43 12
76 8
67 11
89 27
90 8
51 9
74 13
93 17
62 24
75 25
52 24
69 2
81 9
42 3
59 15
94 24
49 17
62 7
68 10
30 12
43 7
45 7
49 27
50 12
81 27
62 15
84 21
47 11
82 1
56 3
82 6
78 21
31 13
38 28
86 22
92 14
39 24
35 21
71 27
74 19
65 13
79 5
65 16
71 14
74 15
66 23
55 26
82 8
72 9
97 27
34 26
30 19
82 16
84 7
90 12
42 19
