100 100 20
17 10 13 15 14 14 11 10 15 25 24 24 25 16 14 15 23 19 19 26
78 1
43 2
41 3
51 4
88 5
94 6
40 7
98 8
88 9
88 10
80 11
32 12
43 13
83 14
34 15
31 16
86 17
72 18
81 19
96 20
90 15
97 17
86 14
87 7
93 7
31 8
65 16
32 19
55 9
77 15
90 4
31 5
70 16
87 3
37 20
81 2
49 2
83 17
99 6
55 7
75 5
97 8
63 1
58 11
87 11
61 6
46 6
46 5
63 10
70 20
72 17
33 7
85 5
68 15
76 18
54 18
31 12
44 19
41 12
71 20
31 4
78 4
50 17
72 8
33 5
92 8
66 8
38 6
58 6
44 18
53 10
76 4
68 1
48 18
96 6
81 13
73 12
54 3
90 16
44 11
75 9
41 12
56 14
83 1
37 19
70 8
39 14
56 17
89 15
39 1
68 13
63 16
60 8
82 12
63 20
66 16
71 3
41 8
35 6
60 13
