200 80 30
20 25 27 18 23 28 27 17 10 13 17 18 26 24 12 22 28 17 17 25 14 17 24 13 19 26 24 24 19 21
69 1
45 2
63 3
65 4
37 5
86 6
96 7
63 8
30 9
55 10
74 11
61 12
37 13
87 14
70 15
64 16
52 17
34 18
99 19
39 20
35 21
37 22
53 23
75 24
43 25
94 26
85 27
68 28
32 29
92 30
39 17
94 5
68 15
74 5
41 5
40 27
55 11
39 21
56 23
83 27
91 4
82 28
49 19
59 30
43 12
49 27
50 12
66 1
84 17
41 8
77 7
56 19
83 30
60 12
91 8
31 20
97 26
47 26
49 25
68 26
51 14
67 7
69 17
84 13
85 9
66 20
66 24
96 18
90 22
77 29
90 9
33 17
42 14
86 18
96 15
69 2
72 16
54 21
83 20
76 14
36 29
82 5
57 3
61 18
93 9
89 3
73 7
85 12
45 24
81 26
53 17
46 16
66 20
74 2
87 16
70 24
69 17
31 9
79 29
67 26
35 2
90 16
48 25
66 11
57 7
54 9
35 28
83 26
70 23
94 19
32 12
94 25
71 11
62 4
59 3
38 9
37 14
31 8
65 3
55 25
59 24
65 9
72 13
93 22
94 2
66 16
63 24
50 30
69 12
76 30
52 29
35 23
52 15
58 10
77 9
76 20
91 15
72 24
77 12
63 6
97 11
42 25
63 6
43 19
38 25
95 17
73 1
80 28
72 4
83 26
67 20
90 30
96 4
79 7
37 27
55 16
46 21
66 8
72 11
73 28
85 10
34 6
39 30
92 8
81 15
48 27
84 27
75 23
47 7
66 28
85 15
54 12
58 23
56 14
59 7
49 24
64 3
71 20
53 7
39 14
77 25
81 29
59 21
84 20
37 5
44 26
86 22
96 3
40 16
78 1
75 4
65 17
44 2
72 29
58 26
88 12
67 21
30 20
52 4
37 22
