200 100 50
11 27 29 18 17 19 21 11 13 21 18 26 25 15 26 23 11 28 10 24 14 15 19 21 18 16 11 24 15 27 24 20 12 21 18 12 27 12 11 20 16 14 22 28 12 25 24 24 27 25
81 1
98 2
32 3
95 4
46 5
80 6
89 7
45 8
56 9
97 10
51 11
84 12
45 13
94 14
97 15
43 16
34 17
92 18
89 19
47 20
60 21
99 22
49 23
95 24
70 25
99 26
35 27
84 28
77 29
67 30
37 31
82 32
51 33
68 34
93 35
77 36
61 37
87 38
49 39
35 40
89 41
43 42
32 43
36 44
54 45
89 46
76 47
76 48
61 49
82 50
68 4
80 40
87 6
45 4
77 31
65 2
48 16
40 21
56 41
32 37
30 26
51 35
57 44
63 43
50 21
81 22
98 1
89 5
97 19
41 43
55 22
79 21
31 49
60 2
88 30
62 32
36 1
56 27
63 19
90 12
89 15
37 8
80 5
33 37
92 2
97 4
50 44
57 29
89 28
42 24
36 9
71 26
38 25
58 35
71 49
44 47
45 3
34 23
89 38
33 9
69 14
80 13
58 36
44 19
84 7
88 13
77 29
98 11
42 39
45 13
98 27
49 31
73 36
40 8
52 5
39 33
59 7
32 34
36 32
57 41
56 32
65 50
77 10
95 33
51 10
63 16
67 27
91 46
36 9
34 1
70 2
70 3
69 30
61 33
69 14
98 27
44 32
91 3
97 11
45 38
90 48
44 22
67 4
98 27
54 46
66 46
80 23
85 20
33 26
84 45
54 23
59 48
90 26
63 41
84 25
44 25
94 14
48 7
32 18
86 29
59 14
84 6
53 21
36 34
90 49
73 45
32 28
88 45
47 13
41 38
47 16
36 35
44 5
30 24
91 14
59 15
60 28
58 49
85 26
61 34
61 32
45 23
66 25
45 30
46 35
77 20
91 3
62 40
33 37
70 23
33 25
55 9
85 11
98 9
31 21
49 48
41 2
66 43
51 41
85 15
