100 100 50
21 27 22 10 11 21 22 25 24 23 18 24 28 15 27 26 16 28 11 11 29 11 16 20 25 27 20 20 25 10 20 19 28 23 25 27 19 12 16 18 18 13 24 20 17 13 25 21 22 29
83 1
91 2
94 3
81 4
51 5
48 6
57 7
89 8
80 9
78 10
43 11
75 12
49 13
65 14
51 15
87 16
38 17
89 18
50 19
98 20
88 21
32 22
33 23
74 24
99 25
39 26
51 27
59 28
81 29
66 30
86 31
48 32
32 33
31 34
56 35
34 36
48 37
83 38
89 39
39 40
33 41
45 42
63 43
66 44
45 45
74 46
94 47
58 48
77 49
48 50
89 20
92 38
57 26
37 8
80 5
37 14
57 38
70 12
93 38
61 38
80 22
91 11
50 49
42 38
62 6
66 36
87 27
53 9
35 32
91 3
43 36
85 6
30 16
32 10
70 17
48 11
40 32
49 40
69 45
58 17
67 21
42 30
77 13
99 27
55 37
52 28
61 21
91 20
48 43
32 38
95 23
75 15
33 22
52 33
56 10
75 46
32 31
85 1
56 46
99 45
