10 15
5338042 13959788 23185718 28500371 28588373 28728212 31507239 34940712 40381132 47400231 52093407 54413971 63714867 64145405 71854279
9714153 11039422 14084628 14552871 19091741 19255582 20557404 28862907 30634974 38176879 47642670 47662892 48068762 49686958 53396982
9290669 16247761 25214122 28565871 35776723 43374239 49254291 56994129 66332130 74282595 78866750 83965672 93750138 101786247 103091485
9332202 19092457 28663346 28671807 38079174 45622611 47903080 50484849 59678810 60954179 68475917 76119607 82585164 83466382 90919008
912819 6160457 8371983 14307240 14379100 17655599 25940961 33269461 42000159 44586042 53742200 56437923 60556521 68419050 68684884
878367 8222935 14775541 23766166 28185708 37129591 37594355 38479435 45734803 46820819 51832020 60291563 67008337 76166777 79532436
4333184 9626172 17491993 22386035 28900654 29969077 34735661 39731472 49305373 56555620 57674903 64335608 65741539 69099767 74641040
2669584 5943330 7173385 9062112 13586289 21885468 26200165 34351962 37890011 38149171 39648641 40224899 40709842 41745395 46787926
3169535 5743772 11008711 17733062 20034198 22226550 25655947 35650455 45341843 53580784 62467212 69817944 71974215 81868996 90500712
5039214 8193762 11777633 16686008 24414421 31556701 39347391 48511075 49589300 58692108 65150217 69317862 78906632 84634920 84811432
