10 15
7342874 8053845 14493721 17157239 20553400 22039665 26653747 33603890 36113564 41727442 46216260 55055761 58579498 65324218 71156216
3877184 6624243 15038265 22406103 26448330 33524965 35651227 44283423 49802934 53277665 55775178 60393036 61031260 63299986 66457307
996980 2009819 6413123 15239023 23735220 28457204 28771083 36785615 38300827 46766425 52545384 57085580 59928130 63348862 63949503
8108705 17269938 26503290 26768836 34106394 36610488 44614275 52514909 60254583 64120896 67294368 71114075 75116533 84311466 90051472
9262695 12656677 17238578 17520282 24419541 29445908 33237779 38565397 42426618 47177264 50232739 53353770 57354721 62818954 63782417
8160404 8224438 16507471 21769061 24124218 26464830 26773339 27965089 33467098 41020627 41670285 48645117 55370755 64616451 70892240
6737546 15078118 15596726 17414961 18442139 24138838 25236946 28457991 34142447 43786345 46730424 54704491 57454766 65287851 68817817
7985617 11624579 20511669 25507570 33685888 35387057 37760757 47555727 51064700 51502713 54488721 64116862 64318429 68172150 68786347
5126140 8367476 9217338 18437008 21827067 30320864 35556417 41445902 44334258 46240370 53378173 60926560 70638186 77109572 79828116
3568153 11370810 18889896 24753711 31406206 33356303 42298707 49577962 59361858 64432925 72161028 77978407 78927046 85968433 86204398
