10 15
113 1042 1684 2519 2697 3434 3622 4166 5151 6147 7039 7969 8538 8550 9499
368 468 1024 1600 2224 3173 3509 3915 4862 5785 5962 6465 6922 7807 8132
811 1365 1609 1689 2318 3224 3341 3695 4554 5310 5859 5916 6723 6839 7407
166 1156 1815 1981 2743 3461 4317 4853 5200 5917 6585 6702 6803 7450 7726
853 1817 2557 3395 4172 4560 4612 5036 5441 5847 5997 6209 6779 6874 6923
436 807 1668 1734 2183 2489 3379 3795 3990 4149 4192 4377 4883 5758 6045
938 1272 1332 1765 2414 3014 3774 4503 4968 5176 5202 5456 6043 6764 7628
875 1018 1071 1533 1937 2581 2949 3063 3259 3969 4519 4917 5219 5780 6224
991 1374 1433 2406 2939 3751 3874 4564 5537 6044 6836 7481 8357 8433 8451
682 1306 2240 2560 2862 3403 3989 4967 5628 6244 6529 6954 7943 7977 8299
