10 15
939 1137 2056 2484 3383 4326 4672 4769 4844 4878 5362 6357 6632 7317 8261
647 944 1406 2403 2618 2809 3472 4089 4420 5103 5887 6776 7537 8168 8468
890 1752 2450 2768 3750 4025 4175 5167 5857 6246 6551 7545 7684 8161 8593
36 177 531 1074 1162 2056 2926 3723 4387 5339 5383 5792 5875 5997 6813
907 1416 2150 2491 2994 3161 3886 3961 4383 5309 5347 6325 7232 7914 8865
142 264 1180 1442 1615 2243 2763 2910 3662 3872 4649 5513 6171 7111 7823
412 1050 1198 1841 2636 3515 3897 4063 4691 5462 5759 6109 6481 6986 7026
76 764 1174 1340 2163 2280 2740 2842 3188 4085 4378 5332 5824 5864 6187
450 562 630 1628 1787 2226 2734 3667 4010 4862 5529 6132 6288 7088 7336
563 754 1418 1834 2446 2950 3105 3431 3796 3808 3948 4406 4696 4849 5774
