10 15
593 1475 2304 2847 3087 3102 3427 4117 4562 5327 6104 6798 7148 7588 8536
418 662 1136 1796 2407 3107 3451 3461 3518 4293 4511 4644 5434 6433 7085
324 1142 1831 2327 2560 2703 3650 4070 4287 4854 5358 5817 6731 6959 7948
154 184 947 1413 1848 2466 3225 3738 4688 4804 5664 5798 6641 6771 7226
290 418 1387 2347 2948 3290 3749 4322 4990 5641 6607 7195 7576 8357 9344
864 1049 1064 1534 1566 2505 3163 3711 3876 4441 4625 5303 5988 6121 6211
812 1579 1725 2328 2646 2803 3008 3726 3991 4270 4830 5087 5250 6140 6692
634 1373 1743 2435 3430 3489 3528 4043 4307 4929 5004 5939 5981 6411 6620
531 1276 2059 2567 3523 3581 3743 4621 4824 5578 6187 6684 7233 7663 8537
164 1145 1986 2716 3170 3422 4405 5232 5537 5935 6321 6696 7001 7991 8968
