100 500
8 10 47 14 41 206 336 97 25 467 236 775
1 37 43 132 187 -18 451 -14 85 -20 192 103 272 165 453 725 991 379 899 510 208 973 989 1014 -101 1122 28 578 1167 173 12 1788 1555 138 297 3013 2203 2799 2938
2 50 32 135 239 101 15 198 621 59 656 775 659 822 409 57 1159 387 1258 585 1776 1191 1220 1707 139 1192 2332 791 1750 727 304 2424 14 1220 2742 1693 -150 2510 1503 272 2791 407 2982 3163 1416 235 1933 3872 3901 753 90 4530
3 17 41 6 -6 273 463 483 182 -37 105 -34 61 610 386 1253 1183 1156 103
10 29 32 81 84 113 222 229 94 418 664 220 21 1027 589 -58 287 622 911 1033 1635 114 1409 126 497 1025 1624 1475 1966 671 -91
4 21 67 131 102 -7 248 377 376 449 479 -42 531 383 621 -50 1331 1057 644 1404 -37 492 1623
6 38 82 77 207 155 363 320 271 112 271 123 1012 474 719 278 844 22 619 -61 1437 952 772 1980 1665 2031 760 1831 2252 1384 367 1064 1038 2760 3059 1770 2266 477 1901 495
9 28 59 -1 79 7 424 -16 55 382 160 420 11 962 852 -46 627 300 1040 726 362 1265 1577 1738 295 1655 831 2430 1381 392
2 5 2 170 66 281 91
9 30 55 6 216 91 53 115 546 100 780 135 259 367 551 854 -62 1264 1598 523 1426 1539 607 1592 1016 -28 2334 1546 2342 764 2104 856
4 18 59 86 99 192 232 158 589 642 462 758 978 258 766 734 856 340 38 773
7 28 86 51 257 132 177 556 143 605 161 390 576 173 336 1264 855 819 1201 1003 1040 1026 502 1770 625 2089 1818 1503 2254 2374
1 6 8 151 195 77 -18 368
5 28 21 133 26 191 413 55 239 399 128 193 559 713 349 315 1288 759 1304 50 121 1895 1609 550 1066 407 1451 195 1232 1288
1 19 86 56 147 15 151 461 104 558 130 834 833 589 794 1259 241 1218 1574 1491 1643
8 12 94 100 262 325 228 448 286 343 380 401 376 143
10 28 83 78 164 75 84 228 25 473 818 277 108 1029 565 951 1393 1077 1449 1045 1125 706 1418 341 1249 829 2171 1754 1681 904
4 50 32 30 185 268 247 225 544 363 688 702 1010 280 363 974 48 849 442 -76 1472 -61 373 1832 115 923 1558 298 2078 1944 1677 1030 2090 921 1856 1562 1642 136 1 3317 -164 2823 2759 1871 2468 188 2309 634 3891 3704 3746 2013
10 18 43 170 212 162 379 68 575 76 707 11 -15 666 -22 465 1206 1341 1597 1173
5 50 10 97 260 220 207 86 210 317 6 -48 429 1008 1173 -56 313 87 108 1463 582 1511 936 1784 1662 1785 1207 1865 1640 1896 1870 2231 856 1922 499 377 1633 930 1079 3498 917 2469 875 1594 4015 3138 1702 4096 3008 619 1767 1361
7 41 24 48 182 131 243 486 362 684 611 177 293 -4 1217 962 1389 832 965 646 825 88 819 1295 1670 1126 2215 859 546 1440 1852 2610 409 94 556 1974 1290 -80 3290 3158 2535 581 2269
2 47 65 147 185 372 17 24 47 346 807 937 151 667 0 404 174 280 1594 1610 1075 832 514 254 1646 992 -68 704 -133 660 1685 2584 1891 1635 1677 506 1703 2455 1185 3012 3272 2183 3685 -140 2137 474 3206 4321 3116
8 49 14 -7 99 237 325 129 569 558 386 706 520 633 50 99 3 500 990 27 928 1072 1188 144 1403 1117 166 1400 2176 2208 1547 1378 491 2876 31 885 779 2826 2712 1015 1723 3417 1418 3243 345 180 923 1178 627 2968 3907
7 17 3 126 283 276 174 370 595 -7 826 782 44 857 1101 670 1068 326 1055
3 47 77 30 22 69 163 63 10 349 645 90 429 1068 307 431 1092 775 1172 1388 1735 789 824 831 1657 1988 1214 148 809 2248 510 1943 98 2695 803 157 2278 2102 2624 1918 526 1557 411 536 1755 3427 1653 2549 671
4 32 1 98 257 323 129 494 604 514 454 92 988 911 1010 237 243 -67 1023 1378 82 1444 1908 399 1747 189 1706 2299 277 2280 1185 601 1851 2054
8 46 63 176 27 5 270 550 76 278 832 283 -54 577 1095 368 587 633 845 594 1313 541 1076 229 743 211 2132 958 1672 2437 1610 288 2879 2193 3058 -160 576 115 1807 1799 3027 2438 2714 675 3324 411 279 355
1 44 68 181 20 263 16 548 60 588 752 383 928 239 956 671 818 292 86 269 1010 1377 306 1470 935 587 99 1199 2415 -81 1850 1389 1937 1343 791 2978 1755 2514 23 237 3174 407 925 3534 2217 1479
4 6 85 34 66 -9 388 21
8 13 44 71 28 191 420 455 -9 21 228 -7 751 53 735
4 24 39 34 10 82 263 47 71 93 286 206 811 1037 534 615 15 270 1357 850 1262 781 1701 1016 900 1132
6 10 46 176 274 186 468 562 140 182 737 539
2 3 10 9 106
1 25 50 79 173 266 349 149 564 618 453 632 521 -59 866 1033 577 816 -71 1603 1138 1843 1348 2077 896 700 485
9 35 66 155 126 363 103 106 438 408 129 712 564 289 1161 63 1344 1403 1012 1051 1121 561 -73 12 2137 913 2150 1244 1838 1704 -142 2403 1602 2588 2249 2911 -69
1 1 3
8 44 91 48 70 2 -4 126 0 651 750 373 -2 276 927 1013 1239 915 360 437 1130 689 1823 86 1322 1653 8 1376 932 1088 1156 806 1642 -95 1918 2517 35 -126 28 1476 787 1149 2418 1937 3041 2015
3 6 93 76 101 241 308 11
8 7 66 87 278 328 107 31 552
7 49 36 132 32 191 107 310 -25 528 621 672 907 617 241 386 1233 366 1142 739 686 1024 1892 1778 1024 575 2074 -38 1616 1494 1409 315 -91 224 23 -64 1212 3142 2911 3480 1150 -198 -18 93 2569 830 4154 475 3761 2028 1284
6 23 0 190 60 337 58 453 237 657 742 118 634 559 406 1016 137 1333 822 787 963 1620 592 146 1322
9 31 76 166 240 291 275 338 13 339 218 304 169 986 212 192 972 1009 64 1085 1495 1557 948 1971 1706 1660 1051 1542 2128 747 1809 1423 862
9 20 63 72 39 336 473 215 -3 278 468 -24 714 549 605 405 876 821 188 772 1498 1394
3 50 -1 56 259 22 174 495 10 337 206 388 956 459 853 1194 160 600 1146 25 273 514 1668 1951 843 108 2321 1121 1277 1407 1767 639 1701 202 375 1335 2609 2384 2982 207 383 123 376 3565 2049 4158 2285 1204 -83 1785 3589 839
6 15 30 75 281 348 231 556 511 567 752 95 92 1021 974 261 673
4 28 36 57 213 241 339 77 488 260 369 901 96 780 1187 361 429 1272 1176 962 1229 529 1590 1918 341 1205 2166 117 2398 346
7 20 50 114 204 125 429 294 129 708 174 144 733 933 3 366 81 984 1530 659 519 287
1 25 -5 170 162 321 376 76 657 287 -2 186 -16 1042 256 1076 976 591 1615 762 1394 1720 1136 236 1109 1751 673
9 22 73 139 148 102 156 542 276 536 750 134 480 524 101 538 253 155 663 1149 588 796 296 -94
3 46 62 7 62 202 294 105 495 717 770 548 692 286 444 1115 494 1497 892 1426 426 710 756 1265 -52 240 723 1169 1596 227 1977 737 1402 2822 2315 1722 3261 2446 2599 1523 -93 590 2050 654 2838 2679 4239 2086
1 34 4 -10 126 47 453 136 369 243 303 472 252 106 102 627 961 1358 1385 1606 1266 1776 87 1401 502 906 1304 106 109 1066 2180 1171 2051 982 2444 2924
2 6 60 68 86 234 213 226
4 35 55 108 201 11 285 464 408 1 193 626 663 79 504 782 440 616 836 -52 1327 1002 1532 392 1836 1192 2001 1067 79 1086 1002 2764 1433 1053 1493 2718 223
10 35 21 49 185 138 192 457 120 658 448 219 881 287 273 999 1007 432 75 -47 1287 583 573 2040 277 1241 1224 1540 269 1908 1846 2508 268 1027 875 2041 1024
6 10 22 100 177 43 415 370 660 506 482 557
7 12 88 156 25 82 220 -1 22 750 840 92 372 343
5 4 59 38 20 102
5 30 41 22 18 212 144 338 36 474 708 741 386 781 760 911 1219 1351 1256 1697 758 1291 1176 871 1031 980 1901 633 2067 -67 542 668
3 26 44 108 35 -10 364 532 558 257 413 432 923 394 138 220 1355 399 1124 382 1463 1434 956 218 1387 1131 1183 -93
8 46 41 54 191 278 211 429 80 189 372 -17 626 385 306 646 1258 1198 1509 903 1572 -71 1698 552 2126 870 1684 1794 1269 2658 2492 63 1363 985 1709 2552 1838 1443 76 1780 2646 3070 477 1697 913 1561 3009 1929
8 30 51 101 235 24 42 108 643 453 101 492 983 1094 478 492 764 1309 686 53 510 332 516 600 1400 824 606 523 1757 2192 2280 533
7 29 75 137 278 175 207 172 215 219 -1 675 492 892 917 168 -1 1449 592 409 141 -2 704 695 835 159 257 698 382 1944 1748
8 21 53 66 165 151 -23 522 70 318 421 675 809 -35 310 -67 811 1 141 1431 1793 1826 1747
9 18 50 148 159 112 -16 -22 234 756 182 -17 256 354 957 371 1371 1071 1158 410
7 5 2 166 16 266 163
7 29 31 51 66 40 246 96 122 339 143 223 731 240 515 1050 888 291 977 887 1004 -14 1329 499 452 1309 93 -89 908 2554 884
1 37 79 20 101 14 379 201 569 330 787 526 359 514 1191 1121 1315 435 187 829 375 532 3 1596 1118 2113 277 2146 1198 1846 379 1380 2154 2656 2952 1965 848 3033 2445
5 15 74 184 185 362 392 531 14 197 615 -24 826 437 254 837 732
1 44 79 19 174 17 400 367 402 316 338 -10 477 185 -22 6 1383 984 448 1352 1623 1724 1328 2059 590 1933 42 1951 -113 693 912 1536 1028 2937 2728 804 1782 945 2671 1370 1998 2325 -202 1671 -205 2435
7 22 5 7 214 46 326 19 582 453 830 57 844 644 209 1319 469 1511 1004 1001 1424 699 910 1013
7 5 -3 61 14 373 364
10 14 -1 168 9 307 107 518 343 173 847 43 95 14 1095 612
3 40 25 57 167 100 458 518 302 402 136 796 701 304 153 452 1059 1512 1318 483 1338 672 1016 1761 887 1480 764 2239 2342 2545 993 467 461 1432 837 418 1025 -131 1726 2892 1201 3356
5 3 69 62 49
5 14 -3 70 265 165 346 89 59 688 355 867 351 422 830 1328
8 17 73 151 192 326 139 94 114 652 314 120 189 891 575 1227 512 1450 175
6 25 51 144 17 331 323 505 427 479 73 8 289 59 1210 1266 572 -64 1607 371 1797 139 1534 1332 820 1111 1560
8 10 72 21 105 211 398 420 425 94 300 189
4 21 65 130 205 182 421 51 502 561 265 493 258 163 709 1287 207 746 137 439 187 133 1049
5 2 38 80
4 23 -5 168 198 335 318 496 350 122 157 181 375 706 1027 443 187 115 252 1157 1371 999 870 901 1994
1 20 76 61 200 331 263 151 -15 399 356 838 -29 0 192 880 -47 868 595 820 1797 832
4 26 -2 78 246 251 391 -2 281 332 667 491 452 424 89 743 60 1024 1216 1258 241 610 999 1744 705 2258 1228 124
2 19 71 166 204 2 391 472 416 735 293 794 41 564 1130 262 723 1373 164 527 1644
5 26 21 150 171 70 342 20 -28 62 315 803 1018 866 878 1136 1004 1180 1472 246 932 289 832 1298 515 909 289 1019
9 6 -4 142 235 86 301 424
6 47 15 78 33 45 174 65 196 686 236 450 1042 304 829 534 592 1085 -14 1376 1432 496 -61 169 1068 1022 2320 1273 250 1083 2288 1428 813 -45 194 253 995 2607 1270 1359 1628 -126 2935 -21 3405 1860 -63 4275 186
7 4 27 -3 0 79
10 45 67 65 220 103 48 314 233 577 482 818 532 945 1230 1289 -75 779 222 -2 1519 1817 26 919 -112 -100 703 605 34 2286 1645 2596 2783 -76 2546 201 2994 580 1031 1353 1644 736 813 2378 3895 21 4043
7 10 29 144 12 85 195 17 384 683 386 453
4 48 35 18 145 130 34 -22 194 70 185 817 626 45 -58 872 752 1444 962 1485 1313 165 1948 1533 2083 1295 1418 801 -109 2224 2441 630 1586 1110 994 470 213 -1 3391 996 3321 2812 522 -20 1846 3677 135 2332 3474 2888
1 35 64 19 271 313 289 45 388 520 403 911 763 420 1083 28 1292 214 221 1285 253 149 1045 908 628 1816 335 1883 1369 1935 1940 2771 160 2451 301 675 2559
8 47 -2 73 116 41 270 424 523 519 -2 79 231 664 293 1225 14 697 105 -60 1416 1251 687 1659 1815 174 1598 467 2202 2089 2053 801 1927 804 1898 3182 -31 2020 1388 3484 2706 1014 2607 3465 1251 3628 3310 3440 1999
3 28 41 50 30 157 408 345 336 586 273 77 277 961 258 460 -12 -39 1417 1518 -20 1593 884 1663 2038 592 243 1784 1295 1382
8 7 20 103 65 126 99 209 263
3 4 87 34 148 -5
8 14 94 93 127 54 271 490 634 468 516 684 959 1133 845 187
7 8 3 82 79 9 76 226 221 491
1 7 60 120 196 42 397 109 44
1 20 22 101 152 1 423 128 260 584 350 84 -21 295 548 297 738 209 1328 1660 1041 8
