30 200
5 37 9 0 4 35 29 26 29 12 52 43 88 97 109 59 134 13 156 -6 -9 36 145 49 46 72 56 186 67 240 243 105 239 256 65 -7 305 30 26
8 30 1 0 19 34 8 39 28 72 62 78 56 51 43 21 56 125 56 113 104 83 70 81 27 110 207 164 30 214 101 201
8 22 8 7 13 -2 47 26 39 34 10 45 95 90 -1 25 102 146 114 170 84 167 95 199
3 29 7 3 28 28 46 55 26 13 83 32 47 5 80 63 17 80 20 86 65 150 181 150 7 163 179 215 54 189 67
3 45 8 2 18 26 34 24 27 16 4 81 15 19 121 118 99 113 42 72 25 180 143 101 142 11 24 215 55 216 81 222 85 85 308 54 59 240 127 137 183 260 232 260 264 349 364
5 41 3 17 8 2 10 47 12 69 55 10 72 8 52 36 83 12 74 150 125 27 118 2 49 84 51 54 15 165 160 85 82 126 163 -2 116 5 -9 2 141 88 188
1 21 6 0 20 -2 18 41 33 60 22 25 92 105 -4 25 121 78 132 118 154 27 35
5 19 6 12 12 26 -1 35 41 7 5 56 86 32 54 26 76 25 32 138 28
6 12 4 1 2 37 5 -3 23 42 85 56 9 32
1 11 6 6 1 30 6 22 54 -3 17 87 44
5 9 1 8 -1 13 19 8 -3 11 51
2 6 7 13 17 17 9 46
6 36 4 19 2 1 13 19 58 31 57 77 80 8 118 68 43 129 23 153 4 158 1 60 54 224 178 185 181 45 182 151 36 208 55 20 24 247
2 18 0 17 29 9 22 46 64 31 40 59 71 59 72 126 124 110 77 30
3 27 7 6 25 -1 36 43 28 15 32 50 48 31 11 41 15 37 147 54 16 181 113 7 76 215 124 210 -3
2 38 7 17 4 9 3 30 47 34 86 47 12 23 120 33 6 128 151 1 63 5 90 102 10 210 233 10 148 141 62 75 201 156 223 321 3 133 166 117
6 43 1 16 14 25 36 11 51 -3 43 61 82 11 77 112 99 44 80 134 84 8 89 147 -7 97 235 19 3 11 2 156 53 164 58 101 204 102 54 79 358 24 123 301 384
7 28 3 6 10 27 9 30 42 54 44 59 36 29 77 59 47 139 37 89 65 47 37 37 79 210 52 200 95 105
5 26 10 5 3 37 11 48 58 49 47 29 59 44 34 129 129 83 145 29 33 1 1 173 215 168 23 22
6 16 7 9 -1 4 -1 13 6 63 71 16 92 26 106 -6 19 82
4 18 5 4 24 16 30 2 50 53 81 21 -4 40 56 125 84 47 122 141
1 41 3 5 20 11 6 11 35 13 35 85 36 5 25 119 3 18 61 56 111 32 151 168 85 201 177 109 169 202 192 107 286 237 14 44 76 30 73 44 220 306 199
6 25 5 4 9 29 22 10 61 51 10 2 26 74 99 74 69 44 7 57 24 182 71 144 206 188 11
7 11 9 2 25 37 22 28 34 5 7 2 81
7 41 4 16 6 8 34 57 8 74 -4 10 63 1 116 78 -7 31 153 128 171 68 140 202 45 118 -5 213 178 186 244 104 127 237 -8 6 14 139 204 342 245 308 148
5 3 6 11 24
6 38 8 7 27 0 10 16 1 25 69 76 36 -3 44 55 125 111 73 53 148 87 60 4 189 66 236 52 150 -7 224 40 290 148 89 95 71 86 228 16
3 18 4 5 26 6 31 12 49 56 6 24 29 79 75 57 27 110 148 38
3 25 4 17 11 25 37 11 16 1 27 21 25 57 116 -1 109 -5 159 67 -9 13 30 184 25 193 63
4 37 10 13 6 31 23 41 49 31 2 28 81 81 49 79 85 138 158 12 18 104 33 49 123 174 -8 62 170 42 184 131 66 -2 284 157 229 78 90
