50 300
1 3 3 5 26
4 29 -1 11 31 44 27 95 1 65 163 27 209 227 78 266 250 192 234 113 52 222 346 82 233 362 173 260 182 7 179
3 15 18 5 29 34 47 51 6 136 84 117 43 138 80 -10 99
2 15 10 3 0 58 16 101 124 26 162 22 49 79 192 120 139
6 12 10 22 1 20 35 64 -2 8 171 5 61 35
5 40 18 29 50 15 -3 52 106 45 159 43 13 95 8 88 154 -15 127 145 122 343 30 123 255 3 459 281 469 344 351 360 153 489 270 568 422 358 569 512 537 121
9 28 18 17 34 68 83 83 96 25 28 144 101 14 79 136 184 286 227 173 150 152 -1 273 214 51 266 1 17 189
2 29 12 10 29 31 87 61 50 60 145 159 132 51 145 93 91 225 69 331 19 303 155 228 124 378 16 230 270 402 264
10 20 16 36 29 21 14 9 46 53 15 114 190 19 95 21 51 42 -14 314 343 -3
6 37 15 4 4 68 42 30 25 58 108 -5 11 17 178 124 123 102 46 189 191 379 117 139 58 172 99 426 447 147 84 381 321 139 583 527 317 663 623
6 11 16 32 8 71 50 20 83 72 63 63 140
3 32 18 30 21 68 5 83 6 116 159 186 169 153 188 92 272 74 255 226 108 288 157 187 136 181 46 -20 196 92 406 11 514 540
6 8 10 5 28 -3 -2 89 76 6
7 25 12 -2 45 5 59 108 91 76 95 34 199 96 20 159 150 167 186 167 67 47 339 74 10 200 14
5 2 17 36
6 14 11 20 38 33 47 10 9 0 119 178 134 159 149 65
4 30 18 30 24 58 -3 36 28 91 121 41 49 42 95 207 181 206 172 77 79 297 193 396 221 131 192 451 75 407 211 557
7 15 4 26 8 19 73 107 18 61 24 90 189 87 158 39 1
7 17 17 16 51 6 74 28 87 36 13 55 156 112 245 249 206 288 65
7 12 11 32 49 56 35 89 23 42 7 150 92 101
10 22 12 26 -1 27 49 108 76 104 117 134 139 207 77 250 169 28 185 -14 197 260 320 407
6 9 18 0 39 17 22 -5 19 57 146
1 33 9 35 55 51 1 62 66 103 113 -1 51 127 81 93 148 61 18 27 310 242 32 3 282 27 454 43 59 355 335 412 378 298 480
3 5 -1 37 2 43 88
4 26 14 18 -3 39 47 106 99 40 42 -5 9 209 182 176 48 207 304 219 240 368 182 126 179 282 405 12
2 38 7 1 18 28 77 -2 2 124 131 168 62 166 211 53 99 303 8 163 81 135 200 319 7 251 294 411 500 14 137 24 534 83 325 181 379 319 271 505
7 5 -1 16 37 19 9
5 15 18 5 48 57 29 -2 102 67 71 110 125 71 152 113 149
7 29 1 0 -1 25 52 71 0 63 1 186 149 227 15 37 250 33 -4 52 316 314 301 62 121 415 205 287 408 13 327
1 20 13 16 0 31 39 8 76 27 56 104 163 209 19 144 59 98 240 181 40 267
8 22 3 2 33 23 7 69 26 68 99 109 90 76 39 1 153 -11 280 288 23 169 267 232
5 36 0 25 38 52 17 101 92 152 160 80 124 -1 1 186 82 154 147 130 110 257 45 361 171 326 441 140 257 -25 550 485 107 348 218 -12 582 434
3 26 8 0 3 74 56 20 27 56 -9 101 53 226 7 229 243 92 104 316 80 152 314 288 94 430 105 166
4 9 14 22 45 2 62 19 86 134 98
10 26 8 7 8 19 50 78 86 145 67 139 -7 214 231 253 259 77 1 68 306 133 374 150 141 270 106 317
4 7 18 23 26 71 76 1 105
1 16 11 7 56 49 -4 111 94 144 96 140 63 34 223 98 257 231
9 1 9
5 27 4 17 -2 5 54 88 97 110 49 111 155 220 224 199 211 146 -6 204 223 -10 268 296 29 246 -24 12 131
10 35 18 6 29 8 56 99 -5 85 59 166 0 228 -8 83 45 54 148 324 223 357 76 246 64 218 309 246 202 428 348 362 358 398 265 390 490
8 31 9 29 27 16 92 39 110 40 89 151 209 169 161 207 117 149 155 187 85 267 26 360 195 437 392 208 502 154 431 138 474
6 7 17 23 28 53 11 46 89
3 40 13 21 15 34 46 5 53 128 23 126 108 88 186 263 255 108 71 0 -6 245 98 386 -11 -7 90 139 7 61 147 552 -13 411 147 219 155 -33 653 110 89 446
6 31 15 15 34 52 11 102 21 12 165 65 14 124 239 199 185 289 -10 173 179 222 296 49 137 327 460 243 -14 295 444 -8 580
9 25 1 2 34 48 37 8 95 62 18 126 140 12 203 120 127 87 54 199 10 3 165 394 299 124 264
9 6 6 32 15 73 61 73
1 7 0 25 47 34 71 109 33
7 26 10 37 29 23 76 45 37 147 65 131 8 116 54 150 39 258 10 273 243 376 198 -10 165 153 180 150
8 8 5 27 36 50 45 76 -5 13
3 1 6
