80 400
1 22 35 11 109 77 78 110 105 27 52 110 100 152 402 253 0 587 401 331 636 759 326 250
2 30 11 68 85 151 67 107 145 155 130 251 375 -16 434 118 290 347 463 163 371 92 465 495 381 546 604 772 912 809 894 235
5 16 37 50 26 28 125 146 140 42 124 145 107 385 165 203 323 264
2 15 9 -4 21 8 123 11 143 237 -2 83 52 203 406 440 234
1 15 13 44 15 68 114 144 188 128 42 139 5 292 351 362 458
5 27 36 35 6 96 8 22 240 19 43 369 417 127 123 -25 184 266 53 377 694 28 256 561 296 152 617 392 679
3 46 0 -2 23 108 172 215 136 178 102 115 411 259 473 113 150 304 184 123 82 135 59 156 842 88 34 13 122 -2 671 530 -5 752 136 1169 57 -39 551 340 932 1103 532 418 921 288 270 904
2 33 26 74 30 55 -3 -5 79 41 50 174 197 403 334 510 1 109 591 125 671 170 157 434 580 688 920 803 438 535 876 1076 1176 534 299
4 33 17 -4 20 87 57 30 102 174 153 342 199 139 177 111 68 116 382 112 211 514 487 222 500 783 531 799 263 820 956 128 1017 1033 410
5 50 33 60 30 145 114 69 253 132 58 224 2 173 271 511 367 518 495 483 140 77 -32 547 697 -20 71 -33 567 374 201 -55 155 219 -5 -44 638 1234 225 1232 256 -73 712 -1 24 913 702 1045 88 950 1457 627
3 22 35 23 18 89 25 -10 131 -13 326 93 23 392 279 232 64 -22 620 145 695 501 437 684
1 12 13 72 46 91 46 110 53 94 189 361 17 197
5 22 18 56 89 52 16 68 8 238 306 300 33 402 67 441 374 -25 537 359 408 -10 163 664
2 28 10 71 36 122 43 38 211 272 241 1 396 7 145 357 25 180 594 -13 222 260 649 445 27 629 851 474 1001 237
5 36 28 72 52 9 179 -4 73 299 157 183 282 -22 150 124 405 494 -27 505 166 117 508 345 331 570 577 765 613 795 776 305 1178 880 234 40 528 140
5 1 -2
5 30 8 53 77 113 38 222 84 271 29 292 323 144 152 261 215 588 309 373 649 654 126 292 874 199 786 759 977 -27 43 891
2 26 29 3 108 146 86 165 46 164 74 249 372 456 211 58 531 278 281 125 644 448 525 376 368 473 47 581
2 3 2 68 12
5 49 1 51 72 150 102 140 161 284 161 302 217 349 189 520 521 464 165 679 584 289 236 336 861 479 673 666 823 441 836 522 1039 59 267 161 307 1355 370 286 393 1356 1263 175 838 1307 847 1250 1068 1393 1620
1 16 14 32 100 139 4 42 73 175 226 49 322 112 236 -14 38 164
4 40 13 41 93 18 181 73 112 109 -5 77 229 331 86 335 -12 183 424 110 404 243 727 241 129 796 572 -44 -6 244 950 572 1013 525 1102 806 342 1217 63 401 1096 135
4 38 9 21 -6 -3 35 58 22 145 140 173 51 312 145 216 210 27 468 656 493 267 54 658 483 119 748 639 726 603 310 831 988 654 -28 422 833 778 247 652
2 9 4 11 114 112 87 45 204 170 159
4 18 11 41 -4 15 179 135 205 225 285 161 10 172 287 -16 351 386 375 227
1 2 33 21
4 21 33 52 50 12 14 163 25 43 262 125 81 314 454 208 -18 552 559 111 515 310 218
4 1 26
2 11 6 61 62 24 58 94 169 162 112 284 202
4 49 16 37 88 46 56 57 237 102 -12 115 285 59 378 401 381 5 341 39 612 29 143 487 559 116 92 365 945 15 966 374 581 810 916 1234 1091 612 361 1195 1280 82 172 1254 1278 695 1476 1672 759 903 1641
2 29 16 36 35 47 158 49 52 87 28 379 117 112 0 385 51 -13 199 102 80 23 679 482 50 163 735 814 153 928 135
5 22 23 52 63 19 166 -6 30 116 104 335 389 368 254 508 240 138 353 666 710 60 123 62
5 20 -2 56 49 100 77 204 156 196 123 -7 352 220 -4 423 428 427 578 455 646 175
3 28 29 6 7 75 76 179 67 192 97 269 63 241 492 104 254 68 636 273 193 26 329 530 145 392 950 118 197 846
1 7 17 72 68 77 144 205 50
4 50 11 27 82 97 109 3 1 102 259 209 11 177 -5 110 564 417 245 186 576 -35 216 826 249 209 927 316 761 461 141 543 71 526 838 445 240 937 1344 466 -55 1096 372 1363 1270 1453 372 1707 1572 1660 236 1618
3 20 32 12 4 9 115 94 188 102 111 109 72 300 162 290 -28 312 14 674 522 61
5 38 34 22 0 105 8 -8 149 146 246 76 15 330 445 453 395 38 350 53 194 70 498 614 692 738 208 52 243 333 565 951 222 1101 1044 851 1294 1237 597 -12
2 24 15 67 108 59 102 194 248 4 68 111 155 370 421 478 313 491 636 31 572 235 391 422 245 672
3 37 28 61 10 1 185 53 236 140 308 332 30 99 342 368 376 559 183 318 356 589 552 535 207 771 905 457 234 368 977 269 34 553 482 841 680 1170 1304
1 19 15 28 78 148 78 206 72 158 105 348 192 97 350 361 531 -7 304 111 400
3 4 12 24 65 98
5 27 12 35 51 21 56 51 124 121 213 243 193 1 76 235 468 187 577 -28 690 128 240 559 480 275 261 221 956
4 19 30 19 110 140 37 107 221 123 -9 229 68 241 64 390 156 270 433 55 675
3 23 36 71 55 10 114 29 71 56 324 269 164 283 290 206 136 291 330 285 427 566 13 445 164
5 28 4 1 93 69 58 23 215 297 273 337 203 219 241 22 29 183 108 292 49 425 631 819 339 126 63 709 67 466
3 5 38 36 67 131 86
5 15 26 56 102 110 10 164 -10 -13 31 -12 24 181 284 146 225
3 50 18 52 19 134 109 35 103 97 201 370 58 376 407 392 130 480 45 439 578 433 301 708 237 457 138 79 565 152 800 742 347 640 1211 859 1277 877 533 1326 1270 1441 1418 1039 1607 633 1506 977 619 1163 321 963
5 10 22 8 108 126 5 132 255 28 66 193
2 21 8 58 54 70 40 40 146 11 57 222 269 234 69 141 260 496 235 639 34 312 496
2 35 23 1 21 38 160 10 80 267 311 1 128 181 486 276 512 79 438 362 114 368 325 707 387 174 278 197 705 890 320 546 895 725 993 622 655
4 48 12 14 33 36 28 137 259 225 -18 346 66 21 -10 25 99 316 134 140 169 687 338 785 508 280 27 327 899 389 43 76 119 874 440 994 981 794 1088 1364 1023 22 1548 1238 227 1093 345 72 3 1693
1 24 2 -1 14 1 14 85 3 114 78 -17 262 178 49 400 266 89 229 122 410 602 703 -35 716 -6
5 47 7 12 5 31 0 -10 64 93 274 32 296 145 267 258 545 525 9 381 297 167 126 499 451 495 338 641 346 232 51 1049 80 281 1224 691 1061 969 376 -60 170 180 639 1375 1539 487 1437 405 1122
1 33 37 5 78 40 175 218 161 303 336 247 33 372 224 383 262 558 160 208 360 727 -10 524 609 51 540 941 173 419 290 -50 559 267 549
4 37 23 70 58 89 96 194 127 111 117 364 75 445 385 324 154 430 525 354 84 68 693 657 410 828 873 950 392 487 1017 597 357 879 209 483 1210 480 1156
3 50 14 45 73 62 13 225 4 271 283 106 261 158 195 411 469 358 348 588 682 257 259 825 849 208 181 168 615 608 694 847 408 907 1245 594 964 528 738 526 1187 698 1439 277 428 17 866 561 835 1610 768 216
4 10 14 39 36 35 175 40 55 73 36 67
4 37 2 49 71 32 190 122 254 301 292 24 7 390 88 308 394 423 99 237 507 317 655 88 505 89 3 254 682 969 308 848 587 1195 675 82 -70 859 418
3 20 -1 49 12 152 174 182 31 220 48 67 105 174 2 466 526 202 483 551 279 371
1 17 2 49 49 117 41 43 200 13 171 54 404 194 184 32 315 178 329
5 45 36 -3 49 43 172 154 18 253 10 36 7 -5 451 308 321 107 167 561 500 -30 61 131 100 510 102 740 940 208 671 1119 426 962 1088 748 121 868 1050 913 724 1512 136 511 323 577 1073
3 41 30 3 76 152 11 147 154 180 236 170 169 88 55 187 25 257 11 256 230 651 610 213 574 791 451 46 69 149 345 114 145 -50 627 658 474 820 899 651 657 374 1195
5 29 -1 -4 73 86 105 37 118 14 190 142 256 375 12 393 560 289 410 672 515 27 308 732 247 174 181 177 744 244 637
4 33 30 11 19 -2 144 130 218 78 122 181 368 285 84 182 163 509 567 574 393 395 -32 129 580 382 378 103 488 623 899 432 729 341 8
5 23 26 67 85 -2 102 103 258 184 331 113 204 264 215 18 570 272 586 143 309 267 594 -40 102
4 18 8 56 42 46 0 9 249 110 79 111 71 454 444 93 235 320 646 553
1 30 23 -1 49 148 10 4 93 212 93 172 198 35 -3 60 348 605 267 497 288 339 523 439 636 411 266 617 14 784 694 1099
2 22 30 70 55 66 16 142 259 143 189 7 120 245 491 46 186 477 71 680 548 279 337 246
4 9 13 18 77 57 105 -7 191 279 -17
1 15 4 8 94 86 181 215 199 279 -15 117 204 2 311 59 262
4 46 21 37 13 123 164 113 18 105 192 143 59 350 253 456 90 297 42 130 675 426 402 -20 835 398 843 834 794 757 799 214 785 572 1086 155 1095 1312 886 787 439 1287 858 16 1099 1549 1420 1746
3 30 12 44 96 114 184 102 54 128 177 156 79 319 49 356 558 531 -25 76 177 648 -25 657 -19 692 233 875 41 823 490 397
3 15 18 72 52 38 16 162 177 105 245 369 205 28 418 401 425
4 18 0 24 52 140 102 52 258 134 117 124 374 382 378 -23 405 394 133 45
2 29 37 42 112 144 49 40 93 69 94 -2 317 -2 360 383 416 358 -12 655 99 125 -8 5 774 424 645 667 535 98 1004
3 41 24 66 74 129 0 226 -5 250 193 256 395 146 191 15 172 411 571 96 459 394 513 174 179 315 84 965 634 716 78 131 65 642 1134 -32 18 1046 420 851 1478 171 1013
1 37 37 59 45 137 136 10 123 91 -6 147 253 -6 310 398 410 7 42 597 121 404 53 345 827 143 532 500 579 192 459 143 61 912 9 422 450 225 299
4 23 33 15 3 88 53 56 95 121 129 212 385 399 448 108 518 132 557 311 514 611 323 133 268
