5000
8501 8868
9861 1565
6345 3696
6513 9702
1623 732
281 8653
7739 126
4580 8317
5154 2404
378 9611
4898 6531
147 2912
5133 2434
2101 4360
7344 8011
7110 2039
8595 2305
5475 6705
1637 8702
6427 1215
8183 1162
9034 9257
14 968
8437 893
540 9479
1722 4433
4496 1614
9510 5492
4434 5717
8239 4672
8150 3251
2651 8069
2066 3630
8665 5742
7491 6577
3866 7145
1085 4515
9497 6807
2148 7587
6647 7221
4025 2397
3745 1279
2906 859
8606 7398
3748 4744
6707 9437
8301 6719
6812 9065
8968 819
5069 4519
1908 6610
1042 7059
9548 2388
4005 3198
2365 7176
2832 3332
5951 1556
7451 537
5502 4111
2190 2601
2834 5585
5560 1420
9962 6742
7044 3650
3831 8360
7104 1086
6065 5775
3255 2750
9153 6494
5720 3668
19 7960
9241 7255
8521 4253
2495 4718
8190 264
1289 6988
8661 1383
9012 9909
3485 3978
3262 3723
4888 7162
4743 6046
2440 1816
3206 5327
6810 9122
945 8799
6528 6574
285 7090
9603 703
4350 2180
3276 2291
9347 4211
7066 1105
782 9135
8344 4663
8405 8367
2087 4797
6083 752
5582 4649
274 9503
8331 4523
3405 2728
5874 9794
2415 9473
8112 2961
7893 7416
4348 3132
1837 21
8168 3688
6188 2574
5811 5928
7358 2486
6831 7777
2503 876
1099 793
2534 7940
6686 5713
7844 3017
7805 8582
6587 7420
1104 7744
7403 5816
2546 2445
6689 5767
7728 399
3424 5386
3659 6167
1675 4887
8991 7000
4763 431
7693 8035
1583 7191
4634 4251
4818 4894
6232 969
6025 5926
5415 2086
622 2197
5831 8186
606 1660
8869 6745
6907 2333
7097 2451
3147 5605
543 4937
4132 7395
6308 2398
299 5333
9942 7199
8093 9766
4938 9105
3548 3968
1925 9128
4472 3806
5912 6675
9896 9517
7008 8117
9673 5919
6221 3722
504 4756
8515 1288
7671 5784
1443 3063
4183 465
8641 2248
1940 3378
5956 1095
3864 1192
9275 9271
6349 8030
7769 4639
6478 1467
2469 1388
7042 4007
4715 8285
4870 5756
1317 2185
8101 40
1045 15
8098 3011
1776 6444
9684 3800
1316 412
6749 357
9621 7417
7323 7244
4117 108
1365 7069
5621 6754
2500 3532
7768 8428
429 4230
6492 3441
9601 2550
975 2047
1433 1538
6252 9314
3691 6072
5386 3702
4313 163
1815 515
5784 6777
4073 7433
6909 1571
2114 3131
8950 1327
8306 574
662 6715
2269 6635
1028 4546
3982 9663
3840 989
9784 6557
1659 9491
9755 6227
1717 9148
9463 120
8222 8192
1125 1921
3477 7332
2170 244
7925 8093
7093 599
2163 8106
4612 9798
5995 2331
6051 2562
9619 6731
3263 317
8534 4063
1106 5427
1368 7337
2736 6830
544 1185
2882 7133
2324 2347
455 5405
6693 3280
3095 9726
3570 38
5421 9354
2655 5220
8100 9049
1875 5307
4582 1545
7614 318
4358 4352
2451 6331
4823 3270
7877 656
3854 2170
4257 5649
2176 3181
9184 2476
4069 643
4673 5621
6201 7493
3918 2360
6919 7550
5596 1386
5256 5108
9434 1129
9228 9868
1324 1905
6596 5577
4328 5886
2036 5854
7216 5946
7949 9856
7041 937
7329 1539
592 5194
1602 9641
4710 2901
4567 8220
9106 6556
3143 158
1262 6510
9894 552
5390 9573
5406 6091
6793 6590
4375 8412
911 8921
9848 4831
7469 5885
5043 6139
8997 1227
4621 2259
2304 4191
6574 4414
3953 1280
8263 5627
2494 2472
2967 7774
2211 3424
7318 8479
7184 531
5480 2312
5879 5295
6937 4448
6084 8577
5818 5903
8761 3745
557 390
9628 7865
3939 664
7063 9505
3057 2129
6548 6503
7237 2390
1512 2133
9076 8155
2839 3691
5900 7439
4498 3566
7446 7183
2793 2215
3920 1635
3215 178
2249 9987
7443 8463
885 373
2022 6011
5337 1847
3367 9408
4949 5555
8694 4341
3843 7508
3535 9683
6817 6617
4510 8530
7607 451
2584 1472
3148 6322
2841 2300
5776 5129
6637 8258
2764 2703
1281 8881
8224 3468
6525 1971
1105 571
8364 2172
9219 6847
9930 266
7972 5526
9475 4683
5319 5377
9112 7375
7157 346
9732 9551
1490 4125
4666 9782
3835 497
4595 5681
3333 7706
149 879
2748 6685
834 8706
367 2277
5765 7265
3818 1823
2272 440
2470 6921
8882 8383
843 7045
1534 3743
5304 3465
5803 8834
5030 8658
2524 8488
8019 9818
1909 9274
1137 4579
9540 9900
6381 2677
7322 8124
8282 1569
8210 5890
8500 6950
1633 4298
6916 1631
1234 4597
2696 5046
4593 6380
1322 7747
3796 7308
2482 3502
5620 8014
988 9771
9515 4235
4174 8261
9789 6863
3226 829
6329 3151
7262 8356
2140 6273
5873 1648
328 7891
22 9676
1754 3580
6924 3554
1180 8322
8870 3339
651 4983
8416 6756
8715 5380
9222 6877
3180 9438
3931 3837
8231 8373
3846 4025
1760 3297
2756 2575
6894 694
7939 6822
4774 1161
139 2682
313 9974
503 1581
1585 8828
7219 471
7850 4057
803 175
8822 6896
8728 8403
5667 4885
8627 9233
9001 9873
1110 8230
2487 6640
1222 7187
8603 4936
5339 7805
4259 2083
9836 6861
8596 6296
8233 4188
7785 6992
6886 9302
9873 1216
7279 4674
4770 988
7808 8058
8482 5002
7077 8082
4509 823
1178 6851
7592 5186
4055 1438
1832 7790
5140 1182
5322 8214
7136 3553
6969 5653
9519 1636
8466 3640
6848 1525
8028 4699
2675 2311
7979 6297
1145 8541
4983 3705
6192 4776
3903 1674
2631 1771
6177 9640
3826 6382
2968 8785
3829 4860
7500 8470
4805 6455
3410 4286
1157 4167
262 2895
507 2274
165 850
912 2159
449 584
6398 809
5762 757
643 5496
5940 7586
865 2055
9295 4122
5847 5554
7165 9203
3604 975
8697 9776
2999 7537
5553 7789
1988 8151
7059 4717
8467 3475
4239 6630
11 4294
9817 9775
1827 4238
9103 9012
7823 8421
5336 3105
1680 738
6850 115
93 74
6803 8026
5453 6414
4542 5598
5353 8795
1508 3121
9061 3952
6864 567
5971 1247
2403 2529
5945 4564
8117 4153
6225 86
9637 1848
7179 9642
5389 9097
4297 3146
174 895
326 6265
2321 6023
9747 277
7088 93
7236 550
3648 3224
1273 6637
2385 4055
3541 9091
6289 4539
1887 1209
1116 3712
4655 7944
7572 6365
2372 2897
9973 5528
1669 6244
8698 7832
6233 3924
9696 4499
9414 3552
8194 5880
4937 1760
5987 2495
1210 6114
2509 2414
7333 4471
8267 3141
5934 2844
1957 9612
51 1214
5307 6164
8311 8357
9494 710
1315 6512
1586 3581
5208 8129
1729 2252
8682 4476
8577 7340
9136 5218
6584 2054
2751 8042
8205 405
5509 1687
6284 7098
2341 2099
765 8920
3781 1042
3973 3744
4285 435
1622 8037
4242 5037
1373 7288
2741 8917
7294 119
3107 9513
3992 1522
7703 7048
7812 4568
12 6797
104 8296
309 1307
356 8805
4065 817
4876 9455
4624 4768
564 1759
3151 9981
3465 6007
9814 5133
9998 95
5287 4312
3390 3023
4609 5309
6599 6206
4798 6268
5117 4870
9677 5973
7191 5595
8942 4849
4371 3617
7622 205
4058 1456
2049 2766
3304 553
4228 4832
2050 5290
1162 830
1696 3235
1781 3869
1678 6095
3039 9057
4923 9199
9660 7801
8248 4763
4656 1358
1866 4084
6103 4787
2642 6126
6639 284
1406 1959
7698 6898
9820 4318
550 520
4954 5229
9879 4969
9780 5466
734 7657
3102 8269
5626 5710
164 1126
9310 8423
1256 742
1795 3333
691 5195
8814 131
7167 7072
7790 1713
5757 4237
4370 5592
8993 5272
7933 1302
4273 296
2879 4380
8889 9706
5872 7528
5253 3648
1426 7680
4405 2446
2686 2492
1984 7042
4357 3413
2639 3537
6738 1124
8262 2409
1163 3639
4186 7612
9765 6908
6657 7990
6866 7946
7234 9516
2598 4171
5978 6258
8955 3440
7466 437
5382 7208
6820 4425
9277 5909
1362 9588
7420 8046
5169 6411
9571 1290
7637 4268
4645 7269
7653 4511
1974 2674
8370 4715
17 8514
4537 8162
3412 9836
3868 3464
7117 5505
2921 5805
5053 6736
4476 3228
6303 2164
516 577
4975 1206
3849 9417
7208 5849
1785 9723
3230 9058
9443 2662
6080 4684
4425 6493
8949 7791
5544 7093
9580 2177
5025 4561
3654 8282
3430 5565
4531 2513
827 3485
9974 7664
9804 7682
5323 3997
8674 104
2394 8992
4809 7827
6523 8602
4847 415
7197 1974
7603 4032
9686 9068
4989 1729
3875 7730
8619 9509
3103 7097
616 5716
5171 7287
219 831
4886 8507
199 8684
2887 9151
820 1975
760 2694
5878 5930
6856 8778
1286 6922
5431 1585
5067 8113
9480 2108
6005 4536
4718 9688
9828 2462
2709 3529
151 7938
9709 2003
7853 713
4565 3150
5916 3087
1194 7507
7031 3875
3140 439
3509 6149
656 5149
1740 6616
424 5311
4947 4241
1831 476
7243 3156
824 9174
6003 5467
3508 1937
9905 3979
9451 6311
5924 257
9675 860
1638 8246
172 8043
2518 259
6417 2896
3171 1707
2122 8756
8044 2504
2251 9735
5181 1555
6163 9022
7454 202
1902 3334
5445 3195
1378 5542
4797 8504
6157 7689
2972 8054
8329 3135
5575 3660
6721 2939
9630 1345
5868 8843
4173 4504
6186 5738
3397 3476
4311 1457
5790 4773
9893 9762
2653 7947
1474 1459
5887 9126
3454 3874
4128 4973
9015 9248
8934 982
3402 4182
1652 9157
9987 5022
6461 2058
5894 5534
2936 9470
5335 2945
6031 4151
6494 7302
5965 869
300 1756
5922 3372
4821 3489
1590 5677
6764 9217
7571 864
7468 3928
7103 1385
810 8091
4343 8916
730 8236
9498 4839
1250 4852
2931 821
3596 7358
1745 5543
1242 3086
9612 5606
6203 4764
171 7169
5852 8747
2863 7725
8835 1743
3755 62
8200 2383
1791 7238
4036 1451
1113 155
4620 1027
6421 5131
6146 6074
789 5349
6318 7101
7814 7502
5634 6774
5613 4347
3207 9176
4641 5305
3682 6682
7837 2060
6653 4907
5549 1543
3356 6394
6044 4187
4783 5591
3457 7219
7617 6234
3762 4082
1687 404
2059 3561
7987 4543
7713 6003
2786 5140
735 7313
4071 7182
6366 4272
5772 6223
2694 1050
7416 7800
3769 1796
8209 4389
8143 7336
4504 3160
5546 5080
7538 4968
8582 6626
7242 8720
5693 3089
4907 5669
6880 3400
872 573
8109 355
4299 8878
6130 9838
6081 1178
2267 1033
6330 9544
3132 8226
5711 7825
2368 7671
9821 5214
4492 8304
2826 756
7425 8362
9707 479
7918 2849
5650 695
5692 1191
15 4434
2056 3624
4221 8012
4651 9718
1842 5469
492 4573
7120 8209
3594 5843
170 4659
2635 3594
4368 8986
3961 1445
3084 9693
9961 4878
1114 6059
2945 92
4900 3272
8121 749
7624 9754
6473 304
2072 8197
3676 8941
2238 1640
3943 6865
1783 932
7775 2037
9704 7739
27 5189
8844 2125
5896 4562
1651 2501
8462 2403
2317 8471
6632 5471
3391 3935
4488 7283
1606 5251
8699 9746
9339 5601
2263 9858
1401 7845
3072 662
609 9792
8294 9614
9349 583
1152 3200
8061 5344
6761 6949
2544 8763
1189 2399
913 3051
3715 9206
3054 5856
1329 1401
2284 9434
6150 7071
9364 5821
6790 209
2866 2339
1811 3282
330 5800
5282 247
3564 2481
2974 1541
4793 7355
7736 8224
8685 3961
1710 1494
3578 4542
2527 8311
9469 2392
6808 9685
1935 1960
6735 8981
9348 4893
1649 7422
4974 9790
6524 1641
1464 4931
8119 3310
5725 1241
9513 4166
6355 401
8551 9341
9783 3174
7327 4445
8184 2356
6321 1012
9517 9896
3740 9076
1655 4902
6200 4004
2587 3399
667 5692
6571 7574
9088 65
6656 9879
9688 3694
4433 7249
3500 4753
8599 1346
958 1887
2805 3621
7400 1591
461 650
4158 17
2627 3615
3267 2334
2586 9601
4642 4707
2689 6293
8188 7333
7342 3547
1484 1785
2220 1499
2724 8392
4529 1810
9493 9055
6649 4567
5179 7242
1825 3155
8571 460
603 6119
7437 9876
7932 639
8796 7181
9453 1413
222 7346
9327 8249
9237 7817
9787 5771
7756 1064
3987 2888
1683 1166
551 5100
8977 4074
3806 3664
2628 5455
6404 6840
3223 2304
2107 3906
8563 9998
8514 9152
8762 2545
4672 4085
7591 9425
6036 2610
9676 6241
4503 6104
7927 6120
2315 4510
1049 8275
386 8118
5928 2147
8203 9638
5819 6660
3522 4905
6734 4890
3609 8219
452 192
2293 9300
6027 1263
5144 8871
4453 4800
9761 9907
9305 4830
8963 1719
5202 6321
88 5867
2624 9263
6165 3841
5103 4946
6772 1563
7759 6853
5286 208
6159 7053
3878 3716
775 7155
9041 5589
8550 545
9737 429
4334 2837
4868 4944
7529 3492
1938 8231
7160 1752
6046 1663
5032 6004
6767 5435
8785 3111
1024 3209
6893 7268
8308 7553
2186 5146
9300 9805
4384 2038
5854 2249
2564 9272
3149 591
8740 2319
3098 6902
7255 660
8327 1840
4825 2704
8356 3812
7726 8629
320 3681
9915 7675
9490 1197
527 8561
7752 2145
1165 9026
6788 8660
7316 1127
2000 181
1634 1734
5409 9442
4056 1187
7217 2847
4896 1310
9760 8832
6479 9926
3051 214
1880 8531
8392 3571
7394 8276
5378 2432
2265 255
5275 4777
8858 2136
9261 9845
7919 3015
4181 2637
8956 9086
8652 938
7495 2680
6912 2258
9440 1830
5125 90
2392 1653
5139 2119
7361 9529
720 6928
3697 3091
8738 5224
7429 6440
8623 2845
5199 9760
8091 2589
2283 4610
8959 3367
370 6818
3820 3463
3368 9201
2476 2279
3172 6374
7507 4107
126 4813
3776 6526
3589 5449
3600 7310
8 5151
9407 4522
5402 9132
195 7434
9428 5667
3813 4103
9393 2439
2332 3381
498 7889
6700 5253
3142 9644
7789 4052
4468 3859
2978 3873
6934 7557
5311 3977
5864 5023
8338 828
3822 1851
8597 8873
6293 407
8879 4741
6013 9121
7921 9825
1311 5937
1848 9748
910 7494
2461 4308
6862 3994
9530 8483
4787 7500
4647 1957
1996 8293
5094 2579
2266 8254
5295 4742
9086 3071
7387 6758
5381 8375
4064 5891
30 4005
2422 3030
9549 1487
8720 5766
9336 4864
1611 8149
8552 179
9151 6287
9772 243
1567 7570
9557 5480
68 1138
20 9576
9319 7126
2798 5647
1941 6372
1593 5188
7004 7760
6675 1552
8872 2022
1591 7461
1136 2139
4605 4859
3347 4611
3459 1968
2215 7280
3879 5544
6609 1181
6424 6338
7129 8639
893 3797
9489 1580
4216 6299
2456 8265
271 2765
290 383
5849 8985
3043 5116
3551 4795
5090 4775
2441 6108
3114 2384
289 3215
8710 8497
5882 7749
6633 4064
2574 59
5892 5114
5469 2272
4813 9370
6565 2525
4045 5067
694 2299
7399 421
5178 1704
1735 5803
4121 9360
307 9010
9981 8924
2909 9584
2167 4038
1449 2772
5769 5336
9308 4105
6253 5895
6241 9428
7265 4670
581 1526
2383 6726
4795 9799
612 6214
6572 1740
3134 2110
1171 5096
9077 2416
1643 5432
7635 3704
9433 2096
6299 9367
2867 9326
2916 7453
6367 1814
5383 8000
6729 1895
5405 5708
2904 2660
2139 4862
117 1034
6258 2826
6683 4265
1646 1022
2575 4209
1968 8330
985 8105
3384 4866
3923 5755
8807 1304
3585 3983
880 2510
7209 5342
7026 9111
6385 5284
7942 8301
7453 5571
5618 237
9803 9073
3491 9039
2442 6005
5820 5807
7139 5590
4063 3273
4487 6961
594 2604
7115 6192
167 8478
202 8963
5838 3225
2205 2496
6549 4772
3656 7318
2420 8858
9223 9092
6521 7474
7488 1054
569 3397
5822 8946
7204 6343
5054 5124
5992 1353
829 270
3300 3358
1124 1680
9148 1447
7820 4922
7549 25
3661 2917
5644 4780
4828 6782
4807 3673
7211 8667
7875 7743
3260 7780
7884 3888
3359 7963
626 3212
5834 2371
7061 8126
9066 8998
658 8229
5055 949
6957 6340
9573 4449
4890 7211
3605 3048
5247 693
9281 6438
9021 291
4851 1056
8164 5239
1548 6424
2965 2771
4098 5181
9546 625
6545 4267
6337 9236
2208 9918
1755 9572
5451 2206
431 6918
6694 1421
9729 5428
9994 2832
5483 3103
7114 2751
806 9311
5856 2928
4723 276
4292 8655
5209 2326
3662 842
2672 7590
9947 4361
6162 551
6199 7382
3733 6081
7994 3497
5865 1778
8454 6739
5215 5112
1016 8172
4720 5446
6990 3099
1706 2859
7372 2353
887 6964
4247 9094
2367 7189
7733 8002
6756 6701
1135 8690
1307 7684
8036 7442
86 3727
8601 8628
6809 6857
2374 2809
1493 9535
3271 1511
2027 8352
4952 5240
4211 3383
8177 4093
8441 1728
4657 7204
1615 7962
3499 3161
5111 5960
8211 2187
8124 3455
1133 7031
5709 6122
9756 974
4808 2979
7792 8863
932 9578
596 6854
9232 6151
323 5804
2358 6248
7957 9127
6365 2763
7241 2210
1093 8056
4215 2670
8265 8776
3074 72
4508 8188
5931 470
1635 776
5345 89
8642 6378
7891 1434
4338 1842
5534 353
8947 7472
4162 4608
9768 5231
6591 9765
4388 3410
4635 3368
2239 1496
3235 7836
4543 6410
7029 2818
654 4430
2870 2320
103 9350
5000 1714
3476 7543
5614 6529
9267 2463
1580 143
129 7558
8104 6474
3026 705
530 4140
4775 4685
2932 7215
3283 2649
6904 9521
7269 2245
9839 1204
7458 3162
5463 4218
3421 760
7222 5378
3326 965
3106 2887
9972 7124
5886 9167
4545 1036
9746 5366
9033 1473
6362 1826
7000 916
680 547
7783 9690
4588 4888
1047 1231
6899 1329
5540 5056
8000 2167
6011 9692
2983 8949
5816 2386
1323 7448
3721 1738
6976 8826
3671 5228
2825 2699
4767 8664
8034 1762
2381 2812
9051 2783
3801 1764
4546 3366
4042 4919
9508 6762
7404 1057
8408 8399
5615 933
6536 8080
3189 8848
2417 1988
8839 8674
8679 1943
5805 4574
4913 692
6360 4173
9819 7356
6407 6663
3021 4215
3851 8791
807 6295
9420 9559
1043 9666
3351 7285
3369 9545
2398 87
2595 4079
6991 2148
5411 9982
9703 7396
3708 19
8232 7006
3418 3730
5121 4569
6376 7476
8280 6348
3471 8719
3553 7001
5191 6028
8236 3747
8778 7617
2298 2143
4392 2036
1475 586
3552 5016
2957 4451
3926 1239
6363 5277
8345 2790
7275 4457
6071 6930
9743 4231
6522 3404
1422 8391
8671 5256
8220 7334
3677 4733
8826 9422
7804 917
52 9600
4573 5109
6838 331
2343 3879
3611 5777
4631 5103
5294 4722
7516 5808
1158 3168
3058 5734
2188 6967
9825 1754
2998 7202
3790 9764
5254 6514
5760 1619
4260 629
4467 267
3399 7401
7807 8319
6430 4656
3152 9719
9645 250
1603 2626
7763 8299
7270 3107
7830 562
3716 9154
6488 7343
8831 9030
2981 6282
721 1544
3702 7864
8589 2437
8506 5397
5097 6621
4205 4040
7382 4124
5022 2554
5080 5334
2562 3698
2963 7104
8695 911
1346 9492
4834 9488
1978 6324
1353 2393
3977 1380
6869 7052
5679 3375
3540 6831
413 5582
8765 9549
392 9041
7689 7306
6534 1158
6431 2958
7449 6619
2725 1001
7976 5438
2047 3576
1976 1145
5240 4918
3379 7292
6140 8187
5637 8991
4480 4180
2128 7556
7667 4516
6391 6318
5739 7691
3805 8510
4159 2530
4151 8884
1263 9670
6718 6468
5674 8499
1056 8237
4435 4198
4452 7510
8320 5373
4931 763
1022 2233
1576 7458
142 5192
5672 466
4333 7329
8539 2944
8404 2391
8390 1283
2827 2256
292 1834
5681 4026
5078 3852
6301 8425
970 6880
4409 1857
4262 4435
9341 5191
4747 110
5268 6920
5604 8445
4892 4738
1390 5561
4017 8553
7819 5548
4169 862
8516 4637
6290 4664
2147 2865
166 8686
6789 7616
8512 6127
6405 7127
317 2527
6266 8953
8261 6489
7645 1287
2550 6755
9504 1550
6891 8252
9871 8552
5520 619
6030 1642
9644 1992
7747 1590
7845 8166
8452 9633
457 8490
3063 69
6443 2909
4921 6802
5814 2835
121 3683
1351 3821
1298 1446
2813 5297
7137 3108
4780 1091
194 1070
1075 9784
3704 955
7724 9304
5225 345
2277 3988
777 4307
5740 5047
4101 8710
531 5406
3630 3525
3224 1141
3734 1083
5953 5549
9221 4027
5009 3238
3979 5323
4018 8693
2875 1643
6618 5985
1607 1093
4019 3941
3264 5020
2116 394
1377 4359
9764 5444
2616 6691
9888 1566
3896 5358
9766 3421
1816 825
5239 7205
8573 9497
3163 2213
4576 9149
7408 1881
7434 2756
9816 9439
2892 5740
4278 4054
4984 9418
9363 6208
7992 9741
4739 6080
5290 8672
9108 8535
284 8784
6763 3774
1387 8885
2901 846
7014 4028
9155 3950
2889 2151
9583 5666
6094 3302
536 2290
6526 6199
1190 8321
5365 6416
4616 8486
8088 5198
4026 9443
3946 2520
7882 1805
4577 5982
9876 812
2605 6963
6346 9546
1198 5743
5061 5690
8346 8431
487 5579
6300 9424
5296 939
340 532
1883 8707
7873 5907
3700 4981
9891 3719
1284 2950
152 1637
942 9526
2328 512
756 5079
7203 2596
2486 55
2625 1351
8013 8233
9976 1068
3773 6974
8734 4879
5512 5136
2918 3000
7349 582
1254 8930
1721 5876
1227 2658
9294 4429
6640 3219
764 2316
6948 4826
7924 9242
9171 7585
7546 4121
6035 3543
5513 2
8264 6441
8758 7994
3456 3864
2663 1892
6356 9827
9007 3177
9210 1742
9425 7904
2836 1348
1995 2260
7599 8544
2830 7429
8557 5064
1565 4729
223 5879
4305 8006
3804 5317
2949 967
8805 2655
5338 492
2462 2507
6323 2363
1013 157
3174 5123
6213 7536
959 6308
5352 6535
4939 3778
9509 3175
9935 9518
7895 3408
6054 5680
7717 5431
4872 6449
29 1784
9920 340
9931 9382
2571 3157
5809 6760
9095 4638
2233 3221
9802 3104
2313 1417
8076 570
1450 3929
6928 3136
5250 28
9110 8957
2776 6130
2511 5139
4094 7978
2944 7376
5236 4405
1514 9615
8851 2231
5967 7004
2453 7812
9069 1019
254 3598
417 1647
5281 6465
9502 5259
7415 964
1404 1615
2312 8406
7390 9502
4835 9571
9035 5291
6642 5288
6710 7931
3050 7641
6942 611
5630 1154
8298 2098
477 5296
574 1003
8579 8662
5746 858
6209 881
8443 2168
7018 8480
6570 8414
8548 5663
1790 9218
8524 2578
835 5586
6527 6121
3788 6542
3959 3029
1666 1632
9758 6767
7629 271
9424 8009
6196 8859
7881 871
4518 215
4112 6225
663 9976
2943 9963
5500 2450
6070 6152
869 9411
6564 9660
4766 2854
2196 6041
1552 7939
4784 5411
6759 7806
232 8906
5608 6354
9461 2427
2004 2526
6776 6103
7618 3915
2801 6746
5234 3960
3685 7407
3674 804
9952 2629
5767 3602
8984 7844
2745 9240
1857 3530
580 1952
8357 2642
6541 5379
2561 3097
5420 6711
4491 1135
4578 1684
8827 636
6291 994
9250 8890
2399 5951
1689 9197
7252 3904
5137 697
706 5045
4904 4202
7951 3596
957 2455
4241 3382
7762 222
4501 9607
7742 9453
463 3305
5355 3321
1007 7447
2350 3996
554 2343
2289 5310
5824 4808
4977 9562
7445 4502
4369 7391
3170 9266
1300 1463
8775 454
8334 3726
1420 9375
4175 8227
8666 3456
7235 1790
2483 1410
9152 3268
5300 3620
5490 9937
9898 3112
5113 197
2792 2557
9192 5878
6624 4735
1211 24
6826 5597
8133 184
6053 4580
3316 9235
4232 6107
7226 3956
2789 488
727 4118
1871 9478
4812 5167
5497 1224
5197 3027
2797 6076
444 4420
7697 9460
7962 9002
8662 4556
6684 3322
6745 1793
5129 2746
5678 1278
5640 354
9948 2989
5763 37
3486 9421
6099 6778
8470 2512
230 7941
5430 4413
3315 9527
1021 7779
7721 4871
291 7854
6783 1730
8008 3905
1797 3012
1656 7278
3210 5515
2435 1400
4583 3679
6978 7880
9988 5908
6535 3572
3794 5848
4423 4889
823 4578
3811 6263
7477 8019
8607 5712
5227 1444
8292 8073
8228 3916
517 8511
4824 9344
3836 645
8134 8189
3623 1312
6344 2749
4140 1440
4830 2469
8087 8443
158 7513
9067 4408
3937 6926
1549 5404
7556 9950
749 5086
5543 3768
9492 8618
3906 9496
6758 4791
1389 7604
7935 2906
391 7753
2070 9508
6437 8363
6032 5051
1503 1458
2844 7383
2759 9047
3099 5248
856 7918
5252 3191
5464 8586
1703 7478
3360 9380
3258 5510
4319 2441
5815 751
3555 1151
1018 8393
7628 9450
1541 4657
1352 6044
2768 6578
4589 9872
996 3611
6448 7959
2248 766
6563 3509
4131 7290
5759 3374
9220 51
9052 8540
3081 9447
4717 5918
9147 7858
4374 1609
6069 4317
4111 1997
2757 1198
8779 5436
2777 9310
9243 5751
4866 9534
3752 8420
2183 1171
2207 1620
1577 9605
2479 8820
2103 2549
8670 9402
3739 5007
2619 9500
4246 7455
2854 3610
8279 5209
9599 7788
9624 9308
6153 652
5349 9606
6219 1683
441 6627
7143 2089
2255 5027
6920 2239
8459 177
306 9347
4541 1110
1980 8345
9005 4013
6402 3918
31 2791
4312 1911
2769 5316
673 1658
8736 7352
8038 3817
1998 3038
1319 5839
3957 5024
8332 1235
4918 1594
237 3190
3517 8867
3507 7207
2908 2011
7071 9305
247 7241
4500 8086
7268 3886
3192 1236
7885 382
1720 5969
4840 5995
4206 3324
4662 2278
8493 3439
3789 8173
4627 6528
9264 1839
858 9543
7331 6644
9813 9198
8735 3757
5175 3534
2048 7012
9495 1436
5990 7377
4102 4363
2924 7655
8850 4274
7965 3644
3336 397
8585 9729
6467 7157
937 7160
794 6558
1453 7296
4125 5593
5019 5017
3798 6390
8592 7450
8753 2412
5303 5558
1153 7369
5594 3709
5788 9278
4381 2465
3335 3259
5195 3085
2156 6161
3684 6146
2261 3676
9378 8725
1802 5898
5508 8050
1458 4642
4878 3232
4553 9910
6836 3244
2633 7758
6008 2104
7353 502
6543 371
3441 4058
9018 1414
6372 8723
4626 7491
7868 1876
884 9625
3586 3129
5888 970
8663 8342
8213 5450
5902 6614
3490 7256
2124 4104
9892 2995
6078 6615
8614 97
6860 461
3494 254
8907 2498
9770 7942
428 8114
3523 7002
4768 1025
9600 2925
4044 4321
4689 9796
8199 4009
7523 8915
813 5134
5012 7631
7685 3423
9189 3078
7760 4913
3934 7147
8014 63
4742 8202
1665 712
2857 9832
3727 2315
123 6
8874 7515
6059 4017
1 2497
2481 6221
7555 2705
5890 1510
5471 5753
3416 9862
7738 2614
331 306
7440 4192
3561 1918
3910 1537
2837 2675
3895 4385
9818 2624
8055 8823
5976 4494
5918 2693
9585 7814
2947 3625
7870 6603
6246 5348
1394 6047
886 7765
1786 9061
3871 3134
2939 156
4966 5117
5305 2281
5131 875
3158 1448
4497 1769
3534 6763
5358 8788
9989 1605
1197 8450
9907 4348
9488 5089
6004 8980
2100 696
7803 139
4126 8184
7056 7823
8687 7564
8425 8271
7177 2500
7194 9349
7244 5204
7341 6673
3746 2848
9343 7511
8903 6056
780 6408
7439 3312
7231 4003
9139 44
7788 3202
3881 1339
2543 2720
2354 3775
4455 1213
7709 3311
3975 7551
6319 8164
3330 8565
2976 1203
7037 279
7514 897
102 5513
8867 2965
7233 9942
8230 41
2726 5998
2499 5519
4694 3075
9503 9296
4167 9742
60 6320
2165 398
5939 6589
8503 8968
8535 1077
1205 2350
4184 4750
5130 3738
2580 4372
6060 7102
9562 7996
8350 3117
5201 7075
4301 9533
4520 8368
5986 9623
4450 9177
7166 8176
2706 472
584 8350
5042 3964
1752 3142
5392 449
9185 6159
1051 3067
9978 2165
7302 690
2920 2524
5538 8326
2622 6055
9303 194
9568 961
7952 9616
7831 3045
7633 7932
5216 9158
8268 2394
3940 2344
486 631
9437 2930
2611 1824
5570 1449
4309 6316
7883 1859
73 1708
6779 6980
1644 6188
3238 2461
3510 4873
8994 168
2245 207
5373 2594
5374 6054
7260 5166
2894 5430
5673 1832
9552 6306
9338 5170
3984 5793
1620 4029
6379 1106
4736 6550
4218 4886
2169 4651
9753 220
1522 6650
3782 459
9188 6426
6055 325
2828 2247
8316 3865
8861 3544
1246 5900
1563 8264
4936 9514
6039 441
907 3514
1069 305
9278 8794
40 6747
2347 1035
7098 6625
1892 4955
3514 1359
1491 2839
5076 6530
5588 3169
7560 9674
2083 2203
9842 5700
7221 9433
4909 4592
4288 750
6312 2599
1763 1750
559 2471
193 7633
135 1361
2231 1736
5758 5028
3387 2266
7655 188
155 5785
3688 6326
3010 1582
7328 8529
9334 7094
3759 814
9002 9557
8951 6772
6770 7563
9008 2253
6465 6841
4115 3877
8047 6487
3452 9117
3314 1002
8447 1316
4307 5790
1147 9972
2355 7264
3022 9295
5744 2456
4685 7799
2987 5448
6412 200
6962 6674
1690 6280
6139 9504
3858 4185
3227 1134
8504 2425
3618 4083
1006 4447
2386 3527
6123 6721
7497 2951
4143 7907
8300 6277
4489 8958
6149 8578
2346 5347
981 5263
9096 8442
2407 1833
1502 754
3137 6872
986 6823
751 7149
1672 8147
8256 5939
6636 6752
3167 892
9150 4261
1569 6737
8272 4400
4972 150
7492 2421
525 3164
7116 5514
8354 3634
7464 6587
3652 8409
7720 6509
7550 5057
1151 3226
1921 9468
1727 6463
1556 5811
1560 8297
6602 5196
8811 1252
1958 3512
526 3749
2608 6189
8931 4942
2474 5913
5766 8866
1121 5815
4 18
8201 514
6272 5863
338 8551
7631 8627
5092 3445
1564 755
8435 9355
2182 5902
7178 1861
4230 8624
4551 2630
3049 4916
4189 111
4754 885
9858 6618
678 3895
9259 2325
6129 4687
3915 612
6024 7853
9712 3247
7899 2365
5984 7138
405 2262
6620 9824
7407 792
1661 4132
5802 8432
3220 4411
1983 2082
9474 1933
3052 8914
7224 9902
6951 2107
3544 730
4429 4043
9000 6646
2784 321
8982 9613
7798 6395
5687 5829
6713 927
4917 5668
6351 9486
9881 5165
375 8095
7127 2702
7621 4184
5441 5792
5028 3574
5799 8449
5701 2428
6475 5632
339 5956
964 9530
3985 5152
1898 9944
9276 3662
8489 1947
6110 9935
6446 8320
6897 8589
4584 3041
3897 1291
1642 8376
3725 6593
7662 5828
8677 1281
1182 4150
8877 1586
3096 3710
3861 8116
8773 5376
5041 494
69 7247
8572 6462
7021 533
2026 6518
5 7488
7141 1867
4549 8333
1951 7027
2468 1597
8050 5758
2581 3248
3737 3287
7813 4172
3228 1297
1398 2934
360 2678
8527 3336
2522 1122
740 3678
6342 6201
1414 4633
5416 8244
9032 5375
7314 8646
6668 9378
1605 9701
8906 7792
3165 3006
9683 1698
3865 1289
2051 9939
2450 4765
873 3230
2603 3818
4920 3057
7367 9228
1944 7859
2599 8851
2609 7815
6901 2071
1759 8538
2984 6804
4157 4900
8275 5704
8407 7217
2713 9539
8953 4221
3971 3128
2569 1549
1991 6888
5070 4081
279 1612
9198 6806
5261 8022
497 9914
657 9975
9158 3903
3799 2422
7039 7347
9864 3016
1383 2947
3173 8819
903 5019
2621 8977
9053 2921
7723 3341
8549 5009
1600 469
414 1037
6021 2175
1431 7381
4428 5268
990 7632
6627 3409
3339 5463
6261 4339
6189 5881
2577 7987
3007 6165
2078 406
7230 7786
5467 3245
2804 5778
8227 4630
5438 7646
4557 2328
296 5062
5180 1792
5877 2156
5065 7861
785 6090
4037 3940
776 7807
578 8532
2237 6683
7782 1117
6126 1724
4632 9703
2172 9814
5394 5387
9822 1838
9985 9080
7325 7530
6305 2263
9901 5940
5075 4041
5833 5418
2419 117
272 721
3919 1075
66 1323
3901 6093
4249 5831
4383 1532
6216 2041
2081 7922
8001 2301
8030 3781
9857 3608
9909 7701
7886 6848
4964 3329
4208 9225
5601 7679
3014 5978
9345 248
3003 9252
8624 4612
9805 1602
3239 1160
5283 5053
619 8632
7082 5774
1582 1936
2174 235
250 7693
3757 8232
9418 8170
7754 5368
1504 4384
9815 5657
9245 8656
435 5645
4628 2884
2137 3013
9925 1418
4057 549
8384 6585
4010 5637
5020 6911
9050 7490
122 7688
4777 8034
9733 1912
3146 1985
9175 1928
3711 5732
7551 6042
9792 4479
5577 7584
7281 9756
85 5625
897 8964
5363 4269
494 7741
4236 8349
144 3967
7568 307
6185 7728
1305 2014
6206 5312
1062 8509
113 4620
4268 6256
3904 5337
2218 1478
5982 6443
1959 8849
5176 1970
2915 9897
6802 5033
709 9155
8226 171
8072 7842
4447 5868
5238 6601
9263 7596
6352 7365
4669 4682
9609 7033
871 67
7910 3478
8532 3437
6357 7855
5018 5267
9908 826
8846 2464
7855 6392
2674 8385
2594 4061
6597 1184
8648 5746
9164 2866
5866 8290
7290 5864
491 1474
666 3618
9170 5173
1200 6652
4441 5052
4530 6002
744 9345
198 9338
1188 6418
5727 9290
2023 6169
6134 9361
249 9587
6706 5694
6454 6935
2250 3742
6173 5216
3587 5938
7890 6039
6750 4698
8680 4197
9777 1529
2232 5992
8836 2020
4461 8132
8958 4208
7360 2219
8090 4964
9900 7707
4289 6672
2331 334
4028 6757
631 983
3425 8446
1511 2423
7259 1505
2514 7470
1919 995
7470 3654
3784 874
7610 3560
3252 6131
1384 6869
2719 3309
3364 8962
1911 5725
4451 2008
2282 7243
9559 5643
6885 6955
6133 844
2142 450
5504 6048
5166 1085
6672 9243
388 1850
4581 3183
2478 4266
446 1599
4865 5034
5391 896
8881 8732
9716 7835
1686 6886
1886 6533
3067 1865
4202 2861
2886 5497
6396 4195
5605 3426
473 9761
4413 8773
1555 29
1408 4196
591 1403
5599 6437
7641 3721
8546 1995
7541 6584
1782 6800
2040 5414
7508 7272
345 8650
950 2005
7794 4219
1970 5502
7239 6475
2645 7044
839 4138
2618 5609
9350 5608
5221 416
7089 8316
3301 4992
9187 4711
7646 8039
7280 262
6621 2733
6755 4991
4197 2711
7815 5530
4564 9755
1382 2907
7452 6925
3665 863
8932 9898
2811 4116
784 2196
3382 3119
4203 9866
6029 5662
8453 4545
6851 3431
3159 9227
3637 9014
4692 7913
5428 8165
956 2819
3265 7240
1794 5990
1625 359
2729 7125
5051 9786
6037 4802
6705 3370
8730 9348
2855 4963
917 6611
6339 585
9311 1699
4899 7736
1893 7047
7598 3563
617 9476
2423 5945
9615 2664
5362 411
2344 5912
9934 1888
822 8452
2997 5968
4688 7351
4513 4941
5880 9609
661 1319
3109 9446
6906 6312
7537 1996
3037 3496
741 6136
1455 7833
8771 6970
415 7803
4363 6467
8045 8757
2113 1271
3373 2230
1029 9553
9039 333
7199 4754
7401 7887
994 9889
9851 4509
7955 7798
2526 934
169 2362
1416 632
7504 1998
4967 654
5174 3972
8862 106
2203 486
1479 6748
6666 1659
3771 5350
9625 671
5563 9619
8378 8071
1851 6753
7019 921
6871 2805
5944 9383
7476 2618
7411 3980
2223 5035
7433 8703
1294 2218
5938 389
1803 1877
8803 4647
4049 5441
3473 1009
2073 1233
690 4626
5545 6712
3236 8523
9827 728
6753 4345
9880 7286
1956 8426
7973 8683
6172 1531
535 6466
1436 4617
7187 1242
8948 9828
4922 249
2576 2188
9841 6445
743 5130
1812 9259
3537 4712
8632 6267
5590 5929
6768 3641
8033 376
4445 6450
2765 2112
478 1121
2379 2045
2195 265
4462 4643
8894 9882
2614 2374
5963 1869
5456 1578
3668 4331
6977 1029
5798 1094
1140 9445
1101 1879
855 320
3157 4183
3807 7348
5585 8537
61 1965
5134 135
3248 9397
462 224
2387 7087
3060 1306
9372 7566
1413 6497
5037 1501
466 7906
3483 4730
3209 9021
1676 4552
2680 4395
5127 211
178 9908
9224 6899
7091 3670
8043 1144
4224 7353
8187 1217
3086 8903
8966 884
3325 5105
4486 5403
4771 1435
4914 8372
931 2163
9808 604
2226 2491
8576 4247
3467 9342
1618 6856
6765 3838
8241 233
6490 2645
9646 1060
3318 2881
2171 2368
2057 9699
9713 4739
949 4459
3435 1669
321 7384
8276 9938
3709 1201
5607 8764
1768 2361
9324 3692
8167 5877
6326 5748
3536 5090
8969 3600
32 1737
6507 8323
1251 3391
1965 85
9403 9028
9577 7232
5909 4248
9977 206
3427 4566
2491 2856
2990 9536
757 8965
7536 498
1239 9391
1789 6791
3647 7988
3933 9112
5817 1700
5964 5787
4051 2685
4100 199
5152 9359
697 4658
5926 565
5048 9905
6058 9899
2673 8309
2933 1791
3150 4710
3856 8904
1257 735
3393 4297
7192 1088
4269 2308
7386 672
1418 7572
5243 747
5183 9224
3201 9231
9877 5983
465 6749
371 4358
1036 6942
9681 6905
5666 1317
954 2949
7542 5302
9944 5522
3212 7925
5669 8401
7016 238
7871 458
39 3080
3899 1901
2129 8902
3814 8044
8094 70
9094 9744
7658 1387
8484 8413
3626 2620
6797 9554
973 1260
7986 8331
4245 3536
2539 1157
5038 4099
5233 4227
387 1802
1747 1948
1654 1394
2360 548
3620 1904
6630 2010
9591 5174
6064 8378
1850 4350
800 5646
3389 7738
5663 1950
6861 9182
725 5527
5461 6740
9731 3762
633 2116
3294 3284
432 4123
4337 1666
8497 6425
7151 8950
5994 3870
5444 4766
2975 7702
1278 3461
1693 481
9009 7468
6288 5085
2473 7009
7616 6811
393 785
2016 7750
206 5638
7055 6134
1220 8598
8446 8676
6441 9131
2307 4652
1744 5616
5432 3369
3660 4470
5913 9351
79 5072
9569 1046
4459 1561
1428 5356
100 8599
8545 474
9941 4152
2151 5246
8885 6154
7835 9877
511 2216
3231 4732
987 7198
5714 8533
5539 8996
7757 1468
6727 3276
365 1595
5583 7950
537 4046
2570 312
1844 3866
2138 7512
7366 7148
8052 1471
1570 7294
7533 6358
2198 8315
4494 513
4302 3351
154 670
7017 6718
8517 2335
6474 9720
5584 2382
1364 8640
3374 2034
5932 2873
9100 8159
3413 4340
5623 7879
3736 4548
4192 9712
2294 8688
2380 9561
7909 4135
5691 7482
3511 3488
6635 6309
5780 6315
3967 4271
9183 8485
9464 3211
9302 7175
8905 589
7816 3436
3240 9659
4469 4095
2876 8570
1343 801
1663 8635
8644 1956
2311 8415
7215 8696
9560 9306
793 5773
852 746
1054 3605
3447 2515
5442 9957
6183 3418
7694 2692
3290 3907
1738 815
5403 8386
5561 8705
9251 9523
2970 7196
1852 4706
8138 1399
2489 4201
6834 5364
1291 9568
2162 396
23 4450
6547 5769
4339 2993
1357 4844
3446 7206
6187 5925
7140 7687
5309 1548
6840 2973
1138 4696
601 6429
453 3589
759 5840
6538 3526
6444 2726
2175 2176
6316 1315
4352 1767
3458 9329
8113 4794
9774 5179
7113 3684
2695 8123
2247 338
8954 4736
1946 6722
7930 2681
5046 5518
409 2860
9471 2467
9165 2769
3793 3285
3741 598
1325 9795
5259 2519
9539 8141
2326 3545
469 4598
8724 7871
2098 7509
2168 9335
3990 1223
3625 2820
6611 4062
1550 4666
2740 9036
305 9454
6730 3588
6286 1961
2510 7793
9133 3782
5703 5495
5735 3295
602 9159
3815 3985
7702 58
7602 4635
9068 8836
3573 3649
2532 1293
5881 4537
1206 9208
1899 7107
6539 9286
4300 2080
3492 323
3599 6479
2121 8033
9262 9669
9486 3269
3692 3974
9597 9969
9565 6413
7028 5329
9863 511
4505 9579
4602 8810
3269 3123
9450 8077
3860 2478
5291 1462
1937 7432
283 2064
5677 2760
960 9139
4060 5783
8633 8798
4394 2539
7132 1324
9856 1234
2955 855
1997 1313
1244 1633
2120 1014
1617 4204
1743 6506
1614 6030
8702 1942
2554 2072
2299 658
5573 901
971 9207
6578 9462
1407 3218
186 5529
3291 5439
8348 7544
8797 8838
6614 3794
8971 557
828 7222
4251 3687
5060 1820
3218 3871
6496 4882
5993 6776
3127 3771
1888 9916
6409 9810
8186 1519
2158 8228
8812 2265
6132 6198
1804 8195
1757 6607
2893 6228
173 5723
4052 1825
2781 9388
8667 7130
6085 7209
3323 3482
1698 4141
2850 9924
4287 5217
755 9085
1609 4999
4422 8649
6354 7011
9142 9821
6390 7916
2992 5227
889 9913
685 3388
519 8824
7515 1165
7376 5932
7225 2987
6911 7762
1175 297
8562 5335
6671 7452
1765 3507
406 6079
9024 6319
4839 8324
3598 5462
762 9279
7729 7961
1437 4498
2513 7649
3569 691
7345 2400
476 5300
6194 1655
8060 9000
484 3825
2457 6409
6830 9299
722 1731
521 2087
4039 3353
9682 3760
1767 9246
1336 1286
3705 7999
7034 6427
4290 8612
1632 7662
1183 674
1814 9138
459 6085
5919 624
2732 945
9878 3652
8622 3066
6956 9297
347 8216
5562 478
4048 5794
9252 4929
7472 3094
5580 736
7672 2548
6397 2352
225 3616
2938 6238
2074 1681
2108 1006
3972 9214
8583 9988
5753 4049
7582 9961
3214 6283
9748 687
337 9583
8343 6513
9576 2431
3156 4948
6218 278
6043 9189
6966 9989
1621 2824
7076 2217
8604 8374
639 3328
2349 6434
1873 857
7190 3637
2030 3281
2761 5029
3853 3271
6309 4292
9398 6233
7078 8270
5474 8513
3756 9650
2301 8682
7438 7324
1107 9656
6905 7462
1419 1218
4250 1573
8613 560
9280 768
1896 9922
3886 9301
6336 1108
715 5574
2337 2572
5962 6655
8852 6193
668 5125
1402 8634
705 6827
240 6917
3777 5213
3256 4877
621 5293
8538 5556
5393 3176
7196 709
3617 610
2962 2706
3281 9333
6704 8800
474 9645
5242 1326
3944 4416
5380 2490
9121 6069
5148 8766
935 4616
4123 9906
4379 2918
2060 4260
7832 348
3219 1244
3888 5916
7847 6956
2179 3188
4118 556
6483 1366
2071 8543
9512 8568
3229 5845
1048 6671
200 6213
1077 229
7457 1073
5875 701
6638 4976
21 2745
2959 9387
6182 956
5223 4972
1626 4974
4418 6727
6623 7254
4330 1559
420 6687
8413 8053
4776 9324
188 402
3404 3955
8414 5388
1599 9118
5342 9928
7966 7251
1040 818
6709 436
4516 5106
9885 3172
6107 4596
5192 8961
7271 9890
4295 7467
2703 3893
7905 9082
1071 6642
2314 6381
2888 6412
4955 2992
1342 4
8646 4351
588 8140
4130 1507
8278 47
9226 4833
5713 7895
5710 9353
1571 6012
1252 1858
4968 9661
4665 9852
1769 2424
7156 7312
4367 467
4341 6846
9666 4727
9551 4678
2187 1330
8522 3505
1867 8204
8709 9960
8160 2970
7863 7105
3568 9732
5237 4876
1086 3373
600 3294
1889 6334
2556 6500
1823 6631
3669 8472
4331 8754
6382 1062
7652 3772
6453 4823
7817 4589
1521 2030
2034 5161
5344 316
5231 7867
7953 868
6485 3863
5981 6347
8318 5651
8270 3858
7842 6279
6169 6670
4407 5202
8223 2781
3302 5464
1629 8669
2200 6623
8883 3069
1030 4821
9679 180
2079 4301
3812 7293
6056 4632
5501 4051
2405 9356
7570 5070
5289 605
8767 5941
1434 7989
5204 6527
5079 3149
1972 1930
9843 4243
5859 6062
5188 4149
4912 3307
4361 64
9476 9528
7543 5043
1519 8716
1843 7872
5436 5031
434 9394
5249 1982
6746 2061
4586 414
5574 2583
6256 8654
1174 4492
8461 919
5110 4338
7498 8983
6556 8673
3200 2533
5756 5759
4454 6026
6215 588
9674 9593
3175 3802
3545 2302
3344 1489
8502 1477
5071 7469
876 1710
3306 8714
5155 3711
3581 3671
5106 4856
7843 3106
7396 6420
2858 3033
8355 6972
7348 8611
8376 530
7274 2430
9778 2257
7381 3122
9101 8721
9217 5707
9714 335
3699 689
4734 33
6717 608
6566 1745
9521 3700
3792 4117
2553 3868
3935 8255
8721 1255
8064 9456
3680 4393
1285 3814
547 3313
7701 7933
4149 6246
47 7890
422 3755
2217 1428
5846 4087
6801 8239
3908 6371
6900 1415
1358 6981
5914 3682
7245 4745
1035 8417
719 5952
7478 1495
4129 5210
5013 1575
8456 7174
999 8644
9145 4812
9011 4019
1532 681
5550 2563
9351 6133
1249 6544
336 9560
1833 8418
5616 3540
9299 6876
7174 3429
5578 4048
2502 130
4704 5532
9700 9807
5836 1303
9161 7525
836 9577
1977 140
6179 9860
8496 2137
1247 6874
681 9751
7577 4584
255 6894
6716 7166
522 883
1780 2128
4152 6484
4446 8094
9361 2687
2640 230
2164 4392
1277 7303
319 5550
7513 2698
5935 3894
7597 6084
4493 3677
8139 788
3017 990
4148 5482
8024 8525
6595 227
26 6446
3947 7413
7833 769
6947 5437
6124 8016
2373 7389
9757 49
1280 7170
3929 6796
4765 6732
4887 3288
4623 7560
6160 1016
7730 7945
1446 9250
7409 5275
7317 6288
1302 5488
6214 8581
8154 8313
8042 4343
1664 1542
3837 6651
8415 5757
3501 7822
8485 385
925 8783
4479 2879
4744 7624
2606 6483
4728 2668
6950 2341
1172 8973
6506 8302
4958 4036
9949 6064
502 2288
2721 4854
7135 2842
437 8100
8543 820
1179 4148
5719 2402
57 724
1130 7368
8693 7519
7888 4975
2115 7295
4600 1896
7650 5394
7474 1230
4738 7190
3489 649
2779 3896
4871 8121
4746 1976
8498 8419
3388 5221
1587 1074
5641 7542
5161 8287
6555 1262
6757 3411
7836 3861
2930 2797
9445 6202
6715 6150
2106 7081
5910 5042
5857 2157
6610 1292
145 1967
7954 4034
6034 5416
4996 7772
3352 5092
1971 6932
1547 4042
4465 4156
3493 3989
1201 9185
6302 6034
1132 646
6073 5624
9344 3706
8324 5838
5980 3614
4308 8932
4106 4161
1858 539
8082 2784
7338 6260
646 1774
3636 6662
8217 3430
4217 9162
3078 1656
7544 5661
5120 1364
2418 6938
3542 2436
238 9405
6223 4600
8258 10
7718 8528
5007 374
7251 2276
773 8793
2395 1787
8458 4078
4198 2270
6292 7733
3785 1332
814 4109
5017 7821
2184 7976
1777 3987
5510 4160
6493 4920
9980 5954
9249 2799
6320 9407
131 9955
4187 1646
3445 3499
1826 4367
1838 8979
546 7846
8196 1142
1361 4240
2971 8341
636 8142
3922 1977
4971 7540
9543 9668
7647 7279
4176 9125
4590 8318
2687 9216
2352 4634
266 2186
2692 5664
5699 2840
796 2385
6388 4275
7741 9700
6955 519
5404 5258
9487 280
92 1601
9788 651
7330 8506
9432 6704
7970 5819
8704 889
3591 4605
8144 1649
2497 4917
5440 4587
4837 2623
2737 6567
2334 4128
9627 7647
6663 2076
9730 3001
9670 7746
4916 3495
6576 8405
9421 2330
1010 2648
2926 7955
4901 4704
1066 8380
63 9841
2817 7597
1708 4186
5930 4553
3380 9318
9932 7969
6307 8862
1520 2690
3663 7460
124 8835
6279 8498
3406 7660
1914 6713
2738 308
5423 3060
4417 3034
7075 6174
523 2499
6338 4851
3995 5836
9176 35
5258 888
8336 133
9840 4818
8315 2817
3645 6645
8849 34
4585 9728
4400 6664
9553 6396
4395 7608
6387 3462
1320 3486
9598 1208
6870 6367
5870 2293
9694 6565
641 7245
252 4442
8103 9569
5119 4926
5716 2551
1761 9141
5844 8281
4779 4101
5778 2990
4047 2542
4815 9624
5898 2387
4012 1899
4608 6459
8323 8574
9966 4702
9904 9008
1694 5994
1038 3568
318 5340
3068 7185
5800 14
6961 3836
837 3002
5123 3789
207 4624
1499 2407
7567 6733
2146 5964
4283 1150
4617 9813
5985 5750
6495 109
8158 1237
2006 9917
2771 2367
2953 2227
5328 6488
8358 9943
8081 2166
6828 4875
5516 9247
3870 4089
1017 7024
5636 281
6491 2953
3266 6058
1920 981
316 8546
2466 170
2862 8107
1960 5749
6018 7404
120 7414
8782 1639
5361 4654
3498 7764
7854 7466
6358 6157
1037 2068
4081 2710
5187 6878
1726 3597
7770 8205
7010 1781
2684 9933
5435 8927
8898 1100
3506 9808
878 8989
5217 782
9260 2287
1470 2150
3268 9303
9914 1250
4223 3315
6515 4582
5643 1815
905 2115
3802 6783
9651 1362
8830 3820
1545 7615
3400 8699
9084 5068
3480 413
2547 9133
2731 8548
16 1375
6386 7400
4134 8031
3309 4945
5052 7103
6180 2985
2840 9357
5968 9948
3902 8180
4660 2632
6075 8145
8817 4607
1057 3786
3913 2991
248 607
5612 3954
2831 6561
6857 3933
1000 3434
9611 4952
2429 239
1245 543
7595 9610
5752 6750
2668 3759
1566 9244
6243 6505
8806 2224
6511 1572
3723 2113
2340 9777
1199 6912
7787 9136
9596 4484
1973 2273
4077 1772
8147 7122
265 6402
736 9187
783 4673
2911 2059
5116 9686
8556 4334
7594 8038
9867 8779
4979 375
3557 926
5266 3214
3993 7603
2041 1527
921 526
5929 2778
6152 9959
7393 9743
1749 9970
936 576
861 2573
563 8369
4170 648
7484 1853
9042 8767
6720 787
3004 9643
8059 8617
8157 2838
2958 5409
5031 6820
2219 4514
8795 6688
7630 6787
2885 2892
1109 9011
3575 7533
670 9734
2537 4466
5132 9106
1039 8893
665 7678
1335 9184
3277 1606
7142 7016
7606 6209
1112 169
2519 5038
5906 9977
9849 2537
2649 7719
1964 5850
3905 3384
276 3484
2596 5659
201 7659
7298 242
5481 3338
9722 9800
4848 3764
2986 4796
430 6829
303 8096
8675 4349
4201 637
819 9994
4349 9213
4534 578
6400 5818
8911 1689
35 7998
1737 6101
717 2730
2348 3855
3696 8913
4378 5304
8938 6549
9048 4782
3251 2154
9473 4310
2549 8314
1901 3467
7588 3354
5277 3266
4182 9811
9468 1661
8996 5855
9640 8854
4074 6532
1784 3229
513 5298
6457 2004
2194 4495
844 4613
4841 9531
6410 9430
1360 685
3809 3847
4009 2569
3434 9452
2197 8817
4862 6436
2443 2153
6697 6111
7887 7526
1338 6983
4796 3921
6245 6289
5851 7330
6791 1927
2067 8853
2925 8877
2157 9431
8716 3490
7417 8975
1421 1454
5812 5999
9622 4855
277 7638
3848 7896
5400 2615
4502 5872
1497 6009
9244 3267
653 7745
5224 8587
153 4792
882 3932
3160 5893
1255 3059
3566 5153
1409 9542
518 4216
8944 7014
1963 848
7644 1431
8463 4096
2496 1265
8289 9464
4000 5283
3112 2473
8668 2207
1216 851
7214 2742
556 7923
7337 3049
6821 2597
1226 5499
4460 7705
3487 1381
3513 9657
7604 985
5646 6314
6249 6386
6958 7073
904 9458
5680 1530
7013 7787
6480 5115
6979 4418
6298 7634
7109 5400
7531 4966
2309 2796
5327 75
3280 3239
5340 2846
4690 240
8659 9205
558 4344
3607 1941
610 978
7220 5512
5164 4091
1111 8892
7441 3417
8884 1460
8152 802
3070 9772
2364 4175
8429 8831
7810 3752
5177 6916
4342 1870
7391 6884
4110 391
45 2155
7312 5674
6784 6873
1027 2251
9174 9952
7985 386
2650 5233
4676 7516
4303 2173
3478 9426
6077 506
4204 3995
9387 8701
4640 8898
3016 3385
1068 448
8328 4914
3641 8922
7634 3
9647 13
380 1406
3479 1000
6517 9429
6120 7473
5761 1026
4364 153
6703 1497
2730 661
8391 5211
6754 1910
2159 8422
8271 5691
64 79
1718 9930
6559 4908
3247 3036
5675 3606
9282 2836
361 102
4906 8861
1853 4453
4325 1484
3460 8389
948 5596
2306 6302
9030 9051
6087 3661
3122 973
816 8240
5722 1257
8518 5168
140 3714
8943 3666
2563 663
4806 9966
8581 9842
9938 5963
293 1546
6399 1990
4107 9210
3612 6919
4568 2475
5796 6613
4814 6893
4403 3293
6930 1355
4138 2684
1766 4803
2782 3519
9266 309
4702 5511
3527 5294
4220 3451
2697 8215
6532 525
389 3327
9406 7915
1660 5419
2822 8468
1741 3261
6364 5319
1489 6552
468 1629
4008 7795
9116 6477
9532 9377
4274 5639
3077 1726
3436 7067
8519 2924
3179 2027
7640 3204
6477 8150
1058 292
9750 4858
221 6661
6975 9336
2664 2310
3310 9474
9656 9964
8396 9596
4550 5424
7936 5745
379 1153
2626 6476
5485 3072
2246 6478
2669 6957
6428 5602
1573 7267
3724 4486
4089 1408
5702 9721
664 1668
860 5006
6250 723
1691 7307
205 6363
1507 8768
2488 1017
7722 2547
2654 6342
2240 5055
7512 7628
3138 5355
900 2609
4266 3319
411 8708
6702 9791
6476 5687
2512 5208
1682 287
4731 7043
7960 5610
7273 3274
4238 9165
8723 7903
5293 7025
2300 165
9859 1654
3076 3065
4879 4503
1526 4994
7277 8993
7406 3100
5011 2541
3128 9042
4997 5162
8711 7541
5108 7714
8823 4203
2905 4024
9141 2736
5747 5362
1705 6695
8598 7441
7101 5104
5705 7598
2659 1365
7307 339
5661 5656
7448 2228
1312 1651
9837 9441
8643 505
781 3083
3876 9365
1524 3718
604 1261
1089 32
1762 4725
8733 2033
7106 3517
9370 8860
9620 3842
9584 7763
7352 683
8690 4212
2821 3619
1120 6278
3353 8954
9004 1914
4090 8976
2229 198
1435 4525
6102 5155
4950 3257
7648 2603
6681 6232
7146 1765
7248 1813
5029 8518
9726 2522
2890 3470
6814 7132
5414 5176
3718 4056
4324 2625
5147 5786
5455 3508
3469 1357
916 8306
2746 2663
8373 4388
5484 122
2150 2243
9995 6024
6807 4113
6652 6600
227 5127
2426 3469
8339 8563
425 6639
9242 534
1154 7435
7509 5924
7080 1843
8525 5180
9632 5142
2095 50
5462 4285
3275 5025
5795 7721
2833 2700
2758 7061
7522 4880
3345 6053
5632 2149
5229 6978
1097 7810
7148 5979
5749 4401
583 2042
156 8547
9882 2748
9038 7956
5172 9390
4113 2442
7920 3216
9159 9009
9605 6768
4070 4691
2535 9490
6154 4874
315 5594
3216 655
4755 7361
3810 9621
8172 7663
9855 3120
5695 5652
8402 366
2431 522
896 3199
1267 3032
6514 5788
8476 6982
9785 426
2843 6723
9092 6575
8809 902
4424 9558
2144 4867
1034 7838
6435 4627
733 3405
3530 349
1834 6900
3613 5642
177 3003
7320 8951
9776 6507
1884 5728
8555 8895
6251 4139
6230 8625
9830 7588
3571 3840
5145 9589
7764 1470
8084 8400
2648 9103
1515 2956
5334 3471
5348 3039
9586 6224
1525 1958
3321 3848
2042 9003
4687 4575
7638 3480
702 9715
5700 3720
8930 9691
8995 3936
2001 4671
8192 9853
8544 9181
3079 7539
9435 3658
1905 838
5770 6220
4346 6305
6237 7489
399 1588
3795 7167
6967 6501
6007 350
7198 1066
125 9398
6664 5357
909 5015
6184 9327
9954 3189
8460 8642
6505 2377
9687 4222
8352 6572
4430 8801
6174 3481
625 395
1855 2827
3893 8955
4859 417
1999 540
2459 5412
7123 3622
2641 7246
3683 7521
6464 8101
6742 9698
9455 6606
3245 3377
5731 7966
6687 7110
4021 3584
9983 1349
3823 2561
2181 8259
2375 2454
1279 7498
7623 1174
2763 1140
5969 2922
768 9806
2201 1980
6026 4262
6926 3070
5301 517
6142 8856
5915 7325
6460 8960
1363 3854
8896 647
1019 8844
7485 5458
7660 9617
2853 659
3512 8305
2119 442
2025 7773
761 7046
4256 3494
1579 9287
58 57
8171 1723
8342 6871
915 4475
7301 7415
37 6407
3357 3264
4653 8295
7340 5084
5845 555
9721 4323
5205 7917
2076 9934
9099 5330
4525 3037
2088 7056
5804 7213
9910 3763
8026 5245
5248 6038
8495 7387
4001 5393
9423 4098
3890 4302
3842 4835
1327 1603
1874 493
4382 6097
6792 7505
8508 2696
9635 7218
98 9238
2402 5934
2809 699
4661 5030
815 4070
2734 3344
6554 8808
5083 4328
5143 7315
6095 6170
6472 5533
4924 36
8266 5308
5755 1240
5219 7274
242 475
4517 2920
3770 8024
3329 2046
6815 1610
9528 7227
4536 3801
7354 210
8691 3249
7395 7230
395 6404
5064 8109
1468 8064
1209 7128
5448 737
2136 1424
8074 3642
5521 1678
9806 4386
3928 5315
8594 9153
3340 6160
1025 4094
1440 6570
5158 7335
6278 9788
9214 7982
9579 1052
8873 4214
6590 2406
3531 678
5738 23
6859 8379
769 3834
8245 702
1730 5923
390 1780
8528 7884
7643 3021
3270 5501
4792 336
7746 6179
1203 2612
9582 1562
8330 7428
5487 5172
2541 3839
3644 7878
3394 4814
8741 8695
5825 2843
1568 8659
8079 1920
6568 7091
1939 2345
8683 1841
2979 2588
7183 6274
7561 4281
4999 6716
8876 7690
1229 1412
3030 7231
4919 2009
7750 9620
2993 6421
9454 3460
5433 8567
3925 3182
204 806
3643 3885
2604 7074
3366 7229
731 504
669 8193
9771 9384
5532 4437
445 4895
4440 4378
4630 6251
5245 4817
9875 8857
6743 3901
4663 3807
3730 3459
5086 9591
8897 8733
8444 5847
3743 1369
9105 9996
6744 6417
2775 8148
854 935
3998 216
7861 2971
8743 3035
5153 6551
689 2511
8912 4332
1674 7379
7695 499
4495 213
9937 9857
7170 3799
2493 2158
3828 3976
4700 7579
951 1688
8718 9420
560 6486
9564 9567
5835 6989
8048 7225
8297 4330
2209 2689
7385 4327
1985 4337
7663 5736
9542 4468
2363 3579
5465 2774
1903 8594
5459 7665
9975 6770
3941 6581
9587 9941
7284 3811
9168 4282
4163 3604
7982 4590
1088 9891
4499 1516
9960 9850
2720 9400
6588 4527
8816 7443
8322 1194
6580 1799
5413 457
7851 8365
6442 191
7601 7732
2657 3533
1554 7717
5959 9485
9162 6355
9555 7850
6953 777
7423 4427
4040 6812
3976 3180
9665 2389
4298 1925
2 4665
5925 5338
9527 6794
2989 6010
97 2070
4015 596
5001 4680
6438 319
1367 7106
8584 9134
7124 6006
870 3260
3758 7600
500 7032
1701 8882
5736 5069
6257 5215
3615 2708
3047 6491
7609 7912
6304 1130
671 4550
1126 4838
7743 9713
3572 3599
5917 6499
2236 3298
5648 1395
183 1987
5004 9740
9329 6538
6277 4903
5488 8168
8219 2282
6993 2863
1304 1243
4190 931
4826 8294
5566 1483
9926 246
8065 7718
1230 6658
7773 943
3981 443
1936 3725
8479 347
4415 7843
5184 6109
520 3356
8739 1423
5633 7759
9664 9280
5473 5410
2700 2246
2787 7357
529 4366
5991 4798
6375 4827
220 7063
9313 4740
6619 6781
5356 7410
4786 1486
7755 797
888 144
1578 8025
9247 2485
5694 8292
7793 4824
607 4841
7459 241
3431 5583
1274 2544
3358 3406
7456 3236
5049 2043
7168 7289
9769 722
683 898
5774 4320
9146 6569
6562 9119
1119 7193
2192 564
9655 9191
857 1608
1288 7436
3036 8872
5786 2401
1574 8234
8395 2483
176 9971
6733 3613
2436 6102
4527 7309
3187 1672
9213 1512
9672 1900
3438 8614
2646 3746
6487 5098
369 3951
4075 4394
8752 5718
8927 6185
1003 3350
9799 5559
5808 3912
6929 2942
7894 3590
1340 5858
2864 6859
1572 6659
941 2743
65 1934
3164 8584
1370 7479
5149 141
686 1557
7902 5054
5034 3396
977 4703
5751 4162
7664 6668
1685 5882
5331 9100
2749 4409
1207 2815
6368 1692
3869 5633
4863 9289
1248 8990
6775 1924
674 2576
4023 8583
7712 7485
732 8068
3520 3689
8939 8247
2054 748
2871 865
5855 3737
8377 8907
3286 2617
582 8579
7287 9759
946 4254
4067 8437
9604 9867
2031 428
9996 9886
1845 9783
350 1587
488 4324
2935 1811
5185 795
7735 4076
8002 81
1700 7565
8746 2049
6267 3185
9865 2981
