5000
505 1071
7693 4483
5005 3901
122 2048
5392 9840
9604 5948
5673 7883
5368 8043
391 2214
9982 8670
8423 1373
891 3700
3543 8334
2456 5643
3724 4905
669 2874
3802 9433
3786 2175
4830 3420
5843 1605
4322 7060
6850 9590
2386 3735
4099 9238
8584 5028
3305 912
8790 7327
8018 4888
1753 976
133 6679
1483 1951
5301 2002
8458 8666
3709 1621
7978 748
6680 5756
5258 533
5785 9936
5537 5449
8239 3856
7391 1457
8287 7866
7471 3500
8933 2783
7329 2222
2518 1442
5892 7297
6792 2670
5307 6694
3616 4234
2809 1553
361 24
799 2636
116 9798
1151 6502
3965 1753
1994 7947
8750 4823
5086 6501
9210 9153
6686 6997
272 203
9425 9269
8134 7416
3547 3350
2068 7141
3939 9264
2332 2606
4746 9426
5677 4456
3000 3086
4355 7398
7294 1804
6946 5797
1673 3149
4896 5618
7283 6740
1033 6736
4080 8866
3691 9359
3245 3358
9903 8577
8226 8738
1475 7476
4115 7642
4645 2437
1793 1857
3752 600
515 5975
1063 1144
8911 9687
388 787
4955 8208
430 2916
1094 5588
9235 1499
2990 8027
5830 4767
5798 4414
7900 5095
6529 1398
5216 7776
9518 795
6202 2311
9147 124
8601 4286
4270 5939
1569 5276
935 1711
1590 902
9498 3766
3229 2413
9650 2018
1199 2761
2554 4293
3129 1294
4072 2516
185 5909
1556 4357
6576 4225
8274 3148
7647 4923
9237 5695
470 6210
2119 8248
4806 5978
5539 2602
4277 1312
1281 3340
9062 9233
209 5435
1128 5469
5630 3771
8211 5341
9178 9034
7026 1632
9898 4274
3241 7253
9912 2488
4672 1549
7071 1721
5277 5223
7669 2970
6582 808
542 4134
7200 7412
8245 8499
2492 2730
3430 1481
2304 3753
314 8374
91 1022
7243 1343
3465 5282
6377 4399
8965 866
5530 456
6076 6600
3642 5561
4054 2520
3211 1495
9422 9839
9896 160
6066 5358
3042 7330
840 575
5218 6185
7490 2457
2207 9799
2474 6582
603 2296
9967 7389
772 5345
625 1390
5703 2551
8904 2570
3695 1699
1859 6615
1167 1032
7867 5446
7183 8949
1849 3157
2116 6554
7516 1380
7927 1118
5982 6537
4472 807
2103 3250
8413 3801
4158 3077
5158 7406
9624 1535
2494 6826
7750 1942
2875 8245
8752 2760
6125 109
2278 471
3270 4864
4457 5048
8554 7182
5875 7557
61 7043
5131 4974
9548 8165
5371 7817
2108 8663
9797 3779
455 6925
5755 4771
3958 6318
7859 2278
6670 9678
300 3105
7517 602
1273 2514
1013 4026
6598 6477
6709 8298
1782 704
1763 1196
4842 2666
3735 1781
8765 480
9934 743
3423 850
1538 132
5920 7034
393 5823
7671 6540
719 6364
8223 6096
9476 6569
4639 8491
6126 5841
3033 4842
5874 1589
5921 2900
447 3073
478 8325
2655 4884
4363 7101
748 7147
1594 758
4500 3998
4224 4903
8657 4996
4544 5957
3398 3274
7600 2131
632 7727
6200 4501
4217 8595
2471 230
4223 9604
1338 7562
2747 8619
2998 5558
778 7133
5592 5263
7231 1751
2982 1387
858 6919
3197 8915
5190 3494
1207 1756
9846 2290
3907 2227
6061 3175
4298 7233
7160 9414
3644 1759
8022 290
342 1184
8375 4390
8332 4968
6196 5569
7808 4320
7530 2584
9243 2341
468 5603
8739 8745
270 6511
9006 596
2052 4165
1041 4568
1426 1059
1895 4389
3575 8211
2954 5502
6110 2244
97 4924
7843 5991
6 3555
5132 4143
4073 1987
2841 8295
4367 9708
7221 1037
4341 8101
4702 9888
2805 2358
8865 4149
9590 3843
3972 321
4786 2354
9413 6699
610 475
6521 9378
419 9709
1861 9509
9528 6047
7782 1415
8546 3759
1245 7855
34 736
8802 9388
1935 7053
162 7287
5956 9429
863 3929
684 5037
9734 3379
981 4036
5590 6799
1807 3173
7557 4037
7410 4522
2525 8582
390 4622
4159 1936
2836 2887
77 6801
8499 1545
4012 7146
8610 8324
503 9889
6039 1404
8863 4064
829 6350
8861 5105
3912 8160
4742 1733
2733 7924
86 5597
7062 1897
4889 8734
2632 9630
3872 1564
6721 9089
2947 5445
3139 4980
7650 2189
6902 8598
4284 6595
6708 495
5313 6720
2129 1849
6177 2044
7550 8202
2943 5605
3277 1013
1620 486
5931 5931
4436 5583
7098 333
8700 6946
8834 9168
8187 7082
9174 2344
7269 6504
7406 8660
96 5993
8851 9186
5993 4118
296 1691
7711 7346
7884 6647
2373 10000
7133 1777
5420 9729
9152 8541
4646 6172
4792 2656
1254 6127
2120 2829
7975 4243
449 2536
8565 4845
9837 1140
2290 279
9782 1024
5398 1669
5632 5305
6026 9646
9756 3332
4916 3968
1746 9261
8977 6995
2468 5203
3697 7044
1829 7618
6168 9927
5955 7549
374 5519
3405 1755
6478 3285
9479 3503
7208 177
269 3407
4745 450
4157 6618
456 2741
2260 6746
7402 8493
7680 7298
7280 9656
7212 3934
6494 3023
2081 5645
1581 8240
3146 6621
4194 8845
5147 7982
579 8182
9530 2117
8292 5947
643 6832
3212 6930
7499 7225
9435 6671
1773 1531
8309 8731
7695 3611
5222 7145
7314 3037
4495 431
8180 3694
5834 7649
8476 2535
2216 572
8757 318
1391 7686
2047 2605
4749 901
8247 1796
1629 5910
2130 6617
7578 666
8407 524
5237 266
9771 5574
3264 914
5423 2035
7354 6336
5962 88
9488 4661
4090 356
5217 4081
5764 5198
9872 4861
1703 158
2115 7511
8596 6811
2220 3584
4082 7149
7281 1978
8505 6025
3257 6564
2576 3214
7139 1598
5461 391
2726 4061
5788 6167
6105 6277
9806 7462
7348 9193
5491 2546
9996 4255
6247 1886
2209 2659
3196 9638
4148 7601
5598 7726
3935 5744
9629 4935
4143 8122
9177 8500
7128 740
5067 5922
8797 3490
1668 7212
5946 1115
7218 5191
5388 4429
7485 6397
2450 5220
1092 5350
5114 8119
7811 7967
9750 1503
6748 9204
9930 5427
6742 3196
5182 3792
5973 9422
1143 4136
5683 5011
7230 9211
6966 9534
6994 537
6007 6342
1761 5325
2353 8050
4628 4599
9171 8898
9827 252
4795 717
9433 790
8210 3699
237 7750
3263 609
9406 3322
6008 9943
4212 543
7419 4826
3108 2289
1329 844
7342 7901
2164 8790
1277 3621
7064 1027
4568 1021
7980 3481
2338 4327
7732 8090
7738 1603
6339 2649
311 3107
789 2019
4374 4338
6730 9954
3037 5943
1252 9232
8999 9624
1982 5926
355 9275
822 4963
5174 6727
4001 1713
3395 4722
9591 6222
4014 7203
6769 9610
2903 5916
7360 5442
5059 5318
8414 3168
8777 4891
2567 760
4710 8445
2559 5219
2862 4687
6866 9796
1296 9496
2148 6885
4244 390
4295 536
4654 925
4743 1988
2763 7499
8649 4457
1393 4836
3579 1362
6638 6530
2877 2768
8781 3180
8107 6295
4888 8946
3265 2103
509 8000
2944 1477
5159 6438
6252 2136
59 7220
8217 6601
7991 9348
3038 4889
8467 2490
3102 250
3224 2739
9286 7753
6419 6559
8560 1815
4926 3930
1477 7109
4850 6656
5256 1521
5405 7944
7173 4649
7058 4839
641 3804
1978 6275
1660 578
987 7706
4577 186
1828 8929
8900 447
5435 6351
3650 5108
9320 7781
5411 1523
1369 3658
8388 7808
7186 6594
3615 5277
7350 9760
6490 3218
6877 5988
5168 2460
4304 4032
7305 3115
7778 1019
3467 7479
7171 5375
3023 4863
7078 7857
4663 9727
9558 5278
6244 1914
9763 2418
2499 9813
4708 5690
3859 2581
5340 900
731 7448
1025 7436
3164 5357
2571 8937
757 3374
6333 7413
4706 7100
9315 7439
1557 6421
2225 6447
6798 1386
7875 5591
2779 4130
1170 9469
9216 3181
7607 9156
3439 7780
56 5800
2806 3619
6303 7310
2362 6842
2977 3270
1150 5416
699 8486
8607 680
8935 8155
3685 592
1906 821
2928 3515
1784 6762
2752 97
5465 5175
6451 2893
2516 6337
5104 1752
8430 4833
5141 7496
4784 7153
359 8782
7847 7840
4463 7009
9125 6523
5470 4099
2441 9453
4307 7950
4542 9421
8349 4642
1533 2599
6939 7909
9534 4238
280 4619
2872 6805
6584 7486
5290 5301
6471 9111
780 9748
4934 75
1066 685
9897 2997
4297 9864
9160 174
4859 3682
4879 4969
9973 3568
5686 2824
831 2263
3199 8511
786 4768
4971 5845
8225 3247
8128 2400
3433 6326
8366 4653
9741 2788
7417 5119
6224 4541
693 2211
3909 3926
9877 4299
681 6941
3926 7374
3457 1622
4142 6874
7099 4258
6280 2713
5614 3554
4851 8756
3087 7635
1191 2721
9202 4773
909 5020
326 4875
8280 6161
6029 5494
106 1143
9215 4301
9588 1128
7906 2793
5057 9250
9278 679
707 8168
7761 9147
1677 671
7830 6376
5986 263
4739 3126
3227 8117
8725 2404
3173 4670
6682 4080
6812 9245
6268 8427
1138 2301
5456 9990
6272 997
8394 5476
384 349
2941 5334
2057 2419
9241 2132
459 668
7920 2899
3565 7170
2856 5710
1044 8650
9207 2798
3043 6148
8506 5176
4045 389
1805 754
5938 6825
8203 2022
7051 9852
5796 1969
2406 6732
7966 5572
4485 1655
3928 8835
7222 4089
71 830
108 2891
8731 4725
1778 2738
506 1555
2847 3855
8058 4088
2093 9035
7245 6894
4822 4211
2728 4162
717 5709
9342 9811
6132 7734
4709 2317
7561 9909
6091 535
1709 6790
5275 5456
8795 2285
9722 8403
9961 9746
4521 1468
7371 5211
3877 1750
4386 8058
8293 6154
2811 1218
802 945
9956 6263
1562 3579
2319 4592
8353 4455
9760 3395
3336 9162
324 9803
888 2968
115 1744
555 8018
1924 6163
7967 4410
2146 6017
4335 1226
4803 881
591 5049
3060 8699
1875 9544
2978 1328
8329 6703
8 4023
31 9046
792 3055
9099 7980
616 6334
5640 6934
3449 1784
2509 8260
3854 2034
9833 9121
642 2588
1101 1110
7172 8136
1292 5543
2437 5496
622 8036
5881 5699
6581 1232
6583 6775
9321 3672
1204 6638
4882 4629
5261 9859
8297 7826
8857 9331
856 597
6186 6690
4241 5077
8669 2029
8716 4956
1527 2051
934 3194
8351 4578
3788 9249
5063 713
4487 6640
9312 1525
5259 4613
2670 2589
9059 9050
8764 4697
4581 9564
7161 2674
2425 7000
4779 236
1904 4739
3577 2915
8932 1584
1452 4938
4473 6802
6313 6296
3860 4793
6727 5302
4516 986
1412 9498
4037 7129
4081 1026
9309 4340
2510 2585
3990 3882
8202 9595
887 7329
7030 1582
2204 3627
5621 287
158 8856
4813 1758
7009 2816
6524 9950
4797 7098
9905 2630
3731 1712
8666 894
9828 1860
3321 9419
3017 4105
6992 8713
4648 5802
3485 8438
1343 64
8100 5691
7751 3259
5784 2789
9259 3711
7468 6260
740 7354
3335 2513
5212 5929
5950 5453
9848 1515
2951 3654
4932 7307
9266 6346
6935 3913
4492 5186
5376 5158
2768 828
8325 3650
110 8228
4733 5514
646 4806
4641 7023
8104 1251
563 4952
9298 6626
9571 1090
1310 1543
4949 9880
3269 8763
7291 1103
7792 960
762 9933
8957 8686
561 3146
8099 1483
8153 7465
2264 1370
3827 812
3325 3572
9393 529
4685 2840
3773 304
8369 5701
2963 1038
2203 8052
850 7974
249 1927
4191 7585
4098 2269
9068 5532
3377 3083
3748 8152
6784 2139
2696 7035
964 278
7848 8363
7373 9553
3544 9653
7623 4586
8989 6503
3902 6198
3369 8863
9705 306
7631 9134
7781 3952
1871 9519
2067 6450
199 9279
3492 4835
7500 405
1576 9295
3678 1085
8131 3552
5235 1885
4578 2114
4096 1193
4790 55
9751 8788
112 7809
3842 651
912 1748
7912 8460
592 6836
8169 5486
6463 877
7085 4004
3885 556
5236 6298
1888 4473
2523 6448
6152 7427
1555 2830
125 3217
1405 5313
857 7038
911 3674
9417 1093
8880 8161
7518 2125
4285 6270
3552 3716
3006 1279
4071 4862
4564 1066
7759 101
6626 9776
9825 9417
8089 195
4965 9693
2924 7377
8216 7352
7826 9472
4378 2707
9024 6015
2109 1983
1142 4506
1165 6305
3715 9059
8740 2496
3657 9109
423 7561
2886 3839
8267 7580
7513 4874
4631 5781
6432 3178
7337 5249
8662 4851
583 3257
5870 82
2391 3429
7463 650
1342 372
3621 1726
6642 8195
9140 4617
9477 2894
177 9234
13 2321
904 7273
2481 4618
5413 92
7589 2729
6745 6551
3790 9664
8270 7118
8119 7853
1125 8099
1293 9323
4687 8630
9367 8113
6182 2225
5386 9192
521 5036
2192 2972
4456 6823
5354 9585
3316 522
493 728
2167 6970
7754 7007
7059 8441
3284 2059
1497 3053
3884 9353
2662 2043
9129 5232
1134 5552
2310 8346
4498 1187
4595 9177
1852 9501
754 6411
2685 4066
4123 7854
1837 219
6746 8921
173 9842
9524 3834
1130 878
6233 8004
3726 1049
6045 6353
8288 6706
8312 9865
1472 3428
6304 1892
1467 8335
5988 4954
5787 7599
33 3052
7851 2579
4580 9306
5240 213
3432 1746
436 6379
6290 8778
9803 8776
2942 3301
8567 2066
1685 1658
2547 3476
5309 550
2224 7167
8841 375
702 3668
8248 5338
8917 4109
4886 558
1977 2748
2126 7183
1867 3006
3535 3281
9666 9588
5302 3630
6338 8995
7396 7328
6851 8492
7057 8620
9097 2920
4626 1084
1539 5440
6254 9470
3592 8316
6761 44
4338 7463
9790 8572
5905 3329
1645 8251
6250 5474
3041 8951
4872 5673
9821 2256
4139 7595
6842 4488
3328 4876
1984 6556
8419 369
5691 5634
9631 9824
2060 4025
2091 6867
1508 1074
7209 4476
9031 3174
3546 1180
1210 6090
9150 6103
9357 6521
4213 8557
2880 4643
9272 7954
1890 9674
8497 8853
4018 5513
1017 3295
3219 1966
4276 6609
1517 3265
536 5241
5223 8825
2312 9206
90 5963
9706 3188
7472 4107
5998 4916
6189 7721
3994 9934
2957 3391
7586 3235
2253 7396
5853 5717
9566 9276
2056 6884
1290 2933
4431 2435
9139 6392
8591 3005
105 2349
6714 6843
5835 6708
161 6063
6498 4405
548 8562
8972 3313
6439 9145
1087 3304
8540 6904
8953 9483
6982 2611
6816 8463
973 1528
6924 1129
3374 7363
6037 91
8541 5719
6768 3522
5735 7867
8108 8184
7614 9044
6835 3983
6525 783
4319 1020
2426 1644
1656 7477
7195 3044
4049 6985
4539 5598
6379 5178
3446 2218
5495 3704
3014 7169
8260 3278
2412 3454
3512 7890
1217 9367
1613 983
1222 7987
3172 128
7911 2077
3083 3234
4512 6967
4258 1592
3664 423
6916 4069
9285 5328
2158 5125
9875 6605
8605 657
8250 4028
6739 8199
4854 6219
8980 2504
3893 2796
1220 9808
7215 2631
5731 7083
9977 4850
5074 6701
4320 4534
6713 6117
984 2292
8684 489
5366 9061
1705 9223
4697 3056
7933 5853
3712 6475
2574 116
1318 631
3864 8135
923 5335
8463 2037
4065 1325
113 1348
9711 5234
4088 994
6829 1158
7703 8808
6648 742
3597 7958
7041 7074
4358 1393
8958 2764
5349 5994
1114 2880
4323 6940
900 1313
6639 9215
4153 7915
932 7497
2724 3696
203 6957
7106 253
9554 5336
8775 7906
7635 5740
422 8730
8931 919
4302 1540
9704 6896
6097 3596
4264 6383
8926 8920
38 2409
2507 1101
5710 595
347 3793
5668 1322
5387 2334
7390 610
2169 7630
7155 7528
1055 1025
5348 6092
8854 4178
9382 5575
1123 3018
6148 4609
867 4878
1918 3378
6997 2008
3580 6780
9630 4515
1076 1816
2012 1169
7574 2177
1647 7703
1836 5087
1349 6871
8829 1276
8730 9284
6470 3691
8229 1297
5360 8246
7926 5812
8385 2746
2423 3201
4664 646
9715 2723
1359 8641
8307 5417
5779 678
7421 9917
758 2347
7475 8963
1857 5928
4669 5322
7790 5194
5316 3493
6912 1006
4553 9191
8586 5921
9966 9854
4263 8258
1573 9025
5098 6555
9919 161
7931 9547
6644 8338
1037 9896
8448 9953
7054 9458
8149 6742
3054 7534
8244 8672
557 60
2272 782
420 8628
9673 2424
2933 6445
2024 2582
9011 425
3154 1416
6278 5668
9071 242
6857 7816
630 3471
1599 2118
7408 8022
292 7565
9387 8642
6695 1740
2239 1082
5858 7373
432 4967
7704 3717
567 6958
8255 9464
626 722
8440 8425
6162 1332
7310 6330
9284 1870
4552 7619
8221 5067
4643 6648
2083 5966
5836 6005
4655 3357
1155 6875
387 7321
933 2074
2987 3937
5801 7
474 9615
9637 5664
8835 8405
8637 8446
7080 805
843 9493
6856 9087
4458 4781
9392 7922
8564 2856
4349 7451
8479 2158
965 3970
1712 5977
2718 4195
734 3110
2342 8174
2737 2054
465 2097
5140 7239
1524 150
5751 1952
2082 8523
8671 6813
3051 8146
7596 428
9249 6683
3408 6903
1423 9832
4462 8250
2740 5580
9775 9682
3937 3074
8661 1480
9491 5052
4931 698
7162 4252
283 7411
2364 6689
7 3664
2807 8932
291 8780
3400 1042
2661 8482
3234 7235
6111 2644
7730 9869
4113 3397
9988 978
3775 8728
966 9569
2257 6878
4092 4819
9489 5796
4675 7747
6495 1635
8000 3738
9820 2362
222 2720
2462 840
781 1736
4067 7228
8290 5131
8159 3633
4617 3638
8708 8809
4112 1087
5833 3451
8294 4047
5214 1185
5419 3028
7742 9972
6014 1981
1970 9838
9980 2162
7639 6493
3624 2808
2689 3715
6404 5283
4443 3223
9464 5275
4858 1943
9757 9566
9695 2234
8379 674
1326 729
9472 2755
8432 6021
9265 1739
1652 7021
7583 6646
5862 2836
3312 5649
5999 5944
1307 474
1887 8722
2202 7369
5817 9455
6127 8376
3275 9195
8406 7106
4701 166
9170 8282
9 2423
9669 908
277 4552
2041 6224
5434 9781
2759 9925
5120 6723
7806 823
4356 3331
7325 2552
450 2809
1038 1413
9609 9335
5161 5371
8341 4206
4184 9194
6705 137
2637 2395
2250 4354
9887 4801
7896 6877
6020 4734
8562 6835
7035 3453
2625 9333
8787 5904
6502 3884
4325 1065
10 6340
9845 2547
3930 6434
6623 8331
2487 2689
8709 3510
9512 65
3619 8791
7275 1803
1357 3296
7224 9606
1914 1950
6844 2859
4409 2075
5451 3535
389 2316
2077 492
8813 2009
392 4533
3166 5093
2858 4138
8027 9611
6497 510
2321 4408
8230 6508
5439 6237
8004 8032
485 1624
7229 4042
30 3905
3431 1447
6585 1607
9466 3401
2165 4392
9658 7850
3203 5083
2281 3798
4151 5272
2885 2161
6733 5886
3345 4007
7316 9340
7479 7201
4043 8121
1760 1458
8706 5493
6575 4266
1734 1372
8427 8449
698 5877
6620 4733
9084 7241
1956 1858
8635 6574
5206 3794
9992 8706
1435 9497
8298 8389
4483 6857
262 323
8115 9326
4329 51
8443 8235
12 3484
8916 4502
3944 6425
6933 1287
6932 3622
6943 8382
3055 8721
8356 7285
913 9213
149 4015
3479 630
8261 7506
7207 9546
137 6255
207 9835
5692 809
8761 1565
5171 1910
8209 9099
9014 505
29 1802
5094 2439
5029 5700
7044 8120
1589 7849
9293 3231
7796 9010
7514 262
2893 1846
3126 7687
6163 7064
4519 9418
4602 9779
4984 1076
9230 2013
9610 8821
5850 8565
8616 4095
9151 5938
3783 5144
6873 6524
3205 767
9646 3842
2005 6686
9290 8596
3350 9332
2871 5604
2071 6378
2497 2531
5311 3294
2762 8566
8257 4254
6646 9304
7008 6155
405 9028
5136 7820
6000 6422
6065 7391
5749 9125
1060 3187
1766 3814
6165 9294
5878 4966
4630 2757
5945 8840
8191 5969
2483 1835
4592 7842
1758 1732
7496 7495
8361 2645
2156 8590
2504 9503
4055 8906
2348 4556
8462 6289
1664 7756
5251 1688
2097 4743
9027 134
5800 9557
9226 9354
4838 1609
2064 9809
2984 1720
2939 2232
7511 5747
2732 1576
4583 7371
8123 9164
5073 4256
6533 207
8508 1561
745 8631
1608 7701
4996 7976
4056 9072
4705 1654
8072 603
6560 9393
5996 2800
8218 3341
6424 9807
9365 9114
9555 8200
2135 2475
1522 7764
72 7361
4268 6514
4601 3973
9223 4760
9283 1529
138 4433
4694 5062
1812 5381
999 7045
5257 9528
3138 7675
9595 5312
712 8673
3508 9450
54 6406
348 185
7368 5114
6238 3912
7787 953
9046 2993
1795 4913
4952 9336
4026 2014
2280 9054
8345 7165
7142 4421
5967 5126
7074 516
6647 963
9935 7455
5873 7209
3085 6381
4618 8142
8971 9665
2587 361
6848 1102
7028 598
3204 368
5839 6044
5826 8983
5230 1127
5828 18
5761 2709
3249 7541
5485 1262
8553 6702
3602 1339
4053 6226
1992 2765
3117 2021
1553 3220
1516 4628
2122 6348
7251 258
3896 2775
2252 8267
1200 3858
2772 8123
8981 5500
4637 9696
3489 991
1196 9875
1639 6420
8470 2973
770 7111
1546 6829
4248 1306
3553 5238
4390 7155
440 5124
2646 2638
704 3293
1365 5782
6927 9886
4294 7096
7785 4282
8768 946
1783 827
685 4665
4713 4152
6178 9608
2055 7309
6834 7939
3105 4735
7515 8872
7640 4582
463 9737
9248 3060
3003 6142
9917 218
4476 3360
3711 2281
7909 6883
1707 5353
1104 8156
2377 4000
4545 7415
4207 176
6788 4085
6804 168
6049 7230
2618 3593
4782 3363
7837 9416
3064 1933
5404 4668
6811 5764
9542 6462
8399 8597
5403 3287
2188 825
9850 5161
4520 6094
2570 8967
1879 3430
6003 4278
3541 1687
8959 3818
2371 7356
2123 3269
2709 7099
8939 7430
4031 2687
5162 6787
7226 5200
6318 6943
7819 8473
3918 8895
1961 1613
2049 1916
7898 6644
6456 268
7105 2555
554 6773
6211 5081
8604 3470
7886 8585
8038 5892
2232 6492
6666 2215
4638 1230
9731 8519
9052 3761
380 5986
4336 1742
6696 6221
9308 4157
3417 1828
4181 5989
9262 2430
4546 681
3476 5173
6285 2615
9798 3131
4729 6700
3895 9822
4146 627
2520 8303
8592 8196
4007 3172
7903 9963
8517 2226
7887 5363
1671 4401
2381 3626
4890 5509
4174 9834
8874 3158
3318 449
9493 7424
251 1645
5520 8078
9023 3967
3183 9520
9040 1424
8302 4814
9499 5824
4344 5373
7216 8589
1323 1045
6772 5400
7810 6058
5763 3398
4283 8476
5229 5873
1395 1407
9276 272
2729 3431
2107 6269
2902 7887
1574 444
3974 170
9092 6046
9678 3632
2236 7168
6985 9559
2693 1291
3688 3917
4950 6730
3223 5167
9517 1321
3376 6917
9834 8089
7661 3712
8720 5399
9369 3787
7019 4698
3399 8842
1762 860
6287 8270
6445 7418
6420 8095
9148 4281
8091 7140
6137 1548
8993 5838
4245 6245
7201 6905
3789 9598
8536 852
8162 1783
3385 7661
5148 5121
150 8219
4690 3155
2530 503
1370 5356
5937 797
1316 3189
2505 4713
3188 5419
7529 367
7082 625
4884 1794
7003 9632
8883 801
5194 6987
550 5134
4430 7058
4479 7347
5070 6230
6998 6108
558 5703
9672 2607
4878 6394
9437 5286
5642 5032
7066 7431
5300 3683
6496 3789
2240 1666
5579 872
5705 4937
2006 3370
6107 5201
6138 8364
9468 6324
1164 4551
1446 5014
2796 5098
5453 1931
1237 3904
5716 9897
1872 9857
1049 954
5591 910
9225 4443
7505 9845
3477 9841
8550 8387
6340 7525
8975 8177
7773 4141
1480 3582
9120 9580
3708 7487
5709 5608
6365 8783
9329 531
1360 2519
1036 5724
85 3980
9914 1275
7178 9073
6631 2801
1799 5401
2214 2106
5675 7952
4423 1086
4610 1389
3493 8388
1954 1331
1255 120
5607 4981
7839 8221
8886 6286
8655 3769
469 9413
618 4244
4326 1762
5265 3708
5477 841
7309 7191
8896 1048
1571 8005
7939 2461
2015 7688
1767 3846
3582 2617
5741 8691
6409 5380
9158 4672
397 5056
7407 8604
5003 1637
1623 5809
8771 3284
6265 8333
7070 6515
8436 6627
8092 1109
3191 7142
9260 6018
8719 7658
5728 2498
4972 2592
7189 1167
2000 1435
3045 1556
7446 4224
232 105
9723 1396
9654 5438
8254 2556
1860 2522
7577 9008
695 771
5541 3723
5595 8966
3825 8878
9161 3372
9114 8998
5400 9320
8867 7027
1358 9069
2325 6444
4857 9780
6520 7836
2658 125
7394 2732
2072 301
7605 8961
5855 5551
4382 334
798 8917
9892 3886
7366 9055
3666 7492
7699 5596
2265 8554
3009 7166
4848 5455
2832 1717
3391 4898
1803 7177
8011 9432
6411 2138
7378 4751
2113 7956
4937 8423
1638 770
8800 3292
8833 3462
7233 4385
7053 4677
4979 7784
657 8901
3979 6680
7069 7116
4612 9165
9594 2119
2206 9256
9724 9100
1602 6442
7923 2210
7015 2145
2013 4741
7401 7052
5626 7243
2991 9207
7168 83
2511 8367
3239 7930
2159 8509
1511 5000
3483 4180
994 984
4570 5330
9431 7397
2419 9436
4912 9532
8897 6793
3081 9350
1488 2336
7328 451
4262 7945
8526 233
866 9634
5868 2892
5424 3933
8984 2771
2905 5898
5505 3880
7717 2005
9085 1861
4962 8517
6665 8273
4891 8328
3272 9016
7210 3533
5042 1209
9515 518
8783 501
7318 4999
5767 3216
2358 305
2495 6766
654 8716
3113 2343
7359 2283
4332 1570
9802 4395
9813 7896
7398 9884
8859 1586
2731 3129
323 7830
3947 8748
5092 3591
7131 9667
135 3617
9539 8534
8968 7008
3567 2566
3706 7696
9143 9998
8617 3066
4010 1402
2050 2559
7405 2104
8801 4048
6707 9318
6081 9602
8418 9916
5370 9310
6527 7766
5106 6072
8869 6676
278 1880
5213 9229
1570 1254
9486 7314
6195 4926
2594 5236
1498 9711
6900 8439
6213 9065
2384 3852
7835 2388
2282 1078
457 1833
785 9127
8600 7428
4728 8397
5811 2040
9842 9248
4885 2279
5096 792
7832 291
2879 5389
4069 12
5922 190
4477 1795
4171 5342
100 4222
8629 1832
6766 579
7622 5840
6430 3819
8358 2950
6552 1377
2929 686
5090 5133
8982 3836
7971 2485
7290 4336
275 5459
318 7481
6104 5391
5347 8317
6760 3318
5979 49
9762 5792
6085 1237
99 1957
7802 2758
4799 2983
3837 4132
6736 1116
1925 7390
2309 5221
597 9940
3572 4712
73 136
6545 113
7852 6038
4011 3832
1831 217
8020 2865
2687 6599
7934 3165
4776 2769
9436 5479
6288 1913
360 7059
2143 2417
9130 6188
9440 9970
7855 6912
3763 2078
974 5651
3683 3336
881 59
8155 9368
8372 7162
9231 8349
5552 5896
9836 7065
7091 6246
6841 4203
8754 9555
8464 2530
9958 7014
8073 5748
8282 9531
8927 2664
1012 2940
8454 7002
3806 9394
4025 3812
8576 6249
5720 8471
4963 1428
8346 3276
3150 6759
5913 178
331 9988
7747 1491
8151 9530
225 9267
7097 6031
5253 3698
3504 3692
608 7056
8542 7873
9307 8014
1738 8243
6899 5122
1059 3751
9112 6250
3980 9761
3230 1240
7629 1420
1973 1516
7783 2450
714 4010
1612 645
6493 948
2086 3602
5169 9463
5887 9425
1839 1976
9381 5473
6089 4116
7544 3233
4513 3193
1047 1735
5266 6371
9902 3035
228 9751
7449 9387
8172 9993
3855 5526
3323 4796
7568 4464
3165 7471
2449 7420
2403 6019
2974 9380
836 8265
6948 1590
4448 9992
4160 5372
6312 6054
4780 6820
8098 6870
5719 7762
5219 898
9622 8798
9064 4748
102 9730
991 6125
3904 9766
2738 4729
7447 7537
8879 4906
9478 7735
5089 7754
3425 7001
3332 3095
3031 1599
9091 1028
2111 6830
1257 4100
9322 5143
3737 4503
3880 4326
4828 2169
9878 8319
5196 4090
7800 3663
4208 6687
3062 864
8344 9747
4449 617
4038 6432
559 15
475 2955
3346 3109
7716 7417
6328 6052
1551 5716
2649 8010
7722 5770
9055 77
2443 9527
6382 4565
2101 8020
49 1730
1303 7769
4106 6518
4252 4285
124 5918
1706 3248
5942 9365
260 9753
6955 1217
2557 4065
7187 7438
5024 8771
6408 1264
1231 2726
5669 594
9969 2148
682 8774
3137 2186
3032 7574
9885 1693
3986 2929
2184 2063
8732 5091
9831 4237
4509 2235
2967 3788
6970 3288
6681 8158
1139 4660
7676 6645
1749 2340
1687 9149
3059 4407
2213 432
6147 9334
5756 1763
417 5506
743 8116
2660 4657
8622 9451
413 8276
6221 8807
7737 3009
9166 8410
2586 3225
6668 3889
9063 320
656 7941
5760 5430
3397 2574
9310 144
6015 624
8367 2952
750 8724
8621 406
6222 9113
1169 79
2695 1277
350 6613
7018 6179
533 3795
9707 4470
5618 7782
2960 4524
4348 4247
9400 7897
4405 7432
4486 4703
6270 5319
6928 9584
120 2811
1468 2979
1643 7282
3454 9376
136 8115
3612 4977
2496 1595
918 6128
6164 102
794 7680
4670 4467
5534 641
3960 618
4551 7911
1759 5899
7380 7949
3365 4911
5770 5016
6595 1620
7175 140
9560 1738
2223 2967
250 3903
8722 4749
9399 3421
8190 3999
7508 6091
4820 6926
6359 5726
1868 8987
6963 1058
4785 1324
4394 2454
9444 8719
1003 5868
1819 1965
5953 891
1510 589
2613 6743
3929 3312
2861 4398
4529 2088
7554 8823
1141 9612
9191 2576
4403 5284
8522 956
4221 6629
5188 2137
3866 2646
6934 4275
7904 4855
4920 6408
3421 7299
4968 7148
1715 9152
1926 3655
7067 9599
5122 1530
5542 6279
6756 5243
8952 3046
572 1829
4914 4971
4944 4446
5246 6587
6723 9428
1748 1295
7585 269
5805 7622
4748 8390
8846 9023
1605 7372
3409 35
7916 3144
8729 9688
5476 776
5002 9654
8594 5768
7756 3452
4901 2394
5239 133
3283 3894
1045 9965
2001 8539
6754 3024
3047 7135
4125 2102
1848 3405
8689 7276
3232 2470
865 5714
990 9196
9816 6463
6352 8757
2349 2523
1233 9005
3012 5654
7382 2831
2950 5660
589 9782
5907 2756
7068 1928
3953 2737
4611 3542
9931 347
4712 117
6619 7755
7403 6137
9922 107
3502 513
9986 8484
9009 194
3570 8285
5638 3799
8095 971
8045 3306
5516 5783
9258 4930
3301 551
244 5865
20 8785
1554 3827
5793 5402
2745 5784
9232 4948
7735 9104
152 4382
5615 2804
1725 4757
3723 4715
7713 9110
4940 2
4008 1403
4992 7665
5738 6726
590 9448
2110 967
1686 4946
3911 1463
9149 873
2161 5181
8946 3438
9817 7828
5378 3524
3548 4566
7040 7286
931 5584
4621 7997
5772 2483
2564 9389
3659 8571
9596 6178
3524 8803
1559 3496
8614 4693
6095 2604
6013 8308
3040 1745
6879 4535
4450 5789
701 9793
9638 7187
5473 4113
3665 2930
2387 1517
4925 7258
8320 6797
6055 1077
1797 921
5585 4196
7414 9771
1670 3409
8672 7969
8683 4859
3073 8013
9350 3367
3992 3877
5702 43
8384 9301
3182 9461
3742 4526
886 7120
2677 6292
4246 9755
9876 1426
3295 6373
2898 8094
4427 9960
4063 1099
1280 3362
2447 1441
3441 6059
1456 8025
1176 3807
3384 2702
7924 1708
8645 7654
547 468
810 8047
8837 2987
9767 8233
8943 7607
6612 5153
2611 8505
9402 3065
4720 5751
1294 8844
7845 8864
1275 7274
7424 9551
1655 2183
2969 8097
1355 5188
2748 438
2054 4763
8519 4348
5656 6651
8043 3749
6329 826
5629 9830
4560 6002
8198 6115
1769 3956
2710 7323
8782 9226
6145 8968
7388 500
2155 3646
4377 2612
1911 6804
7804 8442
3136 2662
8727 146
3923 6102
329 8361
6667 490
8595 9257
3030 2033
9959 3507
5776 1902
4791 1222
208 1809
2679 3523
1892 9620
2622 4182
7163 5867
2255 1642
3428 4897
3250 4164
5326 6879
7564 3988
516 2790
9950 307
4565 1111
6732 715
3891 3636
3243 8409
1334 846
5623 8584
8081 4931
8017 1304
6082 6630
1351 5559
2575 1202
4478 5168
1741 4341
6106 1982
3019 992
5157 6947
8985 7548
5527 8424
4864 5772
1282 5106
9925 3033
1883 5537
6174 6310
3317 2917
1226 6837
3088 3657
8137 8411
7667 3534
9184 2415
6302 3772
7914 1243
1408 5951
833 9858
201 3538
9647 4883
7274 1571
7915 5021
9674 1326
997 1195
4312 1727
1175 1652
6396 1451
8741 3823
3107 2591
2288 9508
1424 3461
8503 7650
5572 1522
8504 580
6673 8612
6358 5129
4044 7858
8839 2026
1445 9926
2065 3702
9131 8546
5009 3656
3844 7407
582 6144
6593 885
6161 8695
3754 7822
9503 4815
5904 6074
8490 8077
9373 8447
1304 865
3497 8993
928 4921
3488 9327
9111 2833
5723 7629
9951 6098
4860 9706
2714 5280
8639 9778
3061 1734
4866 3238
8820 9312
1160 7951
3710 1472
9416 3821
9603 8958
1000 3034
8381 6977
5566 1929
6370 2284
8450 3394
759 1504
4229 3547
9418 6950
922 1351
7960 5734
5693 3104
9787 3345
4620 8326
1073 774
777 6901
7684 8522
3302 2734
3281 8313
5729 6333
8481 6377
2644 3575
963 4184
2609 2995
8747 7752
2873 4699
2923 3219
2118 3408
2727 1935
7838 2489
9981 3176
553 8705
6454 3365
140 7889
3065 4097
9426 5762
4376 9743
5321 6485
868 5169
4751 7119
2816 3782
3648 7292
340 9120
755 804
153 6922
6962 8310
2681 2275
2979 4858
1271 2806
5636 9
188 5825
3717 3958
6243 4585
6566 8857
8827 5096
9506 2984
4445 2926
6795 2373
1478 9850
944 5881
760 5490
3596 8051
2334 7673
5304 4638
4066 5905
6173 6507
5555 1450
4331 9910
8192 8553
7122 2828
93 7400
3897 295
826 7856
6803 3931
9505 3017
7842 6479
807 8526
1486 8069
171 2919
5111 1211
9713 141
7277 5138
6807 5406
4665 5314
4798 4381
2416 5164
8882 135
6368 5635
6027 9459
4764 4193
6077 9679
4232 4074
5895 9802
9926 8914
7542 7683
8516 4671
1578 9235
8603 2497
8143 7968
9692 3661
3968 3688
5718 184
7865 981
4684 8739
7338 309
4707 3215
1869 1989
9921 1476
8803 6041
9708 4393
9943 3057
7113 1307
5645 8543
6022 5064
9891 3119
879 8041
7005 497
7088 5019
6197 3038
1597 7990
3025 7621
6484 2101
7548 8383
2186 673
6554 7613
5794 6639
6546 8218
633 9471
2529 3291
1545 461
2636 6020
3782 732
7552 818
1433 99
8944 4123
1684 969
689 9071
4118 1747
4215 3464
2964 5403
949 9733
1371 6354
4563 1347
6206 4978
1481 4955
8330 1775
4562 8092
415 7364
1591 8345
9805 3896
7798 5433
7450 7124
5163 8982
6677 2869
8296 220
9773 6261
6488 3665
1792 1877
3915 7493
1174 982
8409 3977
9497 9011
4339 8348
1512 4011
8692 5848
7211 1964
975 5246
6862 2055
690 5395
1697 7717
6418 2041
2242 8323
6658 4078
9537 4794
9247 4726
7628 2150
619 886
8582 4957
9697 9280
9385 4651
9252 4396
7881 8510
3919 3273
7363 504
9346 8330
6437 2426
4623 3012
2066 2696
6809 5533
3613 2280
4827 1054
3718 7963
6659 955
1611 3747
5112 8459
4250 9962
4330 2977
1588 8764
732 153
8753 7091
6622 5958
9141 5746
6770 1448
1937 3909
7086 9848
5499 924
6249 481
8395 620
9352 1146
2892 9424
4111 187
1790 1354
4642 6120
5823 9415
972 1574
1967 4786
2522 2936
2269 9928
3807 9067
1248 1954
7687 9505
537 2766
8055 1583
313 1677
3848 5620
3357 2397
8321 5368
8306 2990
3082 3290
1847 3423
5737 7507
9274 7440
8697 383
8318 6858
7125 8469
2183 2031
9894 3121
3698 7368
6214 4800
3091 9092
9467 3209
8608 7246
1256 3289
4967 3853
6553 3993
8919 3873
190 4419
7815 9390
101 3387
3308 4218
7685 1437
8459 1764
6441 6284
9719 7791
4902 5123
4240 7832
1373 9878
1014 7648
1070 7617
8132 9512
8028 4646
502 4128
4945 6202
254 9364
8370 8709
3785 1872
2324 942
6421 1665
25 5307
4380 5549
4844 5970
7786 5612
2382 3642
6230 1183
2359 7765
1381 6001
3532 8513
8903 4583
2761 7519
7193 5292
2400 2333
1808 3511
2835 6431
1586 5541
1943 3784
7299 4595
6794 890
2864 5594
7016 1206
163 2841
5842 2587
1618 6458
6367 8247
4275 1075
3781 2099
8563 8504
7877 6916
6378 3186
3771 325
1540 5996
8908 5008
864 629
2363 111
5498 9683
2945 3344
3531 8576
6782 5480
6944 5377
3803 4112
3772 5771
3424 9476
1308 2651
6947 4013
9450 6327
7420 9396
4461 3667
5014 2652
8712 7480
5666 6418
2124 8574
8606 3796
6771 6607
1065 8496
3035 2532
3498 7631
8240 7639
6965 5079
9227 377
2094 7257
849 6122
9327 7388
753 1639
2894 239
3028 311
9222 859
2921 3530
2565 8264
662 2024
6969 6757
5599 5577
8112 8274
7572 5767
2273 9397
814 6545
1415 9971
6245 7685
4961 1098
6538 8455
1341 8085
6167 2583
5849 1252
4076 2481
2095 5817
875 2679
3470 1236
5352 5073
2973 282
3738 8749
6199 9446
2205 2453
477 1578
5373 1640
2102 958
2694 8257
5933 9174
7240 8366
8678 2451
9020 9790
8702 939
2029 4104
4696 2692
4711 6066
6232 6796
4800 4342
7480 3975
5033 5687
7706 3441
4141 8561
9103 3677
6805 4257
2230 5945
6697 7242
3169 3685
7604 3774
290 129
3882 2193
5192 2569
3687 9030
3180 6954
4131 4689
8707 1421
2868 7921
3380 5778
1436 8848
1568 261
8117 813
573 2201
3529 3237
4573 1179
7143 3130
5139 2020
7666 7306
1787 388
3574 7594
4834 5182
2233 2182
267 6149
1110 6861
9856 7288
8417 1068
9332 3514
3796 9217
544 7425
9807 2870
6780 8057
8642 8667
3931 1462
3743 4352
8646 2969
5379 5930
1834 3687
5941 8939
9849 710
9221 6729
4384 8608
8201 2492
7729 469
7119 2110
6549 514
3933 5653
8534 8457
5289 9543
848 8639
4636 3550
1034 8956
4401 1767
6551 1459
8566 8625
2577 9847
4203 1150
4222 2058
2746 7441
7483 2260
8845 1728
4622 1881
7188 1837
5154 1153
7029 998
4579 3525
1740 608
1441 1358
8122 7325
6087 2822
1339 9358
998 9239
5923 8623
1532 7616
8426 9031
9253 2130
1029 6042
1899 9474
1863 2660
5287 3142
2032 159
5060 3589
1243 3678
7049 4708
2112 2000
5415 5308
6489 5412
9458 2640
5538 1198
7506 4915
2821 3573
8441 2817
5918 7223
1592 4829
9257 5150
9749 9684
6018 769
1549 6928
5646 9752
1016 7795
6544 6772
2519 1427
5160 7275
4555 1283
8718 2820
3058 5749
7777 7802
1156 7087
9937 5192
8892 6141
6854 1534
3442 6982
5490 2676
5708 9447
9963 1055
6096 6070
2300 6412
611 5985
6444 8685
1214 3599
9874 1912
6216 5924
9579 3206
1971 6309
3353 9290
9799 3941
4584 1223
9339 5872
4185 5775
8693 5984
7861 1492
3253 9309
6121 4472
1346 1848
2174 2179
5681 8035
8412 744
6289 4873
7708 8306
6894 3192
716 8900
9036 2616
8551 1791
7822 3404
7878 4154
2476 1507
1941 7158
6832 6869
2579 7302
5689 8962
6139 5483
9013 3027
2995 8930
3469 9734
1409 4377
4035 2744
3873 8502
52 4868
7779 9967
6711 3528
2932 6440
7165 8637
5314 1094
9716 439
6123 1482
2087 3090
7409 7777
2966 9937
9192 459
8096 4087
3225 2509
3540 5166
1731 7960
8199 4197
8925 8536
9504 4896
4350 470
1946 5321
4413 905
634 1963
3503 8212
5173 6749
9581 4816
5208 3029
1425 297
9589 1419
4415 8203
4210 1097
7192 2944
8585 8766
4929 345
5593 9482
4915 3133
4192 6531
1929 9182
6354 9959
8929 7664
5514 5104
4024 9660
7284 71
8188 2023
2036 8490
471 1625
8256 2686
587 764
9197 6488
3601 5040
8258 8859
2736 3455
1729 6134
2691 1246
9509 7173
1845 6461
9927 875
6261 4658
9519 987
2521 2561
7336 2064
3304 5888
6455 9810
286 9816
6258 8321
946 2313
5903 8879
223 6691
8286 2517
8561 9695
4161 9892
3147 9361
9070 179
7598 8759
5203 5857
3636 3710
3871 8105
1535 382
3371 4124
9623 3785
3220 8871
3375 324
4152 9342
5407 4865
7509 9013
444 1520
3201 6806
3805 2635
9562 1069
6481 3359
1507 4998
730 3916
3070 6596
7907 5983
9774 5920
5769 8497
4978 3348
5242 8037
6054 491
3628 2699
3106 5529
1247 5742
882 487
231 5560
3266 3414
3473 4325
2544 4867
9005 8407
4036 9220
3387 2166
7415 6721
5282 8489
5908 7643
5023 4910
1756 9986
983 6765
6486 7814
6925 3227
3970 7514
5245 5050
9300 4465
3932 8789
2070 2168
3660 7005
1856 9525
869 3025
9135 9282
1796 1594
5511 6606
4821 8272
5624 3567
164 3680
8579 6719
658 19
9236 7376
6741 6430
7324 208
710 985
2073 6223
2211 188
7546 5581
1989 1505
7725 1316
3370 8916
3209 4694
5807 196
5916 7114
9110 2070
1427 6631
659 3386
7814 1064
7383 8869
5095 3266
70 9435
7177 6361
1212 3648
4877 4852
663 9769
5502 6212
2606 9881
1260 9015
3141 7132
6607 4659
890 3245
2393 4347
1253 9764
246 3990
3185 4894
513 2975
1874 5757
8083 1170
5363 6113
2788 7121
7994 2487
1485 3325
9250 7919
893 9931
9109 6225
3396 9758
2778 2352
8593 3653
2245 6200
1587 6655
4420 3758
1081 3925
1228 6731
5138 8269
7587 8277
4811 2901
8094 2431
1153 7536
1026 6035
617 2267
8411 5814
3670 4997
1315 730
4802 6827
577 2712
3694 1363
6514 1770
4441 485
411 5523
4083 4577
3692 7744
4832 6961
6559 326
8130 9009
3696 927
2799 9879
7362 1818
7384 3670
3177 638
8733 8430
4883 3502
7979 2207
5610 2860
1384 4014
3590 4177
1714 467
5768 9625
4411 5946
2187 8876
8659 6278
700 4934
6867 1610
2953 6034
9186 6067
6787 1284
2563 9263
3890 9386
3662 4273
2168 6146
3004 241
9780 3402
7442 8336
3594 4780
7950 2356
5127 9381
7452 5901
7124 3067
2261 8894
9840 1286
5048 3724
5 5044
5655 2476
395 7929
3702 5082
9564 5171
6515 4436
4316 147
8630 7965
808 2471
1317 8370
6387 362
2654 112
1418 3949
1079 8443
1032 5385
8182 5094
9613 4633
9815 8762
9709 7700
8796 2554
9880 200
8570 2319
5512 3641
1353 3361
3950 197
7426 8925
4093 5259
8105 5876
7100 9804
7827 5754
6098 5235
526 853
7320 8669
4657 8775
191 3246
8901 4632
8794 4249
8465 4626
6617 2405
8492 4788
2021 9827
3468 5693
9162 8692
7582 9033
1944 1980
2438 3629
2075 8907
7760 5860
790 6704
3198 5563
5183 8222
9960 5060
676 8761
1238 302
735 1986
6796 100
5857 9043
1604 4762
7521 8529
4975 2613
7678 6331
460 6570
4847 3897
1898 5866
5939 1473
9496 4268
8121 5239
2882 7985
2296 4792
5285 7392
2545 6616
4155 7863
7298 21
8473 6325
216 4727
5486 1397
6115 4462
1785 5311
3585 1160
2653 7590
1981 3574
9855 721
7393 8487
9794 8638
8786 3427
2043 7846
6260 3709
1777 376
5338 7913
9238 6399
8300 8551
8976 835
819 3280
3634 3457
927 3371
2305 2986
8279 6622
8224 5711
2723 8129
7481 6486
5001 6386
3393 2598
2650 9078
532 2303
9871 145
1742 4233
8799 4764
5532 8368
6628 1612
9565 2688
6353 6658
9043 6543
6477 7217
6508 2015
3995 5576
1107 6315
9475 3463
6874 9112
5960 3093
782 2440
4510 7137
9640 606
4404 5521
6703 8702
679 80
8759 6228
3299 8611
7386 2994
3056 8820
2588 5621
8156 6733
6876 7357
5840 5531
5193 2305
6814 2105
416 5376
7334 415
6217 3049
6649 1695
9146 8008
8590 407
5782 709
1117 8888
5264 8296
2346 5964
7789 8797
2317 1073
9605 3416
5698 741
9529 126
9584 7069
5062 5384
4023 5619
7223 1866
7006 1182
5297 3603
9882 248
5221 1132
7083 8171
6779 8658
4260 7609
8090 8225
4558 8236
2909 7006
142 5382
5200 1260
5238 7154
1050 6938
7032 6724
1090 9169
8627 5054
6001 4885
897 3857
2777 7488
4682 4126
2506 9510
1693 636
8252 6895
3610 7051
9683 7818
5531 2143
585 9715
2096 14
1447 2913
9643 2683
7925 4505
7056 9236
1824 6106
6099 4744
9275 6497
1225 384
649 3764
5474 5477
1219 5555
5452 9277
6858 257
8767 3543
4853 7864
9900 9199
2986 2540
1235 4403
4868 5172
7510 4160
1711 1788
7743 9560
4754 3673
5294 2456
5431 7612
5797 1991
569 7942
683 3314
2536 7157
2062 5534
4170 8412
8477 8740
5243 193
8724 6236
5425 7800
5268 5882
6271 6986
3876 8976
3184 4584
3104 9540
6389 5457
8276 3226
9228 9742
6208 5833
6880 9251
1688 1192
7727 8369
3530 6140
6241 8609
2916 9291
3412 452
7527 9244
6840 3092
1866 5544
4048 1257
2878 2625
1116 1754
8597 3849
338 2722
4919 5010
3221 9952
2669 8599
4219 8019
2409 215
8364 2135
5475 8836
8060 4696
2552 5033
8755 3177
1745 442
3598 1056
3521 1532
8785 5923
4985 2714
3769 9347
5730 1012
2277 6166
1727 8307
5393 3935
7358 4509
1100 7533
4062 4805
4876 688
9915 8498
2935 5780
7620 6393
8368 3959
9639 3631
2197 3643
8271 9995
2562 7036
675 7454
3661 4469
4946 379
4234 6358
5091 4516
9839 6637
1968 6322
2293 7355
9454 6763
2578 2128
9923 676
4162 2847
2411 5213
1180 4507
3142 7970
6473 9575
3148 8567
9246 2655
264 8354
2030 8300
2708 6170
765 4828
4145 11
830 4411
8772 1547
2271 1631
5972 734
8299 2597
3927 8715
6839 3459
4482 6707
6791 4742
4110 2429
2099 4635
3795 4846
1912 4564
1489 1199
9617 2572
4163 6081
5269 251
1039 3828
2354 1425
5575 6345
6175 5548
4140 4168
1227 8230
7377 3571
8273 5971
5869 8755
565 6750
8371 8912
7824 2468
319 8555
4644 2060
4206 6206
4994 8466
2127 8262
1492 1080
938 7583
6759 6470
4528 4589
4841 9142
8868 8023
1635 839
7522 5001
2630 547
5481 8889
6605 4292
8259 7229
4489 3965
2700 926
4052 5226
7507 2971
9271 3267
5128 5414
6724 1406
7624 6016
2874 4591
4903 5586
9118 4540
373 249
860 8206
3542 7394
6376 5941
1518 6347
8992 5623
713 8075
6988 7236
5991 1670
1154 4782
6632 286
4271 6215
8316 8021
5821 1207
1567 437
5464 6238
9142 9490
7232 94
4120 2545
1348 1550
4242 2499
3482 1847
5574 4486
7027 5801
4308 5233
989 9262
5399 1119
6621 6473
7473 7474
7774 2205
9419 5156
2585 3147
9929 5230
2955 4355
7649 5418
5129 692
2910 3501
4324 4525
1278 5735
9256 6248
9239 70
4047 8678
4084 4416
5609 5408
4550 2538
3656 9006
60 7518
4104 8377
539 3639
811 4904
1600 4809
2341 5965
7593 7641
9077 7957
724 1859
595 8736
1149 5300
6011 5492
2238 5499
2395 9981
6675 6306
2901 9479
7022 8824
3862 6233
8568 9221
7728 9623
2308 3124
4607 6053
1419 4679
9371 1253
1051 3845
4624 6387
8615 5571
5543 4731
2352 4528
9676 4723
4825 56
9766 5017
7257 8024
2859 9724
6550 149
461 5590
9979 2462
8583 4366
9255 4241
7374 2648
8588 1634
6321 8141
2827 7003
7580 4899
9089 1839
8694 9462
5748 3551
312 7057
9830 3411
3836 3061
114 6547
1402 7195
3111 5891
9754 8061
7072 2038
2638 7211
6069 3199
5040 8773
8144 4110
3987 8569
8942 8275
6060 5803
5637 7224
3991 4491
26 7259
3471 690
2344 534
1579 7578
4460 7515
4772 1962
7330 1676
396 8698
8079 8830
1279 4329
4763 6481
1159 6388
9341 7935
8928 3960
8057 2749
3938 259
9074 2998
3419 8181
36 1466
5178 1883
1789 4098
6372 7179
3559 237
2688 7011
8912 1436
744 2365
5909 9627
6194 6300
6913 5202
501 9181
9041 5987
6590 2127
747 8834
9657 6229
6028 6623
9651 5165
7820 1227
6311 4925
8086 2792
9664 4548
5545 2240
3984 1806
1975 85
5948 1947
3983 7587
271 7367
40 255
2422 6942
5847 4020
4426 6712
295 5190
3097 2152
3128 6906
9870 1874
5932 1506
2 9246
3838 1493
7225 9919
6342 9814
7533 3353
3438 1932
5330 8877
8200 360
8449 584
5044 4328
5687 5804
8206 7089
6852 993
1822 4291
4947 6162
5137 7778
1420 2065
8979 9341
6427 6552
6146 4093
827 327
6961 2107
6757 5862
4735 2837
6940 6100
3707 8342
5536 3390
9916 1131
9268 6777
7528 9343
4287 2156
7416 6956
4381 221
2208 2508
192 711
7734 5625
3629 9265
8425 7255
3655 4593
9671 2366
6821 3921
771 8882
8447 4645
2465 7940
9538 9619
5172 4881
3573 5464
8688 4415
4437 2751
2971 8002
3901 5813
2268 2974
2533 2206
5506 7530
3159 6652
7392 4976
305 5303
4188 4917
7977 546
8511 9115
5081 7337
1178 6525
2436 7602
4867 6873
6218 1512
9211 689
7357 2202
1633 1349
285 6220
4918 6993
4439 4372
1015 2785
6188 3388
6044 3324
687 9783
3749 2188
3151 4059
7758 9773
1124 5112
426 7679
2883 3831
1364 5470
8042 2420
7432 8708
4561 884
144 5431
9549 8076
46 9902
9636 1646
4238 8159
7437 9817
2219 1174
8289 238
4346 8234
2515 2217
980 3540
9314 3553
5912 4156
9330 2953
9858 1939
9190 8435
4321 1895
7712 2637
2376 5512
480 7234
8040 394
5660 28
499 6032
2040 6291
3069 74
2291 8147
2717 4210
6556 6466
5355 7899
1490 9337
623 7019
7427 6449
1942 590
7537 4303
4990 7510
1823 9431
9427 6558
1916 1588
5267 3695
7749 8213
3537 6083
5356 1502
6479 3942
3630 4226
8998 2011
1186 9242
9691 7308
3841 848
6991 5773
2524 6338
2572 4512
1057 3442
4958 5940
2152 5185
6056 2542
737 4359
5771 544
6719 9349
5824 2663
4721 6436
8623 5078
3163 4317
8940 6370
3765 6409
4097 3625
166 7342
9263 9500
3700 621
2326 675
7828 7261
117 4545
8875 6088
3845 3122
3248 3879
4957 2941
5093 1149
1379 62
5353 1674
2347 7660
473 2251
825 9929
6611 5290
418 8465
3832 6000
3714 6349
7453 9281
1 7576
3501 5193
37 4707
3667 5387
3689 8081
621 8145
8126 5298
7948 9366
5773 7851
5617 3623
1189 8657
2439 8518
6972 4870
3817 9007
7714 3163
35 1618
7766 245
5670 246
7553 5955
1453 7998
7831 5489
1113 3950
9465 4532
7539 7933
2633 585
7689 403
6204 5421
2053 2518
8046 1865
4930 8924
9523 7362
9244 5450
4823 708
8402 1527
3898 8814
7404 3754
5672 1600
9291 7544
9971 6798
7466 4018
9970 843
5867 6592
5704 115
7868 3169
7457 5022
6849 8643
6613 1698
4365 5650
8196 7317
2683 5731
6242 8668
6764 2575
7762 8726
7107 7907
1853 8314
7633 1601
4923 532
5747 4380
2715 8687
6802 8103
27 93
7930 8263
925 7278
4499 868
9117 9563
1627 7815
3447 1973
3161 2708
4077 1052
644 1891
4491 2473
2327 561
7157 7995
6384 4695
5394 9126
8035 9893
8456 5316
8539 3179
2678 7655
2477 702
1541 5481
5567 5136
308 4499
9587 7380
5563 1994
8277 7482
773 8933
219 8279
5611 3385
180 9552
5339 5269
2486 2626
9620 8436
2599 1272
5750 3319
3072 4294
507 420
8496 1949
8160 277
1719 1212
4744 1009
404 6588
1806 7860
6785 8026
9098 1395
5778 1960
3158 5878
6357 7338
5649 3741
8814 530
9363 256
5838 4752
4845 9176
2365 5262
5041 9545
6391 4346
3349 9565
7917 2276
3922 3780
1502 1385
7247 4830
6537 8033
1983 1508
9296 2090
2750 4140
5612 36
2284 1216
8809 171
6461 940
936 9316
7746 8096
7617 9681
9090 328
160 5155
6062 6030
824 7785
2895 4705
924 7378
3132 1281
8474 6538
4549 7992
8978 6584
1171 6082
5519 6673
22 3729
7812 9966
3997 1819
1951 5852
3144 8550
8036 477
4352 7852
2222 9041
1991 2690
4042 3803
9273 8997
5179 1776
107 1940
883 3076
2117 5135
1465 7037
4074 4378
8529 8875
8665 3545
2635 9467
487 7498
5244 2390
84 4784
3764 9645
6564 6478
6906 7520
2469 781
7194 3800
8446 5875
5678 138
9004 6897
5752 8996
2367 5110
804 1841
5746 8408
8062 9311
8881 1197
7748 9445
2786 555
2538 5820
1043 5626
78 5443
6672 4207
8377 5832
3831 9486
6872 8220
127 7571
3750 3783
8887 3
8283 2680
7563 7214
3852 9946
5303 8128
4354 5698
7489 6285
9107 7260
5861 8398
8810 3910
2069 6414
3936 9307
2824 4559
3908 1320
8815 2639
4836 416
9054 9723
995 9051
5517 2434
6890 1154
2711 9133
8948 3713
3414 9673
8936 2558
3593 2795
6690 9135
3015 9918
3762 3564
988 3730
9997 9692
256 6978
8242 5225
3963 5736
9881 1007
4881 3200
5395 9499
9989 2593
8365 957
8949 387
5554 1148
9536 9487
9337 8542
8909 8927
7993 3945
1302 6335
8066 9908
356 5478
9684 8994
1301 7880
7893 385
9172 7055
310 3228
4465 9984
4227 8394
8988 6984
8304 9185
247 3008
3434 888
7723 2852
9516 6203
1501 7674
425 2807
2181 4495
5758 276
3145 8613
4144 1340
9007 4682
7148 8860
205 4960
2283 6176
7492 9465
8736 2889
8577 4706
1106 6831
3779 3686
8006 520
2854 224
3820 8288
4292 3229
2500 5610
8363 1707
364 3410
1470 2654
2306 2590
341 3478
7244 4639
7905 9515
6651 9136
1702 5760
8808 151
1699 2129
2628 48
7301 1173
1272 7689
635 3585
2684 8086
7132 5045
3962 1593
2318 3337
9626 5616
769 8175
9740 7582
1438 5914
4327 9384
5390 37
492 3207
8609 247
3595 1862
9869 3346
7670 9163
1547 5599
9964 1047
1830 3406
6523 7108
5119 5034
6179 2472
530 4498
401 538
304 9400
7541 1342
5346 1014
7179 3150
7375 312
1305 9117
9198 2003
3100 5507
3246 7884
8789 4482
500 3389
2330 8970
3478 3042
2351 6382
768 9826
8408 3951
378 231
1661 548
5333 9175
1972 3071
1543 9756
7543 1434
6643 3026
5606 9449
9245 6415
6952 5195
1721 9935
6482 4187
8821 7729
1152 1686
8632 9903
6645 1786
6936 3519
9582 8594
2479 5423
2980 653
9394 8622
8620 4992
224 7334
1873 9001
1843 5411
3460 1247
7503 3366
1401 5759
1811 225
9844 7732
6987 9983
9051 1319
1683 3499
5121 7159
4440 7623
4810 8191
7023 1722
3971 7516
2098 5441
3538 2416
7698 2486
2624 216
4168 810
3451 4895
6006 9759
2912 904
3861 4239
5880 9457
1432 8945
7021 2754
3736 2897
1458 5671
7144 2042
820 3159
680 8044
7292 1229
1531 5927
3437 4485
4371 6357
6323 3732
7663 2902
5012 3297
9947 1269
4318 1030
7260 8514
2157 6160
2017 2174
6728 6267
545 9088
9105 7216
2825 1650
9735 3756
1768 2819
6033 2369
5902 3598
9879 61
1641 1384
98 7127
4454 1959
6917 4260
1335 4376
718 512
5976 727
7512 9098
6487 1220
9811 1725
3156 9178
353 2250
2792 434
6618 5309
8507 6288
2937 4615
9612 6965
2051 5024
4933 2339
2454 5365
9168 1194
4995 5266
6181 8357
5125 9698
3486 3167
5469 8981
9965 3982
2643 2367
5789 1010
905 4799
2302 4404
2246 1789
9601 5065
9397 6087
5866 2257
2915 9792
5197 2823
2429 778
7710 8131
4347 4201
3716 549
8643 6050
9391 6739
5406 8495
969 1142
1920 5364
1105 5835
3591 7176
111 7730
9421 1204
2801 8954
3115 4430
1864 2387
3576 7283
5445 2231
2002 1611
7400 7659
6892 3432
3200 4236
8559 8007
7431 5692
543 5684
2078 4683
213 6328
2614 2115
9791 5245
4414 996
2926 4783
5804 2928
8535 7926
4256 2904
263 3020
2501 1544
3829 6859
4237 8886
358 2878
2396 6758
6457 7393
2790 69
5989 5666
5117 9116
259 1456
5706 2068
6476 9923
9368 882
6403 6168
8253 5224
7744 7554
9254 9321
3942 6612
3293 6356
6674 7092
2623 858
7025 7870
6573 6548
1103 8768
7413 1648
9449 8108
637 1029
7619 4183
8994 6133
2610 3714
9424 5003
821 2673
8634 684
1121 53
3327 5743
942 1749
4100 8065
8154 4441
9386 4594
8791 427
3517 1453
6855 9977
23 4650
1615 7144
438 959
7347 2803
5790 9329
5210 5051
8003 5992
941 42
606 4602
3231 1003
9946 6815
5774 7213
8575 974
3945 2294
2162 1908
1168 1690
1499 8087
540 2176
6415 8402
9304 8201
726 9516
3024 1919
8116 7807
7818 8600
8654 694
6050 9912
9326 7491
6436 8508
6169 4422
322 2669
4793 8088
5440 3895
1299 7316
9224 2363
69 2112
5108 3468
4132 2562
5374 1405
3291 9042
7721 8802
337 5678
7372 7028
5899 3249
648 3974
3887 9491
5046 4102
2298 9053
8354 3182
1430 4965
3506 3472
1893 3154
6562 1953
3020 3989
9514 7610
5263 7450
8737 1958
7929 8812
5819 7763
2444 1186
5482 7343
9459 1519
1955 5005
4524 5505
6777 7697
8830 3433
2038 7467
971 7029
6093 29
6712 2515
1241 8422
4980 5536
8067 7558
6433 2534
6513 1317
9145 9712
4974 9268
1192 9978
5369 874
5430 9473
8644 979
289 6754
2906 1181
5898 4076
9652 6709
1262 5839
220 5189
174 1104
4278 4489
7797 9642
2100 5222
2199 9209
486 4321
5577 2573
5808 7290
5602 6611
42 8805
1487 583
3259 2939
9267 5656
365 3347
3456 4192
1910 6657
6048 9070
2869 1630
3401 906
604 2396
4306 1302
580 6863
4895 9058
800 9989
8069 6084
7478 3816
3013 9064
6483 9740
1213 4259
1675 7761
3052 2946
6277 363
6440 4368
3849 4597
950 9915
8626 9237
3705 4753
7982 7075
1091 9577
407 8106
7278 7892
1572 2142
8471 172
6945 3859
5613 9930
8015 2219
7423 1261
1947 2716
9742 9060
2600 7269
1166 8781
3315 2111
7674 9862
3599 2383
8673 8525
5357 421
3187 5229
3326 9855
2769 4231
2289 7194
8173 2308
6343 4016
4662 3881
2766 3718
5049 7738
7152 5874
7853 8979
947 7289
5365 665
9625 2943
3175 3088
4613 5585
9217 164
5202 6389
9781 206
1663 7405
4765 623
878 2510
697 5127
7255 5811
1018 9140
6356 5648
892 3693
3238 7711
7860 6566
9619 3078
3127 7973
8527 7637
8319 2436
6861 2784
328 2677
7588 8143
9953 5343
7036 9721
4661 3576
5580 2092
4432 8568
6589 6803
5156 2577
5911 7383
4122 5725
9853 4444
6120 1191
9739 707
9866 6935
1126 2116
9481 8056
3044 4251
6820 6075
8699 8533
3566 4497
5234 9785
6192 329
165 5347
9628 8074
3319 2200
2690 2028
215 6264
6234 1888
5031 6105
95 1990
9443 3198
9318 2146
5463 9932
6257 5593
2640 4970
7002 8450
3452 1392
7477 8217
1288 9255
3903 1318
1566 687
4627 6517
6865 640
3641 6909
4089 7016
9939 9659
9744 5935
943 5228
9033 5295
1505 8062
5025 8644
7464 8720
8653 4079
5367 8395
6634 6480
6568 3415
3730 4220
3288 526
9076 6821
8667 2348
4183 5785
7876 5212
6239 6439
9153 5815
4361 7139
1184 1681
3112 2071
9060 3448
2452 6241
8088 1825
806 560
3627 3618
7114 4490
8824 2622
8347 8971
8650 9849
3587 1596
5589 4350
9412 9056
3298 509
7888 7971
9913 5392
8010 962
6886 5503
9448 7501
7241 7221
10000 3727
4614 4610
7591 5854
7061 3239
3603 8381
