100
7988 7555
2991 2649
3782 6787
4156 2941
5573 5669
5882 9447
5290 8519
2304 2776
5966 8893
72 2197
6402 4071
1289 9156
1271 8685
5978 4915
4239 2538
7553 8875
3158 1740
9410 6746
9008 4249
916 9593
9957 7352
3593 1970
3909 1624
3366 7221
6975 7261
1074 2990
836 9163
6626 9523
2003 2755
3362 3872
703 6793
2560 3806
963 4782
6779 7547
5297 2971
2129 4608
9225 3548
3130 6
5917 1604
3504 9502
7228 2762
171 2774
5478 6038
765 1908
1989 123
9081 4065
1295 9739
7293 3926
855 8234
9592 2326
7764 648
5821 5042
9341 6045
5020 6035
6546 6067
5576 5726
2894 950
6495 5640
6499 3975
3681 4712
8276 12
5554 1791
3950 1317
4846 8475
6194 8547
4401 7524
7214 4727
1241 7727
2737 2983
5903 5491
543 2186
8354 5554
6586 1077
6519 4020
1086 7962
7671 8868
3229 6210
5869 2439
1381 316
5442 794
6099 3537
7500 438
6044 458
7829 7576
2246 2827
4945 4565
319 789
9782 8885
6392 4021
9753 4916
1000 5217
137 6850
4837 7808
7431 7174
706 8214
2994 9936
9409 3142
8089 9150
4903 5360
1521 4813
