1000
725 4847
2437 6242
7360 445
3765 1190
4747 1123
8841 3106
8017 4674
7978 6894
3792 3510
8981 3043
7532 9127
4302 1368
9197 9993
1107 8741
1134 57
9593 6088
1168 4075
7511 4293
5346 5786
5156 6041
866 7660
5540 2766
7714 3252
2344 7804
3574 4291
332 6890
8115 2702
6378 5362
1603 6153
2694 9776
779 3354
6228 8968
1830 3109
1389 6778
3888 3868
3220 4526
5991 7297
2388 7347
2718 3543
2215 1787
5177 36
8824 6366
7933 1194
1550 551
6447 6953
5464 8665
2960 6189
4772 6667
7886 500
8820 7233
3278 4832
2475 495
4929 6977
4027 1192
7090 9191
7815 8895
4009 4484
1712 3600
7160 5035
2988 1206
2822 6640
6209 4425
3396 8484
4076 2255
3284 6560
1115 1533
4698 9371
8386 8121
4763 2560
8551 9979
8362 345
9104 2366
7087 3684
217 9743
36 3859
5600 4870
6660 697
715 2999
969 4788
7878 4975
3225 6307
8272 4369
949 6837
7941 1971
6082 5768
922 9086
5241 9540
7820 560
604 8973
5388 6022
830 5415
2539 8490
4948 1994
9543 9167
6966 5848
190 4263
7857 1006
7391 4050
3632 4630
8140 2443
4487 6792
2143 7571
1478 8116
4936 4494
6213 5624
6351 5050
8255 390
2934 168
2042 198
7822 2797
557 9426
9989 9731
8731 4853
3857 8499
8709 1632
9465 5865
7980 2882
2557 4950
6221 2859
8591 7613
9153 4577
5171 6873
7283 5965
3542 9627
2590 4938
9996 5283
673 2540
682 9660
5623 8082
2693 5573
9909 4708
3016 4143
5415 6413
7458 6831
1100 4299
3442 2247
8189 6451
9890 9700
2532 882
3669 5991
8699 4896
1496 4667
94 3560
813 4061
3104 1279
370 8659
3590 8748
8847 9543
6965 7321
26 8742
4422 1430
3687 9436
5587 8025
9870 5502
7845 3217
3812 9772
5617 9891
7801 7676
8222 2426
4310 4869
3976 7622
7724 3117
7979 1317
2636 2513
5967 1474
9241 3759
7269 4054
3239 6889
3407 9215
7362 1765
65 3085
1007 3726
2653 804
6864 1103
7400 1353
632 8913
1374 6960
9848 557
1175 166
3937 4256
640 4003
1355 9417
3085 7448
3367 8425
2265 6797
44 7452
5323 1720
2415 4426
3190 5743
6184 3708
4103 9304
4115 3627
8001 4236
555 2657
7517 2099
8523 7894
5642 7478
8739 4989
6390 2763
8206 1381
9739 9478
8334 4139
3657 1346
2254 7051
6 3464
4541 1310
7662 1519
6295 5165
5944 3711
9327 4838
5897 5919
3352 6874
2229 709
7369 3571
7518 7484
3267 7237
9135 8289
4655 294
4759 5503
8671 6802
9990 1616
2969 2739
3406 280
3619 4290
6543 6440
2810 8939
4018 4165
1413 391
3550 2511
3992 8635
8057 3677
98 489
5757 5663
4411 6408
7943 4172
7636 2714
7153 7949
892 1151
5628 6771
9573 5718
5312 9847
3778 8411
6525 1979
9473 564
9150 6081
7062 2211
8072 584
3282 3493
1159 7896
202 440
6131 8103
7803 3666
3530 2358
5180 779
1130 6378
7305 7211
8560 2614
306 2243
2964 7793
4897 7439
40 4137
5682 1138
2314 1909
3429 6358
7757 746
7547 7428
5966 8439
7924 9223
124 5486
8534 9657
6080 5426
9992 9896
3533 7063
3825 1427
4546 9503
1671 9669
3404 9238
4715 8646
4284 1128
645 3685
7853 7920
5641 7227
6429 211
2575 3550
3927 7852
1443 7572
268 7380
1876 2157
9974 8143
8178 9746
6529 1390
3272 9072
2167 3983
9804 7630
3540 3542
4647 7107
2897 5724
6528 7099
7615 5385
8146 4846
7315 4447
7782 8668
3938 3110
5169 3916
6043 594
408 9182
4092 5041
3966 9316
3887 9709
2581 8144
4493 538
8910 297
6478 6055
3991 1806
4508 928
5599 9433
5955 1873
4454 4924
984 5473
6766 1419
6601 4181
188 3994
2036 9718
5046 2137
8460 5126
5451 8713
4507 4651
7071 3524
9265 9892
8264 8124
694 5200
9561 320
5378 4663
3353 7843
883 2009
7522 6530
4096 7092
8789 2768
560 6458
5920 6847
9445 5987
9850 8183
9417 8492
5651 2665
8616 5591
3214 5687
4645 7400
6430 1835
7462 2503
9855 3116
1172 7026
1446 8130
7507 8454
2489 9482
531 3420
631 6752
7037 262
1277 7156
1644 2436
4687 9312
5487 5394
6307 3902
5007 2014
5792 4623
9464 3486
5212 8397
7572 8249
8480 1238
20 5111
7759 2798
9179 4572
4896 704
4720 6887
5340 9997
5105 5135
3892 7857
5572 9047
3684 5121
7284 5498
783 5998
7070 1055
2403 9076
3681 5070
4312 7859
6251 1267
6367 5731
579 2229
7969 9555
689 4084
172 3224
7810 4918
8649 6839
2559 5079
9467 8446
6116 4448
3910 2586
1657 2444
5860 7759
8127 3417
4180 2538
6425 7990
9000 838
727 1386
9092 1089
6019 6334
2744 1193
8489 5146
4165 1934
5680 7667
3837 4548
3110 3657
7544 1114
2354 3218
9171 404
9542 9261
5206 2753
3559 5762
7931 4417
8854 5224
1257 2515
4878 6139
5770 1780
7715 2264
1038 3166
9970 8111
4497 5104
3926 7151
9404 8245
5126 4189
1525 5490
1199 5958
2806 9412
438 373
7035 3204
5926 225
2211 1227
2360 9717
1857 7597
2549 160
331 4755
2604 9781
7431 5272
9863 4617
2657 2417
6593 272
8728 4167
5304 2112
3501 3287
3772 5253
554 4099
2830 3329
1937 5281
4292 2645
6659 52
9208 7150
8850 6264
4431 9765
7163 1772
1778 9227
2716 2634
9306 5923
2760 5642
7167 3035
4622 4984
3633 5883
2430 9110
2050 1855
9234 9942
7229 8980
4203 401
9440 9778
1153 768
9933 925
5318 4479
1183 41
2396 3441
8846 4272
2031 1417
2166 5558
1689 8531
6282 9476
295 2831
5455 7864
7645 1818
637 7964
4294 5392
3233 811
5329 7184
8550 1542
9529 3972
8424 8342
4366 5831
9210 9015
7302 815
9304 9806
4495 1429
365 6766
1248 376
9594 6194
7999 6489
8996 677
6501 8568
4877 5619
7742 7407
9020 308
8919 6603
3179 7925
4225 1886
6842 7455
317 343
3218 8251
4987 83
8433 6210
6489 6535
4456 7499
536 6342
1547 7414
8629 3419
3863 9075
3601 1805
5954 2568
4774 1612
9410 2239
4448 1856
8578 6101
7779 3305
3580 1995
9002 1623
7286 8255
6599 4857
5895 4851
6555 3819
9669 568
3264 7823
7564 8357
2523 2929
9624 3917
3827 1565
8361 6281
6273 300
8138 5119
6140 7084
46 6534
6500 8106
2996 5149
7114 2718
6235 5347
1915 140
2173 6166
1296 5060
5931 1354
175 5444
2520 344
5510 1038
9562 7169
8186 5674
3722 7427
6553 9323
159 3172
989 3692
880 9605
5692 2997
8049 7309
3634 2398
6627 8448
5798 6555
3167 3813
567 5061
9599 785
1592 5576
5008 8828
7110 9486
843 6980
8046 4813
4084 285
9841 4540
5636 9680
1811 7709
3483 1587
4244 4899
7694 6551
2506 7690
4889 6181
7778 831
8365 4536
4118 1929
8117 8375
7938 5063
2239 102
2675 7711
6400 7285
3663 1187
9515 3995
3155 7077
5203 5446
671 1907
2561 3505
8814 5212
4846 7651
4399 5055
6066 3400
6684 3672
9375 7526
1542 423
493 8409
3496 9398
5592 7483
9687 16
5512 4508
3762 5858
314 4436
2799 7880
4653 8993
9488 2273
5043 475
1361 1367
9324 9435
7093 6056
2519 4766
3374 5617
9635 5548
1035 3101
6708 4914
8161 5685
4926 964
6721 9862
7854 4591
5163 4028
9180 7776
8702 7312
7690 8813
797 3735
2217 8359
236 2576
3095 8471
1026 7656
487 144
3549 9724
6521 7314
5762 7912
7308 2824
6513 9581
3270 5463
9995 9950
64 9283
8203 1122
6499 1820
2322 233
5370 9874
2327 9159
4000 4782
6887 1758
5322 1385
1648 965
4460 1454
7323 3625
1335 2234
6920 9414
5597 7581
482 7773
1688 2516
888 6577
3916 2322
9911 6336
9731 7354
8740 5143
6239 8985
2843 8339
6554 3498
9317 5608
7032 1779
7963 7095
8733 4645
7737 4357
8101 7320
400 3631
2367 5580
7481 2479
9956 3249
7134 7878
718 3634
9908 4745
615 570
597 5401
2779 1782
5859 7888
6606 5097
9140 5275
808 1142
1816 7681
3509 6082
2763 9455
6952 8591
2983 3879
8292 5388
24 1160
6550 1796
2411 6141
8218 1231
8058 3844
5768 7684
1756 155
4464 2841
6523 4301
4788 5611
9058 4637
5424 7232
5155 7743
320 8989
4906 1513
1554 7635
778 787
966 4397
958 5206
5964 1120
5311 1048
6030 2721
2155 6655
7947 6183
3956 5506
6490 2338
2687 8787
8055 1109
7092 8478
6356 793
7224 3760
7338 2932
563 9789
1835 5324
2820 9820
3224 1448
5030 3025
5157 1809
5561 1077
7383 4544
8468 4077
3318 3432
9736 3191
4393 9686
8947 4691
1103 2807
4031 5218
3428 6270
3756 4098
4395 9582
2035 9678
2753 2275
6319 9970
9094 9124
1824 2007
2839 9378
9602 5144
1455 5260
9365 382
7877 5538
454 1412
155 1576
7775 9638
8097 9153
2109 2552
8098 8666
9592 1212
8558 8419
6865 3738
319 9241
6182 1050
362 5232
3420 934
5321 8382
2540 5127
1152 354
9361 4419
7663 6810
4813 6156
5856 2236
8876 6059
4841 1570
9580 8259
5739 7887
4353 7410
4723 3264
6795 8496
227 7519
5264 5966
3430 4995
7540 8927
2285 1024
5833 3228
6990 6773
5221 6680
2808 712
4140 8497
2368 7742
896 5309
9777 7481
6908 9701
2933 5181
2021 9656
7968 2296
8155 769
8368 6211
6917 483
238 1808
4532 8193
276 6593
7052 249
5962 706
8972 3500
3608 8271
2262 7363
3481 7797
4467 8537
4853 5321
2542 1174
6805 576
6466 7388
2 5243
9435 877
5056 6280
8389 1253
7248 4124
3650 2782
4959 4063
5698 9616
4408 2488
5034 4423
1278 3135
5196 3777
6347 8736
6237 1221
6337 2168
7747 9347
7321 6755
3148 8624
4960 6995
7678 1214
3711 8880
7556 2752
9447 5536
3390 2588
2880 5182
4754 4445
863 6947
3943 8852
1678 3393
8078 1021
9387 2663
8149 1043
1381 5524
6854 8070
6678 7582
5013 1080
5933 9937
4531 1724
5037 302
8515 3062
6249 8207
1692 3669
8936 707
2147 441
4966 3206
8503 3266
8779 2231
5946 6789
6655 3022
3521 9328
614 1289
1125 458
4251 7831
5256 3576
7823 1663
5734 7405
3185 4070
9390 6938
1258 6616
8741 9958
3881 8378
4462 348
5439 3463
241 6170
4038 3660
8851 1589
3009 3242
6214 8080
2956 1278
9715 8016
9037 3098
1147 7968
3386 9593
4612 3084
8090 6106
4969 124
9709 8013
7031 3311
8509 9493
6069 534
2320 6749
397 929
9303 984
6072 4694
5275 4742
6934 8545
7806 2353
9998 8157
7131 4104
2550 7850
5239 8432
323 1571
2334 2936
416 8458
8246 455
2316 5018
1028 3883
4958 4090
5366 4731
9506 3535
7393 1485
6151 6750
35 2565
6340 8555
9271 1961
2169 9599
5574 1205
5518 5125
4535 3904
1331 1550
9426 4351
7533 4952
9665 760
540 5586
6755 9856
1663 2057
3047 6302
7628 5787
4809 5176
2135 2106
642 6765
2558 3097
2518 9222
5152 8052
919 480
4502 7563
6696 5562
9312 9947
2957 8649
1235 8604
1244 7171
7838 4185
8933 1515
6056 8064
3343 1372
1110 8842
3495 4154
12 3955
9030 2306
8658 9567
8081 4355
1030 5797
1744 1452
6482 5244
9451 2378
8346 44
6833 6311
3814 259
7560 6565
4085 7041
3018 4680
2074 3873
9268 270
4352 9362
6178 4171
1178 998
672 8724
262 7967
2824 1568
7053 3038
776 3539
1908 4867
6621 3516
8375 1703
8011 1605
1991 6656
7194 8878
3970 275
5359 7791
8344 9161
7684 7064
4930 1457
4635 6223
7827 8801
3131 7745
9138 1262
6681 5170
1269 5434
5267 3990
6065 171
9945 6050
7602 4719
1382 1255
8755 3275
