500
2830 2837
2101 5318
3138 6362
7952 2327
5218 5111
9470 9430
1998 8143
8107 767
6125 9645
8083 507
9736 8774
7114 5903
5268 7127
6959 6156
4051 6906
6651 5877
3979 5445
1236 8130
2397 3118
6951 4900
3556 396
4850 910
591 4148
5318 1940
8947 6467
8567 7858
6204 3707
1711 2285
5039 8977
7343 4501
3142 1202
2424 1066
6962 9427
8979 3994
2849 1369
7812 1999
4777 6894
8081 3203
2845 80
2549 9083
7623 2026
2701 8991
8242 2473
907 2326
8687 9664
5706 1977
9675 4252
4658 6736
2545 8558
5367 833
1708 588
4619 1917
6333 9274
8055 1114
5895 7482
7611 2394
3724 2159
1926 6511
1288 4241
8864 6058
1715 747
6382 7452
9143 6900
3295 9378
9969 196
5867 1548
2758 157
1158 2021
8065 8317
1176 3023
556 2821
2362 66
9971 9407
9558 2267
8048 6057
4169 4659
7281 9814
1181 3984
8844 7106
4308 2888
2235 1716
5992 3675
7146 4589
3324 1152
1020 6216
2993 30
5634 7938
3647 8395
9223 5541
8310 1885
3053 7013
3778 9279
4892 3526
168 7279
7323 4216
7128 9854
1229 3370
4193 5291
5181 6843
9355 7474
1443 2151
4254 494
7428 4019
7853 4678
6472 7991
4600 7760
5273 7746
3670 1652
7612 8367
6627 3641
4506 7563
1586 4712
6915 6208
4318 5777
183 9883
7878 2617
695 2478
1637 1928
1897 3068
274 1539
2186 2174
6413 2919
6064 508
3250 5163
1825 2196
2251 5334
8277 4911
1927 8882
580 5788
831 5054
2790 2585
1348 8201
2986 3308
9340 7148
567 9250
149 3316
4704 2355
6849 8398
2511 9941
2267 4925
6903 7301
3482 6854
5965 5002
8453 3453
2980 810
4724 9442
4525 7619
2685 7356
6393 250
5076 9659
7958 2407
5010 979
4317 205
1777 660
861 8181
872 1566
6905 6526
2464 6119
4042 6418
4651 5809
4180 9987
1350 8442
1562 6687
1014 1639
3188 6649
3391 3154
5744 7289
4626 601
7133 4031
201 7014
6606 4788
6653 294
8192 9675
9075 3646
2766 8318
4784 8861
4002 5067
3494 4439
6285 9444
1142 7084
4589 82
675 6584
6407 6816
9697 2871
8732 5523
8524 5667
4958 4117
9462 5707
1796 2932
875 2220
277 8793
76 2923
417 5682
3705 876
7773 9705
7677 9268
6816 2686
6022 904
6172 2341
837 2378
4225 1229
9263 2972
8300 2707
4409 1012
4353 3005
7425 2694
8293 9722
9225 3275
9662 1521
5684 5602
6474 4045
3576 1403
9941 3277
6509 5806
4598 2560
1401 5315
9983 5645
2111 8402
7881 5947
4170 3586
8839 1144
795 3756
3441 472
2679 8466
2888 9638
3969 8909
4093 549
8624 6456
967 3205
4329 3162
2923 4219
4128 2006
7107 389
1253 4054
9043 5100
611 3441
9447 4847
1256 1514
4007 9433
6760 3811
6272 5647
3551 2660
194 2804
1959 1124
9807 9231
9744 8003
4742 37
1054 977
7798 7234
6237 2284
3159 1677
8450 8728
8422 2307
8026 6094
1374 3160
9463 8245
7268 2328
6854 1648
6943 983
9613 1033
81 5758
8455 540
610 2957
5384 4902
7499 3837
5888 890
4266 139
549 1508
1616 7898
2400 2824
9522 9206
7688 8913
7992 7715
3965 6459
260 6140
5216 4433
4538 5979
2712 5944
6991 6578
3236 4481
3264 6732
214 7083
1098 3859
2078 9592
8711 5204
4998 7226
537 7063
8638 3612
4279 6607
5160 421
1067 9663
2454 1467
1969 2582
1752 1446
9853 4964
2099 84
6469 7199
3748 4139
3481 8297
4459 356
5243 7020
9914 8998
4950 1646
8570 4090
7609 9098
5601 6040
4009 1619
5725 1949
8466 7558
5588 3417
9267 765
233 3189
5521 7791
9281 8415
2684 2104
2231 903
3722 2418
2721 6840
1281 9617
7130 9481
8943 8770
5568 2201
2006 7119
8166 2587
5253 2992
3840 5075
5257 2099
4505 95
6798 2507
7374 9994
992 1665
5623 3948
2718 6426
8813 3569
5740 3103
8116 6423
8502 8228
7708 4598
1235 4087
1386 8153
2137 7291
4435 5395
3428 711
5831 4424
6178 8857
3606 4336
4916 2753
2479 586
2848 4149
8824 4076
1085 3498
9882 232
7342 1781
2736 7076
6608 2716
3252 9563
6456 5744
5854 809
9486 2810
3736 2654
5336 3771
7625 1172
2058 9044
5664 4958
1840 2656
3761 1534
1663 1965
7525 2894
8017 684
2818 7320
5685 8070
6968 5011
6174 4323
6614 309
3496 4070
9630 2881
8997 2713
6576 7082
6976 9964
2004 359
9743 6091
8254 708
5866 6898
9268 9670
7855 7352
626 2578
5342 197
5885 7094
5145 9001
2749 9935
2247 1837
7330 2863
3574 2845
9348 3578
2968 7930
7440 3868
4567 9587
2846 8580
7642 5401
6281 2063
4670 8546
8858 4829
7338 3528
9374 211
4188 7205
7297 5004
6038 6282
7245 5131
1143 2344
1745 7444
7617 5819
6690 7926
6206 2489
4080 6172
1387 3644
3147 9058
2366 3888
2939 5058
5494 923
429 542
8326 5888
401 6261
8337 6379
9874 1078
5481 374
7302 6436
4016 4469
7833 6711
4654 8702
1557 8422
8423 9365
6564 4137
7311 5567
3073 7966
9387 9497
7006 484
8266 151
7094 8699
4830 1370
4690 2304
4066 8331
2193 1565
7528 3517
7494 8026
5460 5598
9742 8788
2141 8250
5176 8892
7831 4915
9706 2790
2917 6689
7012 1161
485 3299
9099 1138
9513 4518
8821 9325
180 9684
5964 7274
6095 4922
6761 8531
7379 3964
9061 8905
4669 2800
6953 1799
8181 6714
9669 4124
9286 9910
6992 9771
7742 4941
2052 8817
4941 248
5221 5150
9008 1417
3400 894
512 6372
6685 8740
4811 2440
7969 1904
5154 9922
8603 865
3972 7357
3334 6528
9122 3020
8670 8995
5718 6809
7363 5133
5543 1654
8371 7483
3354 67
9013 2756
5927 5475
78 242
4997 4655
245 6359
9072 3404
303 3600
7096 7960
9219 2570
9155 4987
3504 5787
