1000
5368 8920 214 861 5730 2894 9743 9482 7467 6393 1447 2466 8543 2520 4319 640 8878 8257 2925 4002 7836 8500 5109 7915 1201 3482 1994 1062 3930 6474 9031 9457 8995 2533 1841 1003 1550 7815 233 6291 991 4022 8386 8654 7096 6314 5567 8787 5372 5704 6430 8406 4015 4883 6222 1345 3951 5957 6529 2675 4069 2719 7338 9089 6905 9257 1345 1538 9891 2681 1550 4335 9356 3643 1784 958 4238 5798 4170 4202 3075 9982 8372 1813 257 7166 6610 5092 2891 6425 8143 8162 8164 3320 3515 3543 7599 9699 2779 8340 9050 3984 7922 1348 5794 5219 1426 8641 3129 3478 6116 6267 3063 3921 1066 1561 229 9521 7242 8495 7799 8136 2740 411 9456 868 3639 4847 7769 1400 4470 9032 4912 9331 7538 1116 5518 4502 9279 9900 9011 9124 7688 2754 1801 9586 2967 2961 8797 6887 3789 8129 8564 4504 5227 9814 8974 9872 2652 9338 4508 2085 109 2663 9767 5255 3968 3493 7507 2125 9659 710 1599 7888 7251 8207 6088 8080 8860 4501 923 8236 2477 9783 6902 7342 3615 7841 777 946 3071 5265 9841 3209 7730 760 7467 6995 9367 7288 5374 920 5704 5225 9322 6346 1309 8445 4460 6270 7039 41 1578 9565 4917 4599 3730 2958 527 596 2281 6525 8855 4111 1871 7116 8760 7838 5428 1847 4418 4703 2811 7392 9583 9639 9581 9752 2871 2262 73 8747 7236 8071 5885 164 1231 7160 9185 2890 353 8205 8945 4774 1694 6559 4163 8580 9885 5302 3029 3324 9985 283 2474 5979 6529 8575 1099 7552 5965 9767 2463 4619 3843 8406 1635 7446 2731 7578 6702 9285 6945 4905 9003 1673 5 4404 9488 9316 5270 683 1541 5075 2662 4877 198 1863 4487 6429 1530 5549 4945 9049 7646 4523 1147 3056 8176 997 7558 8413 8935 2492 9850 7490 5578 7868 3959 2585 3670 8716 8690 4173 8441 9438 6000 430 197 9142 1520 5203 8120 9887 4886 4830 1787 7659 2504 6250 5652 8966 3729 9358 9193 3849 1484 312 9945 4641 4807 2092 4415 7007 2144 4955 5962 9690 8456 2116 3898 8372 621 1521 3197 6094 3916 4608 7275 8909 1088 573 8691 9989 992 201 8788 2915 6819 6038 3992 2350 7666 1534 8395 4090 5477 674 7176 6444 2729 1887 4029 4556 6577 8119 6674 5751 1427 1617 2635 4494 2333 8830 9025 3384 1090 5306 4648 876 1368 3605 1453 5136 5276 9696 4663 3255 2216 6195 1831 653 3105 5519 7388 9795 6899 5797 4550 5471 172 3976 4922 165 1090 1142 2615 5286 8443 7443 8209 83 2693 700 5612 6271 1893 6836 2517 19 5355 5604 4394 3085 618 6335 1183 7748 5725 1940 1969 6921 9513 9184 6839 6524 7452 7742 7389 7397 6230 1238 9770 1051 7864 8935 9221 7161 7953 5444 2857 9305 3969 9299 9765 8684 6044 4109 9082 4212 2512 162 1815 6825 2616 3449 137 1947 1349 6453 2748 5848 2689 6169 9288 2821 4536 6984 7120 3084 9625 151 3768 2118 1531 9262 4705 6858 2313 1429 4968 9476 2529 8613 8934 1077 4581 1274 8018 9301 1488 3693 6956 3523 3891 3671 9718 5786 6721 6185 4239 7851 6781 1528 5126 1035 9418 807 4772 9088 1654 3878 6485 2766 7703 3067 3342 92 824 6923 8336 3832 3905 9852 7443 3598 951 2771 6740 8924 3117 3321 5551 7336 6632 6038 9271 5248 7914 804 2398 4712 9069 7226 8234 8353 9870 9225 1165 3831 8327 8008 1962 8178 2937 8622 5665 4529 6914 7303 3018 1887 2966 3747 3237 9462 1641 767 6922 1960 3256 5875 5515 9147 41 1763 2490 2028 3566 9480 2167 8557 1092 1858 2610 5612 1544 6285 5864 639 9331 3744 1439 414 4878 4322 4010 8458 6388 2553 2386 9394 8317 8291 556 2883 9728 5568 1042 8687 865 5782 5664 3046 6081 3580 7918 6886 3336 6133 5427 4206 9638 8677 5422 6753 3266 8562 8244 1896 2377 8347 4133 5450 3362 2582 1543 3278 8454 4383 5035 7339 813 1358 4776 4764 4037 3316 6761 5722 7970 8330 6559 1434 288 6473 4957 7094 2316 8620 122 6993 510 3049 8806 1629 5328 7864 7030 545 6238 5467 1685 1680 9839 1629 2466 7542 9040 3107 9084 4960 7692 3567 8051 1633 2759 4962 9616 2737 1025 6005 4617 336 4439 6948 2736 9990 3145 5877 3200 7278 7692 5224 8997 3270 1329 3658 9938 5343 4202 971 5743 4326 7986 8957 5943 2605 5985 4193 4586 5291 2518 917 8403 8497 9347 9221 6645 4169 4817 4991 8713 2609 5621 7959 276 8836 1148 341 5070 3672 3524 4728 4691 4661 7289 1107 6703 3422 3437 996 996 9853 8836 4159 6270 2785 5237 724 2270 8296 8816 135 1026 1552 4625 7620 5117 3561 5383 7878 5551 385 1130 737 6229 9982 7128 1777 386 9853 1239 8830 9924 7738 7151 9095 3193 9961 5284 8204 5675 2260 5856 2859 2994 638 7323 1093 7086 1645 1175 1826 1387 5763 7362 8694 1049 8903 2299 698 5153 1347 9228 6375 3736 3928 4279 3048 5980 3591 8006 9474 9626 628 7614 6318 8179 2896 7145 532 6110 5333 1171 7432 3657 7434 2075 4686 1414 5815 7109 5170 7346 6361 7513 1333 8191 1960 5732 7760 5924 3715 4637 3265 1423 3074 4617 8316 6584 6454 2517 5278 8066 5209 4300 7248 1894 7734 7927 5370 6845 3537 6563 6674 2660 6033 764 756 3141 4875 3713 9432 2677 1042 4983 8296 1774 9979 9351 5443 9100 4789 1910 6292 5918 4995 5542 5977 3845 9477 334 8260 337 1023 1411 1927 6387 2797 4458 1322 3783 6061 6992 6470 2988 155 8722 8597 2405 3886 5133 188 2294 29 3622 5305 9067 2085 7256 9857 1436 9773 6896 9347 8515 7136 7037 3138 8729 5418 71 7139 2313 962 2731 296 6179 6213 21 8612 7203 5933 2016 8035 7347 8146 2885 951 
7
12
25
6
34
99
532
235
