200
27 71 46 95 99 3 1 54 56 53 95 75 91 35 96 84 41 52 39 91 49 19 57 60 70 99 30 11 39 9 35 13 87 78 25 5 88 88 58 0 41 10 20 51 73 20 37 67 99 24 42 76 18 27 73 54 5 56 56 2 61 91 14 21 52 33 60 2 20 58 87 53 78 20 18 10 13 89 83 30 40 46 18 72 50 11 11 98 9 5 29 83 65 3 63 86 8 62 42 67 11 70 31 81 96 89 79 31 45 66 32 23 77 11 52 20 27 14 9 62 36 58 79 70 99 33 50 44 52 56 88 99 83 79 38 72 82 71 84 29 26 13 82 56 85 73 94 58 67 43 80 9 86 31 56 52 97 33 47 20 61 90 1 33 92 30 20 13 64 96 49 24 50 78 88 67 80 68 8 80 52 6 26 83 77 2 5 14 38 5 66 77 57 51 77 4 98 43 40 40
1 2
1 4
1 5
1 7
1 9
1 11
1 12
1 13
1 15
1 18
1 25
1 27
1 31
1 32
1 33
1 35
1 36
1 37
1 42
1 45
1 46
1 48
1 52
1 53
1 55
1 57
1 63
1 64
1 65
1 67
1 70
1 71
1 72
1 74
1 75
1 76
1 77
1 78
1 79
1 80
1 81
1 82
1 86
1 87
1 90
1 91
1 92
1 93
1 97
1 98
1 100
1 101
1 103
1 104
1 106
1 111
1 112
1 114
1 115
1 121
1 122
1 125
1 127
1 128
1 131
1 132
1 133
1 134
1 135
1 137
1 139
1 142
1 143
1 146
1 147
1 149
1 150
1 152
1 155
1 156
1 159
1 161
1 163
1 164
1 168
1 169
1 171
1 172
1 179
1 180
1 181
1 184
1 185
1 187
1 188
1 190
1 191
1 192
1 196
1 197
1 198
2 6
2 8
2 12
2 17
2 18
2 20
2 21
2 24
2 31
2 32
2 34
2 36
2 37
2 39
2 40
2 42
2 44
2 45
2 46
2 53
2 55
2 57
2 59
2 61
2 63
2 64
2 65
2 72
2 73
2 74
2 75
2 76
2 77
2 78
2 80
2 84
2 85
2 86
2 87
2 90
2 92
2 94
2 96
2 98
2 100
2 102
2 104
2 105
2 106
2 107
2 110
2 111
2 113
2 117
2 118
2 120
2 121
2 122
2 123
2 124
2 125
2 126
2 128
2 129
2 131
2 132
2 133
2 137
2 145
2 150
2 152
2 153
2 156
2 157
2 158
2 159
2 161
2 162
2 164
2 166
2 167
2 169
2 171
2 172
2 175
2 176
2 177
2 178
2 179
2 182
2 183
2 186
2 187
2 189
2 199
3 7
3 9
3 12
3 13
3 14
3 16
3 17
3 20
3 21
3 26
3 28
3 30
3 33
3 35
3 37
3 39
3 40
3 41
3 43
3 44
3 45
3 47
3 48
3 49
3 51
3 52
3 56
3 57
3 58
3 59
3 60
3 63
3 64
3 66
3 67
3 68
3 69
3 70
3 73
3 74
3 75
3 76
3 77
3 78
3 82
3 83
3 84
3 87
3 91
3 93
3 94
3 95
3 99
3 100
3 101
3 102
3 105
3 106
3 107
3 109
3 113
3 115
3 116
3 117
3 118
3 121
3 122
3 124
3 129
3 130
3 131
3 134
3 135
3 136
3 137
3 141
3 143
3 144
3 145
3 146
3 147
3 148
3 150
3 151
3 153
3 156
3 159
3 164
3 170
3 173
3 177
3 180
3 181
3 182
3 183
3 184
3 186
3 188
3 189
3 190
3 192
3 194
3 196
3 199
4 6
4 7
4 8
4 12
4 16
4 19
4 20
4 21
4 25
4 27
4 28
4 31
4 32
4 34
4 36
4 37
4 39
4 40
4 41
4 43
4 44
4 46
4 47
4 48
4 50
4 51
4 53
4 55
4 56
4 57
4 59
4 61
4 63
4 64
4 65
4 66
4 68
4 70
4 79
4 81
4 82
4 83
4 85
4 86
4 87
4 92
4 93
4 94
4 97
4 98
4 99
4 103
4 104
4 106
4 108
4 111
4 112
4 115
4 116
4 119
4 121
4 122
4 124
4 125
4 127
4 128
4 131
4 132
4 136
4 139
4 143
4 145
4 146
4 148
4 150
4 155
4 157
4 159
4 163
4 168
4 173
4 175
4 177
4 180
4 183
4 185
4 187
4 190
4 194
4 195
4 196
4 197
4 198
4 199
5 11
5 14
5 18
5 19
5 20
5 23
5 26
5 27
5 28
5 29
5 31
5 32
5 33
5 35
5 38
5 40
5 46
5 51
5 52
5 53
5 57
5 63
5 64
5 65
5 67
5 69
5 71
5 73
5 74
5 75
5 79
5 81
5 82
5 84
5 85
5 86
5 87
5 88
5 89
5 90
5 91
5 93
5 95
5 96
5 97
5 98
5 99
5 100
5 102
5 103
5 105
5 111
5 112
5 113
5 115
5 116
5 118
5 119
5 120
5 122
5 126
5 127
5 129
5 130
5 133
5 135
5 137
5 139
5 140
5 141
5 142
5 144
5 146
5 148
5 150
5 151
5 154
5 156
5 157
5 158
5 159
5 160
5 163
5 164
5 165
5 168
5 169
5 170
5 171
5 172
5 175
5 178
5 179
5 180
5 183
5 187
5 189
5 197
5 198
6 9
6 11
6 14
6 16
6 18
6 21
6 22
6 24
6 25
6 26
6 27
6 31
6 33
6 35
6 36
6 37
6 39
6 42
6 46
6 47
6 48
6 49
6 50
6 51
6 54
6 55
6 56
6 57
6 58
6 61
6 63
6 67
6 68
6 69
6 72
6 75
6 77
6 79
6 81
6 82
6 83
6 85
6 86
6 88
6 90
6 92
6 95
6 99
6 101
6 103
6 104
6 111
6 112
6 114
6 118
6 119
6 121
6 124
6 125
6 129
6 130
6 131
6 132
6 133
6 134
6 135
6 136
6 137
6 138
6 142
6 144
6 146
6 148
6 149
6 150
6 152
6 159
6 166
6 167
6 168
6 170
6 171
6 172
6 173
6 174
6 175
6 178
6 179
6 181
6 183
6 184
6 187
6 189
6 191
6 194
6 195
6 197
6 198
6 199
7 8
7 9
7 13
7 17
7 22
7 23
7 25
7 26
7 29
7 31
7 34
7 35
7 36
7 39
7 40
7 41
7 42
7 43
7 44
7 50
7 53
7 56
7 57
7 59
7 64
7 66
7 68
7 69
7 70
7 71
7 72
7 73
7 75
7 77
7 78
7 79
7 81
7 85
7 88
7 89
7 90
7 91
7 96
7 97
7 98
7 102
7 105
7 107
7 110
7 111
7 112
7 115
7 116
7 120
7 121
7 122
7 124
7 126
7 127
7 128
7 133
7 134
7 136
7 137
7 139
7 140
7 141
7 142
7 146
7 147
7 152
7 158
7 159
7 161
7 163
7 165
7 166
7 167
7 169
7 171
7 172
7 174
7 175
7 176
7 181
7 191
7 193
7 195
7 196
7 197
7 198
8 9
8 10
8 13
8 15
8 17
8 18
8 21
8 22
8 23
8 24
8 25
8 27
8 28
8 29
8 30
8 32
8 39
8 41
8 45
8 46
8 51
8 53
8 62
8 63
8 64
8 65
8 69
8 70
8 72
8 75
8 80
8 81
8 86
8 87
8 88
8 89
8 92
8 93
8 95
8 96
8 97
8 101
8 105
8 106
8 107
8 108
8 112
8 114
8 115
8 120
8 123
8 124
8 125
8 126
8 130
8 133
8 135
8 136
8 140
8 145
8 149
8 151
8 153
8 154
8 158
8 159
8 164
8 165
8 167
8 168
8 173
8 174
8 175
8 176
8 178
8 181
8 182
8 185
8 186
8 190
8 193
8 195
9 13
9 15
9 16
9 21
9 22
9 24
9 26
9 27
9 28
9 34
9 36
9 46
9 47
9 48
9 49
9 51
9 52
9 54
9 57
9 58
9 59
9 60
9 61
9 62
9 64
9 67
9 73
9 74
9 77
9 79
9 80
9 81
9 83
9 84
9 87
9 94
9 97
9 98
9 99
9 100
9 101
9 102
9 103
9 104
9 105
9 106
9 108
9 109
9 110
9 113
9 114
9 115
9 121
9 122
9 123
9 125
9 126
9 129
9 131
9 132
9 134
9 137
9 138
9 140
9 141
9 142
9 146
9 147
9 148
9 152
9 153
9 154
9 155
9 157
9 161
9 162
9 163
9 164
9 165
9 168
9 170
9 171
9 174
9 175
9 177
9 180
9 183
9 184
9 185
9 187
9 189
9 192
9 196
9 197
9 198
10 13
10 16
10 18
10 19
10 21
10 22
10 26
10 27
10 28
10 31
10 32
10 34
10 35
10 36
10 40
10 41
10 46
10 49
10 50
10 53
10 55
10 57
10 60
10 62
10 64
10 66
10 70
10 75
10 77
10 78
10 79
10 86
10 88
10 89
10 90
10 91
10 93
10 96
10 97
10 101
10 102
10 104
10 105
10 108
10 111
10 112
10 113
10 117
10 119
10 120
10 124
10 125
10 126
10 127
10 128
10 130
10 134
10 136
10 140
10 141
10 143
10 147
10 149
10 154
10 156
10 157
10 159
10 160
10 168
10 169
10 170
10 173
10 174
10 176
10 177
10 180
10 181
10 184
10 185
10 187
10 188
10 189
10 190
10 191
10 196
10 197
10 198
10 199
11 12
11 14
11 15
11 17
11 20
11 23
11 26
11 27
11 31
11 33
11 35
11 36
11 37
11 38
11 40
11 44
11 46
11 48
11 49
11 50
11 52
11 53
11 54
11 55
11 56
11 57
11 58
11 59
11 60
11 61
11 63
11 64
11 66
11 67
11 68
11 69
11 70
11 75
11 76
11 77
11 79
11 80
11 82
11 85
11 87
11 88
11 89
11 91
11 96
11 97
11 98
11 99
11 100
11 102
11 103
11 104
11 105
11 108
11 115
11 116
11 118
11 120
11 121
11 122
11 123
11 124
11 125
11 126
11 131
11 132
11 133
11 134
11 135
11 136
11 138
11 141
11 144
11 145
11 147
11 150
11 152
11 154
11 159
11 160
11 161
11 162
11 164
11 165
11 166
11 168
11 171
11 172
11 173
11 175
11 176
11 179
11 180
11 182
11 185
11 187
11 194
11 199
12 16
12 18
12 19
12 20
12 21
12 27
12 28
12 30
12 31
12 34
12 35
12 36
12 37
12 40
12 43
12 45
12 47
12 49
12 50
12 51
12 52
12 53
12 57
12 59
12 60
12 61
12 63
12 66
12 69
12 70
12 76
12 78
12 81
12 84
12 86
12 87
12 88
12 90
12 92
12 94
12 96
12 97
12 101
12 102
12 103
12 104
12 105
12 106
12 107
12 109
12 110
12 115
12 116
12 117
12 125
12 126
12 128
12 129
12 130
12 133
12 134
12 137
12 147
12 148
12 151
12 152
12 155
12 157
12 158
12 163
12 164
12 165
12 166
12 169
12 172
12 174
12 175
12 180
12 181
12 182
12 183
12 184
12 185
12 189
12 190
12 191
12 196
12 197
12 198
13 15
13 16
13 17
13 18
13 20
13 22
13 24
13 25
13 26
13 27
13 28
13 29
13 31
13 36
13 39
13 40
13 42
13 43
13 44
13 45
13 47
13 48
13 49
13 50
13 51
13 52
13 53
13 54
13 55
13 56
13 57
13 60
13 64
13 65
13 66
13 69
13 73
13 74
13 75
13 76
13 79
13 81
13 82
13 83
13 84
13 85
13 87
13 90
13 93
13 96
13 98
13 99
13 100
13 103
13 104
13 109
13 113
13 114
13 116
13 122
13 124
13 126
13 129
13 131
13 132
13 136
13 138
13 142
13 143
13 146
13 147
13 150
13 151
13 152
13 153
13 156
13 161
13 165
13 166
13 169
13 172
13 174
13 177
13 179
13 180
13 182
13 184
13 186
13 187
13 195
13 197
13 199
14 17
14 18
14 22
14 23
14 25
14 26
14 28
14 29
14 30
14 31
14 32
14 33
14 35
14 37
14 40
14 41
14 45
14 46
14 53
14 54
14 55
14 56
14 60
14 62
14 65
14 66
14 68
14 70
14 72
14 74
14 75
14 77
14 78
14 79
14 80
14 81
14 84
14 86
14 87
14 89
14 92
14 95
14 98
14 99
14 100
14 103
14 104
14 105
14 106
14 107
14 109
14 110
14 111
14 112
14 115
14 116
14 117
14 119
14 122
14 124
14 126
14 128
14 130
14 135
14 136
14 139
14 140
14 144
14 146
14 147
14 149
14 150
14 151
14 154
14 155
14 158
14 160
14 162
14 163
14 165
14 167
14 169
14 171
14 173
14 175
14 182
14 183
14 184
14 186
14 187
14 189
14 190
14 192
14 197
14 199
15 16
15 19
15 22
15 25
15 27
15 28
15 30
15 31
15 32
15 33
15 36
15 40
15 41
15 42
15 45
15 46
15 50
15 53
15 59
15 61
15 62
15 63
15 66
15 68
15 69
15 71
15 74
15 75
15 76
15 78
15 80
15 82
15 83
15 87
15 89
15 91
15 92
15 94
15 96
15 97
15 98
15 101
15 102
15 103
15 105
15 110
15 115
15 120
15 122
15 124
15 126
15 128
15 129
15 130
15 134
15 136
15 141
15 143
15 144
15 146
15 150
15 151
15 154
15 158
15 164
15 165
15 168
15 170
15 171
15 172
15 176
15 177
15 178
15 180
15 181
15 184
15 187
15 189
15 190
15 191
15 193
15 194
15 197
15 198
15 199
16 21
16 22
16 32
16 35
16 37
16 42
16 43
16 44
16 46
16 47
16 48
16 49
16 50
16 51
16 52
16 54
16 55
16 57
16 60
16 61
16 65
16 66
16 67
16 69
16 71
16 72
16 75
16 78
16 83
16 84
16 87
16 90
16 91
16 94
16 95
16 98
16 103
16 104
16 106
16 109
16 110
16 111
16 112
16 113
16 116
16 118
16 119
16 120
16 122
16 123
16 124
16 125
16 129
16 131
16 133
16 137
16 138
16 141
16 142
16 147
16 148
16 149
16 150
16 151
16 153
16 155
16 157
16 158
16 159
16 161
16 163
16 166
16 168
16 169
16 174
16 179
16 185
16 188
16 190
16 191
16 194
16 197
17 19
17 21
17 22
17 24
17 26
17 27
17 30
17 35
17 36
17 37
17 38
17 39
17 41
17 42
17 44
17 49
17 50
17 53
17 54
17 55
17 57
17 59
17 60
17 63
17 64
17 65
17 69
17 71
17 72
17 75
17 76
17 77
17 78
17 79
17 80
17 81
17 82
17 86
17 87
17 89
17 90
17 91
17 93
17 94
17 95
17 96
17 98
17 103
17 106
17 107
17 108
17 109
17 110
17 112
17 113
17 114
17 116
17 117
17 118
17 119
17 121
17 122
17 123
17 124
17 127
17 128
17 130
17 131
17 132
17 134
17 136
17 137
17 138
17 140
17 142
17 144
17 145
17 147
17 148
17 149
17 150
17 151
17 152
17 153
17 156
17 157
17 161
17 162
17 163
17 167
17 168
17 171
17 174
17 175
17 177
17 179
17 181
17 182
17 183
17 184
17 187
17 188
17 189
17 190
17 194
17 195
17 197
17 198
18 19
18 20
18 21
18 23
18 24
18 29
18 30
18 31
18 32
18 36
18 37
18 40
18 41
18 42
18 44
18 45
18 47
18 48
18 49
18 52
18 53
18 56
18 58
18 59
18 62
18 63
18 66
18 73
18 74
18 76
18 78
18 79
18 80
18 81
18 83
18 86
18 87
18 88
18 89
18 90
18 94
18 98
18 99
18 103
18 104
18 105
18 107
18 108
18 109
18 110
18 111
18 114
18 115
18 119
18 120
18 121
18 122
18 125
18 126
18 127
18 130
18 131
18 132
18 133
18 134
18 136
18 137
18 140
18 142
18 144
18 145
18 149
18 151
18 152
18 153
18 154
18 155
18 157
18 159
18 160
18 163
18 164
18 165
18 167
18 169
18 172
18 173
18 175
18 176
18 177
18 180
18 182
18 185
18 186
18 187
18 188
18 189
18 190
18 193
18 194
18 195
18 198
19 20
19 21
19 22
19 23
19 25
19 28
19 29
19 30
19 31
19 32
19 34
19 35
19 38
19 43
19 44
19 45
19 49
19 53
19 55
19 58
19 63
19 65
19 66
19 69
19 71
19 72
19 73
19 77
19 79
19 84
19 86
19 87
19 92
19 95
19 96
19 100
19 102
19 103
19 104
19 105
19 106
19 111
19 112
19 114
19 115
19 116
19 117
19 119
19 120
19 122
19 126
19 128
19 129
19 131
19 141
19 144
19 148
19 149
19 151
19 154
19 158
19 160
19 162
19 164
19 165
19 172
19 173
19 175
19 176
19 177
19 179
19 181
19 184
19 186
19 188
19 197
19 198
20 22
20 27
20 28
20 30
20 32
20 33
20 36
20 40
20 43
20 45
20 46
20 48
20 50
20 53
20 54
20 55
20 58
20 59
20 61
20 63
20 65
20 66
20 68
20 71
20 72
20 74
20 75
20 76
20 77
20 78
20 79
20 80
20 81
20 83
20 85
20 86
20 87
20 88
20 90
20 91
20 93
20 95
20 96
20 97
20 98
20 99
20 103
20 105
20 109
20 110
20 111
20 113
20 116
20 121
20 123
20 125
20 126
20 128
20 131
20 133
20 137
20 139
20 143
20 144
20 148
20 149
20 150
20 151
20 153
20 154
20 156
20 157
20 160
20 162
20 163
20 165
20 166
20 169
20 171
20 173
20 174
20 175
20 177
20 179
20 180
20 181
20 183
20 185
20 186
20 187
20 189
20 193
20 194
20 195
20 196
20 197
20 198
20 199
21 22
21 24
21 25
21 26
21 29
21 32
21 33
21 35
21 36
21 38
21 40
21 42
21 43
21 44
21 45
21 46
21 48
21 50
21 51
21 54
21 57
21 60
21 63
21 64
21 65
21 68
21 70
21 73
21 75
21 79
21 82
21 83
21 84
21 86
21 90
21 92
21 93
21 94
21 95
21 96
21 98
21 99
21 100
21 101
21 103
21 105
21 106
21 107
21 108
21 109
21 111
21 112
21 113
21 115
21 118
21 119
21 120
21 121
21 123
21 124
21 127
21 133
21 135
21 136
21 137
21 138
21 140
21 141
21 142
21 145
21 146
21 148
21 149
21 150
21 151
21 155
21 159
21 160
21 161
21 162
21 166
21 167
21 168
21 170
21 171
21 173
21 176
21 179
21 183
21 185
21 186
21 187
21 188
21 191
21 193
21 195
21 196
21 199
22 24
22 30
22 31
22 34
22 37
22 39
22 40
22 42
22 48
22 50
22 57
22 59
22 63
22 65
22 66
22 67
22 69
22 70
22 71
22 77
22 80
22 81
22 82
22 83
22 84
22 85
22 87
22 89
22 90
22 91
22 93
22 94
22 97
22 101
22 102
22 104
22 105
22 108
22 109
22 110
22 111
22 114
22 116
22 118
22 120
22 122
22 124
22 125
22 131
22 132
22 134
22 137
22 139
22 140
22 141
22 144
22 145
22 146
22 148
22 150
22 152
22 154
22 157
22 158
22 159
22 160
22 161
22 162
22 163
22 164
22 165
22 166
22 171
22 173
22 175
22 177
22 182
22 183
22 185
22 187
22 188
22 190
22 191
22 192
22 196
22 199
23 27
23 29
23 30
23 32
23 33
23 41
23 44
23 45
23 47
23 51
23 52
23 55
23 56
23 57
23 58
23 61
23 63
23 64
23 67
23 70
23 75
23 76
23 77
23 82
23 84
23 85
23 89
23 90
23 95
23 97
23 99
23 100
23 103
23 104
23 105
23 107
23 109
23 112
23 116
23 118
23 119
23 120
23 122
23 126
23 127
23 128
23 129
23 134
23 136
23 138
23 141
23 144
23 151
23 152
23 157
23 158
23 160
23 161
23 168
23 170
23 171
23 172
23 173
23 174
23 175
23 177
23 178
23 179
23 181
23 184
23 185
23 187
23 188
23 191
23 193
23 194
23 195
23 197
24 28
24 31
24 32
24 33
24 34
24 36
24 38
24 40
24 42
24 43
24 45
24 47
24 50
24 57
24 59
24 60
24 61
24 62
24 64
24 65
24 69
24 70
24 71
24 72
24 73
24 74
24 76
24 77
24 78
24 79
24 83
24 84
24 85
24 86
24 87
24 88
24 89
24 91
24 92
24 93
24 95
24 96
24 97
24 99
24 102
24 105
24 106
24 108
24 109
24 114
24 115
24 116
24 118
24 119
24 120
24 122
24 128
24 129
24 130
24 132
24 134
24 135
24 137
24 138
24 140
24 143
24 146
24 147
24 148
24 149
24 153
24 155
24 157
24 158
24 159
24 160
24 163
24 164
24 165
24 166
24 167
24 171
24 173
24 174
24 175
24 180
24 182
24 183
24 184
24 185
24 189
24 192
24 194
24 196
24 197
24 198
24 199
25 27
25 29
25 30
25 31
25 32
25 34
25 37
25 39
25 41
25 44
25 45
25 46
25 50
25 52
25 53
25 58
25 61
25 62
25 63
25 65
25 66
25 67
25 68
25 69
25 70
25 72
25 73
25 78
25 80
25 81
25 82
25 83
25 85
25 88
25 89
25 90
25 91
25 97
25 98
25 99
25 100
25 102
25 103
25 105
25 108
25 109
25 110
25 112
25 114
25 115
25 116
25 117
25 118
25 119
25 120
25 122
25 124
25 126
25 127
25 129
25 131
25 135
25 137
25 141
25 143
25 145
25 148
25 149
25 150
25 151
25 152
25 153
25 154
25 156
25 158
25 163
25 164
25 165
25 166
25 169
25 173
25 175
25 177
25 178
25 183
25 185
25 186
25 188
25 189
25 191
25 197
25 198
25 199
26 27
26 28
26 30
26 33
26 36
26 38
26 39
26 41
26 42
26 43
26 44
26 46
26 47
26 51
26 53
26 54
26 57
26 58
26 60
26 61
26 63
26 69
26 70
26 71
26 73
26 74
26 78
26 80
26 83
26 84
26 86
26 90
26 92
26 93
26 94
26 95
26 97
26 99
26 102
26 103
26 105
26 109
26 112
26 113
26 115
26 118
26 119
26 125
26 126
26 128
26 131
26 132
26 135
26 138
26 140
26 144
26 147
26 148
26 151
26 153
26 154
26 156
26 159
26 164
26 166
26 168
26 169
26 170
26 173
26 176
26 178
26 180
26 181
26 182
26 183
26 184
26 187
26 190
26 191
26 192
26 193
26 194
26 195
26 197
26 198
27 31
27 32
27 35
27 40
27 42
27 44
27 47
27 48
27 50
27 56
27 57
27 62
27 65
27 67
27 70
27 74
27 78
27 81
27 84
27 85
27 86
27 88
27 89
27 90
27 92
27 94
27 96
27 97
27 98
27 99
27 101
27 102
27 105
27 111
27 112
27 113
27 115
27 121
27 122
27 124
27 125
27 126
27 128
27 131
27 132
27 133
27 135
27 136
27 137
27 138
27 139
27 140
27 141
27 143
27 144
27 145
27 146
27 148
27 149
27 150
27 153
27 156
27 158
27 161
27 163
27 164
27 167
27 170
27 172
27 182
27 184
27 189
27 190
27 192
27 194
27 198
27 199
28 29
28 30
28 31
28 32
28 33
28 36
28 37
28 39
28 40
28 41
28 45
28 46
28 49
28 50
28 51
28 53
28 55
28 58
28 61
28 62
28 63
28 64
28 65
28 69
28 70
28 72
28 73
28 75
28 76
28 77
28 78
28 79
28 82
28 86
28 87
28 90
28 97
28 98
28 100
28 103
28 104
28 105
28 107
28 108
28 112
28 114
28 115
28 116
28 120
28 125
28 126
28 127
28 128
28 129
28 130
28 131
28 133
28 135
28 137
28 140
28 141
28 142
28 143
28 148
28 149
28 150
28 152
28 155
28 156
28 157
28 160
28 161
28 162
28 165
28 170
28 171
28 172
28 176
28 177
28 178
28 185
28 186
28 187
28 189
28 190
28 191
28 193
28 194
28 197
29 32
29 33
29 36
29 41
29 44
29 47
29 48
29 50
29 51
29 52
29 53
29 54
29 55
29 57
29 58
29 62
29 63
29 64
29 70
29 75
29 78
29 80
29 81
29 86
29 87
29 88
29 89
29 93
29 94
29 97
29 98
29 99
29 100
29 101
29 103
29 104
29 105
29 109
29 111
29 112
29 114
29 115
29 116
29 121
29 122
29 123
29 128
29 129
29 133
29 134
29 135
29 136
29 139
29 140
29 142
29 146
29 147
29 151
29 155
29 156
29 157
29 162
29 163
29 164
29 165
29 168
29 171
29 172
29 174
29 175
29 176
29 177
29 178
29 179
29 180
29 181
29 183
29 184
29 186
29 189
29 192
29 194
29 196
29 199
30 32
30 33
30 34
30 35
30 37
30 43
30 44
30 46
30 47
30 50
30 51
30 52
30 54
30 56
30 58
30 60
30 61
30 65
30 67
30 69
30 70
30 72
30 73
30 74
30 76
30 78
30 80
30 81
30 82
30 84
30 86
30 88
30 91
30 94
30 95
30 97
30 98
30 99
30 100
30 104
30 105
30 106
30 107
30 111
30 113
30 114
30 116
30 119
30 121
30 126
30 129
30 132
30 133
30 135
30 136
30 137
30 138
30 141
30 142
30 145
30 146
30 150
30 152
30 153
30 154
30 156
30 161
30 162
30 163
30 164
30 166
30 167
30 168
30 172
30 175
30 177
30 179
30 181
30 182
30 184
30 185
30 186
30 188
30 189
30 194
30 195
30 196
30 197
30 199
31 32
31 33
31 36
31 37
31 38
31 45
31 46
31 47
31 48
31 49
31 53
31 54
31 55
31 57
31 59
31 60
31 61
31 64
31 65
31 66
31 67
31 68
31 69
31 70
31 71
31 72
31 73
31 74
31 78
31 79
31 80
31 83
31 84
31 87
31 88
31 89
31 90
31 91
31 92
31 95
31 100
31 101
31 104
31 105
31 106
31 108
31 110
31 120
31 121
31 122
31 125
31 129
31 132
31 134
31 140
31 141
31 144
31 145
31 147
31 156
31 159
31 161
31 162
31 163
31 164
31 166
31 168
31 169
31 170
31 171
31 172
31 174
31 175
31 178
31 182
31 183
31 184
31 185
31 187
31 188
31 189
31 191
31 194
31 195
31 198
31 199
32 35
32 37
32 38
32 40
32 41
32 42
32 49
32 51
32 52
32 53
32 54
32 57
32 58
32 59
32 60
32 61
32 62
32 65
32 68
32 69
32 70
32 77
32 78
32 79
32 84
32 86
32 87
32 89
32 96
32 97
32 99
32 102
32 103
32 107
32 111
32 112
32 113
32 114
32 115
32 116
32 117
32 119
32 120
32 125
32 126
32 129
32 130
32 132
32 133
32 134
32 140
32 142
32 145
32 146
32 148
32 149
32 150
32 151
32 158
32 160
32 162
32 163
32 165
32 166
32 168
32 169
32 171
32 173
32 175
32 177
32 180
32 181
32 182
32 185
32 186
32 187
32 189
32 190
32 192
32 194
32 196
32 199
33 35
33 38
33 41
33 43
33 44
33 49
33 51
33 52
33 55
33 59
33 61
33 62
33 67
33 68
33 69
33 72
33 79
33 81
33 84
33 85
33 88
33 89
33 91
33 92
33 94
33 97
33 99
33 100
33 101
33 102
33 103
33 105
33 106
33 108
33 109
33 113
33 114
33 115
33 117
33 118
33 119
33 121
33 122
33 123
33 124
33 125
33 126
33 129
33 130
33 131
33 132
33 135
33 137
33 139
33 140
33 141
33 144
33 147
33 148
33 150
33 153
33 159
33 161
33 166
33 169
33 170
33 171
33 172
33 174
33 175
33 176
33 177
33 179
33 180
33 181
33 182
33 185
33 186
33 187
33 188
33 191
33 192
33 196
33 198
34 37
34 40
34 42
34 43
34 44
34 46
34 50
34 51
34 53
34 55
34 56
34 59
34 60
34 61
34 65
34 68
34 70
34 73
34 74
34 76
34 77
34 78
34 85
34 87
34 88
34 89
34 91
34 92
34 93
34 94
34 96
34 100
34 103
34 107
34 108
34 109
34 110
34 113
34 114
34 117
34 119
34 121
34 122
34 123
34 125
34 128
34 132
34 133
34 135
34 137
34 139
34 141
34 142
34 144
34 145
34 146
34 147
34 148
34 150
34 152
34 154
34 155
34 157
34 158
34 159
34 161
34 164
34 171
34 172
34 174
34 179
34 182
34 183
34 184
34 186
34 187
34 188
34 189
34 192
34 194
34 196
35 37
35 38
35 42
35 43
35 47
35 48
35 49
35 51
35 53
35 54
35 61
35 62
35 67
35 68
35 69
35 74
35 78
35 82
35 83
35 85
35 87
35 90
35 93
35 97
35 98
35 99
35 100
35 101
35 102
35 103
35 104
35 105
35 106
35 109
35 111
35 114
35 116
35 118
35 121
35 122
35 124
35 127
35 128
35 129
35 130
35 133
35 134
35 138
35 139
35 141
35 142
35 143
35 144
35 145
35 148
35 150
35 151
35 153
35 154
35 156
35 157
35 160
35 161
35 166
35 167
35 168
35 170
35 172
35 174
35 175
35 176
35 178
35 179
35 180
35 181
35 182
35 183
35 184
35 185
35 186
35 188
35 191
35 192
35 194
35 196
35 198
36 37
36 42
36 45
36 47
36 51
36 52
36 53
36 55
36 57
36 58
36 59
36 60
36 62
36 65
36 66
36 67
36 68
36 70
36 71
36 72
36 73
36 75
36 79
36 80
36 84
36 85
36 87
36 91
36 92
36 93
36 94
36 97
36 100
36 106
36 108
36 109
36 111
36 112
36 113
36 114
36 116
36 118
36 120
36 121
36 122
36 124
36 126
36 130
36 131
36 132
36 136
36 138
36 139
36 141
36 144
36 147
36 148
36 149
36 151
36 153
36 154
36 155
36 157
36 158
36 159
36 160
36 164
36 166
36 167
36 169
36 170
36 173
36 176
36 180
36 184
36 187
36 189
36 193
36 194
36 196
36 198
37 38
37 39
37 40
37 43
37 44
37 45
37 48
37 49
37 50
37 51
37 54
37 55
37 57
37 59
37 60
37 62
37 64
37 67
37 71
37 72
37 73
37 74
37 75
37 77
37 80
37 81
37 82
37 83
37 87
37 88
37 89
37 93
37 94
37 99
37 101
37 103
37 105
37 106
37 107
37 108
37 109
37 115
37 117
37 118
37 119
37 121
37 122
37 123
37 124
37 125
37 126
37 128
37 129
37 130
37 131
37 134
37 138
37 142
37 143
37 147
37 149
37 152
37 153
37 155
37 156
37 158
37 159
37 162
37 163
37 166
37 168
37 169
37 174
37 175
37 176
37 177
37 182
37 186
37 187
37 188
37 189
37 190
37 196
37 198
38 39
38 40
38 42
38 43
38 45
38 47
38 50
38 52
38 53
38 54
38 55
38 56
38 57
38 58
38 59
38 63
38 65
38 66
38 69
38 72
38 75
38 77
38 79
38 80
38 81
38 82
38 84
38 88
38 89
38 91
38 92
38 95
38 98
38 100
38 101
38 105
38 107
38 111
38 112
38 113
38 114
38 117
38 119
38 120
38 121
38 123
38 124
38 125
38 127
38 129
38 131
38 132
38 133
38 134
38 136
38 141
38 147
38 148
38 150
38 151
38 153
38 155
38 157
38 159
38 160
38 164
38 167
38 168
38 169
38 170
38 171
38 172
38 173
38 176
38 177
38 178
38 183
38 190
38 191
38 192
38 193
38 194
38 195
38 196
38 197
39 40
39 41
39 44
39 46
39 49
39 50
39 52
39 55
39 56
39 57
39 58
39 59
39 61
39 66
39 69
39 70
39 74
39 76
39 78
39 79
39 80
39 83
39 89
39 90
39 92
39 94
39 97
39 99
39 100
39 101
39 103
39 104
39 105
39 106
39 108
39 113
39 114
39 116
39 117
39 119
39 120
39 121
39 122
39 124
39 125
39 126
39 128
39 129
39 130
39 133
39 135
39 136
39 142
39 143
39 144
39 145
39 146
39 150
39 151
39 152
39 158
39 161
39 168
39 169
39 171
39 172
39 173
39 174
39 175
39 176
39 182
39 183
39 185
39 186
39 190
39 191
39 194
39 196
39 197
39 198
40 41
40 43
40 45
40 48
40 49
40 50
40 51
40 52
40 56
40 58
40 63
40 64
40 65
40 67
40 70
40 71
40 72
40 73
40 74
40 75
40 77
40 79
40 80
40 81
40 82
40 83
40 91
40 93
40 94
40 95
40 97
40 98
40 100
40 101
40 103
40 105
40 106
40 108
40 109
40 110
40 112
40 116
40 117
40 119
40 120
40 121
40 122
40 128
40 131
40 133
40 134
40 138
40 139
40 142
40 145
40 148
40 149
40 150
40 151
40 153
40 156
40 157
40 158
40 160
40 161
40 165
40 167
40 168
40 169
40 171
40 172
40 173
40 177
40 179
40 182
40 183
40 184
40 185
40 188
40 190
40 191
40 192
40 193
40 194
40 195
40 197
40 199
41 43
41 45
41 48
41 53
41 54
41 56
41 58
41 60
41 61
41 65
41 67
41 68
41 69
41 72
41 73
41 76
41 78
41 79
41 80
41 81
41 82
41 86
41 90
41 92
41 94
41 95
41 96
41 97
41 98
41 99
41 102
41 103
41 106
41 108
41 111
41 112
41 113
41 116
41 118
41 121
41 122
41 127
41 130
41 131
41 132
41 133
41 136
41 137
41 139
41 140
41 141
41 142
41 143
41 145
41 147
41 148
41 151
41 152
41 153
41 156
41 159
41 160
41 161
41 163
41 166
41 167
41 168
41 169
41 170
41 171
41 175
41 178
41 179
41 180
41 182
41 186
41 187
41 188
41 189
41 190
41 191
41 195
41 196
41 198
41 199
42 44
42 49
42 50
42 51
42 56
42 57
42 60
42 62
42 64
42 66
42 67
42 69
42 71
42 72
42 74
42 78
42 79
42 80
42 81
42 82
42 84
42 85
42 86
42 87
42 89
42 91
42 94
42 95
42 98
42 99
42 103
42 104
42 111
42 112
42 117
42 118
42 119
42 120
42 121
42 123
42 124
42 125
42 126
42 130
42 133
42 134
42 136
42 137
42 138
42 141
42 142
42 143
42 147
42 149
42 150
42 151
42 152
42 157
42 159
42 161
42 163
42 164
42 167
42 168
42 170
42 172
42 174
42 178
42 180
42 184
42 186
42 187
42 188
42 192
42 193
42 194
42 195
42 197
42 199
43 47
43 50
43 51
43 57
43 58
43 59
43 60
43 66
43 67
43 68
43 69
43 70
43 73
43 82
43 84
43 85
43 86
43 88
43 92
43 96
43 99
43 100
43 102
43 103
43 105
43 107
43 108
43 109
43 110
43 112
43 114
43 117
43 121
43 125
43 127
43 128
43 129
43 132
43 135
43 136
43 137
43 138
43 139
43 140
43 145
43 146
43 147
43 148
43 150
43 151
43 154
43 155
43 158
43 159
43 161
43 162
43 163
43 164
43 169
43 171
43 176
43 179
43 180
43 182
43 183
43 184
43 185
43 186
43 190
43 192
43 193
43 194
43 196
43 197
43 198
43 199
44 45
44 46
44 48
44 52
44 53
44 54
44 55
44 56
44 57
44 58
44 61
44 65
44 66
44 67
44 71
44 75
44 78
44 80
44 84
44 86
44 87
44 88
44 89
44 91
44 94
44 95
44 96
44 99
44 100
44 103
44 104
44 107
44 108
44 109
44 114
44 117
44 118
44 119
44 123
44 124
44 125
44 126
44 127
44 129
44 132
44 134
44 136
44 137
44 141
44 142
44 144
44 146
44 148
44 149
44 151
44 153
44 155
44 156
44 158
44 160
44 161
44 162
44 164
44 167
44 169
44 172
44 174
44 176
44 178
44 180
44 181
44 183
44 184
44 193
44 194
44 196
44 198
45 46
45 48
45 55
45 56
45 57
45 60
45 61
45 63
45 65
45 67
45 68
45 70
45 73
45 74
45 77
45 79
45 82
45 83
45 85
45 86
45 87
45 88
45 90
45 100
45 102
45 103
45 104
45 105
45 106
45 108
45 111
45 113
45 115
45 119
45 122
45 124
45 127
45 128
45 129
45 130
45 131
45 132
45 133
45 135
45 137
45 140
45 141
45 142
45 143
45 144
45 147
45 148
45 149
45 152
45 153
45 154
45 155
45 156
45 158
45 162
45 167
45 168
45 171
45 176
45 177
45 178
45 180
45 181
45 182
45 185
45 187
45 190
45 191
45 194
45 195
45 197
45 199
46 47
46 48
46 50
46 51
46 55
46 56
46 58
46 59
46 63
46 65
46 68
46 70
46 71
46 72
46 73
46 74
46 75
46 78
46 79
46 81
46 83
46 84
46 85
46 88
46 91
46 95
46 97
46 99
46 100
46 101
46 103
46 107
46 108
46 109
46 110
46 117
46 119
46 123
46 129
46 132
46 133
46 135
46 136
46 138
46 140
46 142
46 143
46 145
46 146
46 149
46 154
46 155
46 156
46 161
46 166
46 168
46 169
46 170
46 171
46 172
46 174
46 175
46 177
46 179
46 180
46 181
46 182
46 183
46 185
46 187
46 188
46 189
46 191
46 193
46 196
46 197
46 199
47 50
47 53
47 56
47 57
47 59
47 61
47 62
47 65
47 68
47 69
47 70
47 73
47 77
47 79
47 81
47 84
47 85
47 86
47 87
47 89
47 95
47 98
47 101
47 102
47 103
47 105
47 106
47 107
47 111
47 114
47 118
47 120
47 121
47 124
47 125
47 127
47 128
47 129
47 134
47 140
47 143
47 145
47 147
47 148
47 150
47 157
47 158
47 159
47 162
47 164
47 165
47 166
47 167
47 168
47 169
47 172
47 173
47 174
47 175
47 176
47 178
47 180
47 182
47 183
47 184
47 185
47 187
47 191
47 194
47 195
47 196
48 52
48 54
48 55
48 56
48 57
48 58
48 62
48 63
48 67
48 68
48 69
48 70
48 72
48 75
48 78
48 79
48 83
48 84
48 85
48 86
48 90
48 92
48 93
48 94
48 96
48 97
48 100
48 103
48 105
48 107
48 111
48 113
48 114
48 115
48 116
48 117
48 121
48 122
48 123
48 127
48 128
48 131
48 133
48 136
48 140
48 141
48 143
48 145
48 148
48 150
48 151
48 153
48 154
48 155
48 156
48 157
48 159
48 161
48 163
48 166
48 169
48 171
48 173
48 175
48 176
48 178
48 180
48 183
48 185
48 186
48 190
48 193
48 194
48 195
48 199
49 50
49 51
49 56
49 57
49 62
49 63
49 65
49 66
49 72
49 73
49 75
49 76
49 78
49 80
49 81
49 82
49 83
49 85
49 87
49 89
49 91
49 92
49 94
49 95
49 97
49 99
49 101
49 102
49 106
49 111
49 112
49 116
49 118
49 121
49 128
49 129
49 131
49 135
49 136
49 138
49 139
49 140
49 144
49 145
49 146
49 148
49 149
49 152
49 153
49 154
49 155
49 157
49 159
49 160
49 161
49 167
49 169
49 171
49 175
49 176
49 178
49 179
49 180
49 182
49 183
49 184
49 188
49 189
49 193
50 52
50 55
50 56
50 57
50 60
50 61
50 62
50 67
50 68
50 73
50 74
50 75
50 77
50 78
50 79
50 80
50 81
50 86
50 89
50 90
50 92
50 93
50 99
50 100
50 102
50 103
50 106
50 107
50 109
50 110
50 115
50 117
50 118
50 119
50 120
50 121
50 122
50 123
50 125
50 127
50 130
50 133
50 134
50 136
50 137
50 138
50 139
50 142
50 143
50 146
50 153
50 157
50 158
50 159
50 162
50 164
50 165
50 166
50 167
50 170
50 171
50 172
50 173
50 175
50 176
50 180
50 183
50 184
50 185
50 186
50 187
50 189
50 195
50 197
50 198
51 55
51 57
51 60
51 62
51 63
51 64
51 69
51 74
51 78
51 79
51 80
51 81
51 82
51 84
51 85
51 86
51 92
51 95
51 96
51 97
51 99
51 101
51 102
51 104
51 107
51 108
51 110
51 111
51 112
51 114
51 116
51 117
51 118
51 119
51 120
51 124
51 126
51 128
51 129
51 135
51 136
51 139
51 140
51 144
51 145
51 147
51 149
51 150
51 151
51 152
51 153
51 154
51 156
51 158
51 159
51 166
51 169
51 170
51 173
51 174
51 176
51 177
51 180
51 181
51 182
51 187
51 190
51 191
51 195
52 53
52 55
52 57
52 59
52 61
52 62
52 63
52 65
52 67
52 70
52 71
52 72
52 73
52 76
52 77
52 83
52 85
52 86
52 89
52 91
52 92
52 93
52 100
52 101
52 104
52 106
52 107
52 108
52 109
52 112
52 113
52 117
52 118
52 119
52 120
52 122
52 123
52 129
52 130
52 131
52 132
52 134
52 136
52 137
52 139
52 140
52 143
52 144
52 147
52 148
52 149
52 153
52 154
52 155
52 157
52 158
52 161
52 162
52 163
52 164
52 166
52 169
52 170
52 171
52 173
52 177
52 181
52 185
52 186
52 187
52 190
52 191
53 57
53 61
53 64
53 66
53 68
53 69
53 72
53 74
53 76
53 80
53 81
53 83
53 86
53 87
53 91
53 92
53 93
53 99
53 100
53 104
53 106
53 108
53 109
53 116
53 117
53 118
53 119
53 120
53 121
53 122
53 125
53 127
53 130
53 133
53 134
53 135
53 136
53 138
53 141
53 144
53 149
53 150
53 151
53 152
53 155
53 158
53 159
53 163
53 164
53 168
53 169
53 171
53 174
53 175
53 176
53 178
53 179
53 180
53 182
53 187
53 188
53 189
53 192
53 195
54 56
54 59
54 63
54 65
54 66
54 67
54 70
54 73
54 74
54 76
54 77
54 79
54 80
54 82
54 83
54 85
54 86
54 89
54 94
54 96
54 97
54 98
54 99
54 100
54 101
54 103
54 110
54 112
54 113
54 115
54 118
54 119
54 120
54 122
54 123
54 126
54 127
54 129
54 130
54 131
54 132
54 133
54 136
54 139
54 140
54 141
54 144
54 147
54 148
54 150
54 151
54 152
54 153
54 156
54 157
54 158
54 159
54 161
54 162
54 163
54 164
54 166
54 167
54 168
54 169
54 170
54 171
54 173
54 174
54 175
54 176
54 177
54 178
54 179
54 180
54 181
54 182
54 183
54 186
54 187
54 189
54 190
54 193
54 196
54 198
55 57
55 58
55 59
55 60
55 61
55 62
55 65
55 70
55 72
55 73
55 77
55 78
55 79
55 80
55 82
55 91
55 92
55 93
55 95
55 96
55 98
55 99
55 100
55 101
55 102
55 103
55 104
55 105
55 106
55 110
55 112
55 114
55 115
55 116
55 118
55 121
55 122
55 125
55 126
55 127
55 129
55 131
55 135
55 136
55 137
55 138
55 140
55 141
55 143
55 144
55 147
55 149
55 152
55 154
55 156
55 157
55 160
55 162
55 164
55 166
55 167
55 172
55 173
55 175
55 176
55 177
55 180
55 181
55 183
55 184
55 185
55 187
55 188
55 189
55 191
55 192
55 193
55 198
56 57
56 58
56 60
56 61
56 62
56 64
56 65
56 66
56 67
56 69
56 72
56 73
56 74
56 76
56 80
56 83
56 84
56 86
56 87
56 88
56 90
56 92
56 93
56 94
56 96
56 99
56 103
56 104
56 108
56 109
56 112
56 113
56 114
56 116
56 118
56 120
56 126
56 127
56 129
56 130
56 133
56 137
56 138
56 139
56 140
56 142
56 144
56 145
56 150
56 151
56 153
56 157
56 161
56 165
56 166
56 171
56 172
56 173
56 174
56 176
56 179
56 180
56 181
56 183
56 186
56 187
56 188
56 189
56 192
56 194
56 195
56 197
56 198
56 199
57 60
57 66
57 67
57 68
57 69
57 72
57 73
57 76
57 77
57 78
57 81
57 85
57 87
57 88
57 89
57 95
57 98
57 100
57 101
57 102
57 103
57 104
57 106
57 108
57 112
57 113
57 115
57 117
57 118
57 119
57 122
57 123
57 127
57 128
57 129
57 130
57 131
57 134
57 137
57 140
57 141
57 142
57 146
57 147
57 148
57 152
57 153
57 154
57 155
57 163
57 165
57 166
57 167
57 170
57 175
57 177
57 178
57 181
57 182
57 186
57 187
57 190
57 191
57 192
57 193
57 195
57 196
57 199
58 62
58 63
58 71
58 74
58 76
58 83
58 87
58 88
58 90
58 91
58 92
58 93
58 94
58 98
58 99
58 102
58 104
58 105
58 109
58 110
58 111
58 113
58 114
58 115
58 117
58 118
58 121
58 122
58 124
58 127
58 130
58 131
58 132
58 133
58 134
58 137
58 140
58 141
58 142
58 147
58 151
58 153
58 155
58 156
58 157
58 158
58 159
58 160
58 162
58 165
58 166
58 167
58 169
58 170
58 172
58 176
58 178
58 180
58 182
58 183
58 185
58 186
58 190
58 191
58 192
58 193
58 195
58 198
59 64
59 66
59 68
59 69
59 70
59 72
59 73
59 74
59 76
59 77
59 79
59 80
59 82
59 83
59 84
59 86
59 87
59 89
59 90
59 91
59 95
59 96
59 97
59 101
59 103
59 104
59 106
59 107
59 108
59 110
59 112
59 113
59 114
59 116
59 118
59 119
59 120
59 121
59 122
59 124
59 126
59 128
59 132
59 135
59 136
59 137
59 138
59 139
59 141
59 143
59 146
59 150
59 152
59 154
59 155
59 156
59 157
59 158
59 159
59 160
59 162
59 163
59 164
59 166
59 167
59 168
59 171
59 172
59 173
59 174
59 178
59 179
59 182
59 183
59 186
59 188
59 191
59 194
59 195
60 62
60 63
60 64
60 65
60 66
60 68
60 70
60 71
60 74
60 76
60 77
60 80
60 83
60 85
60 86
60 87
60 88
60 89
60 91
60 95
60 96
60 97
60 98
60 101
60 102
60 104
60 105
60 106
60 107
60 108
60 109
60 110
60 111
60 115
60 117
60 118
60 120
60 121
60 124
60 128
60 129
60 132
60 133
60 136
60 138
60 139
60 140
60 142
60 146
60 149
60 150
60 151
60 157
60 158
60 160
60 163
60 165
60 167
60 168
60 169
60 170
60 172
60 174
60 177
60 180
60 181
60 186
60 187
60 189
60 193
60 197
60 198
61 62
61 63
61 68
61 69
61 70
61 71
61 72
61 80
61 82
61 83
61 85
61 86
61 88
61 89
61 94
61 95
61 97
61 98
61 100
61 102
61 104
61 108
61 109
61 110
61 112
61 113
61 114
61 115
61 117
61 118
61 119
61 121
61 122
61 123
61 125
61 127
61 129
61 130
61 131
61 142
61 143
61 147
61 148
61 149
61 151
61 152
61 155
61 156
61 157
61 160
61 164
61 167
61 171
61 173
61 175
61 177
61 178
61 179
61 181
61 186
61 188
61 189
61 193
61 197
61 198
62 63
62 64
62 65
62 66
62 71
62 72
62 75
62 77
62 79
62 81
62 82
62 84
62 86
62 92
62 94
62 99
62 100
62 101
62 105
62 107
62 110
62 111
62 114
62 116
62 117
62 118
62 119
62 122
62 123
62 124
62 126
62 128
62 129
62 130
62 131
62 132
62 134
62 135
62 138
62 139
62 141
62 142
62 143
62 145
62 148
62 149
62 150
62 151
62 153
62 155
62 157
62 159
62 164
62 165
62 167
62 168
62 169
62 170
62 171
62 173
62 178
62 179
62 182
62 183
62 184
62 186
62 188
62 189
62 195
62 196
62 197
62 199
63 64
63 66
63 69
63 71
63 72
63 73
63 76
63 77
63 79
63 80
63 82
63 84
63 85
63 87
63 88
63 89
63 91
63 93
63 94
63 95
63 97
63 99
63 100
63 102
63 103
63 108
63 111
63 112
63 113
63 114
63 115
63 117
63 118
63 121
63 122
63 123
63 124
63 127
63 128
63 129
63 130
63 132
63 135
63 137
63 140
63 141
63 142
63 146
63 148
63 149
63 150
63 152
63 155
63 158
63 159
63 161
63 163
63 165
63 167
63 168
63 170
63 172
63 174
63 176
63 177
63 178
63 181
63 182
63 184
63 186
63 191
63 192
63 193
63 195
63 197
63 198
64 68
64 69
64 73
64 76
64 78
64 79
64 80
64 81
64 82
64 85
64 87
64 88
64 90
64 91
64 92
64 95
64 97
64 98
64 99
64 100
64 102
64 103
64 106
64 108
64 109
64 112
64 115
64 117
64 118
64 119
64 121
64 122
64 126
64 127
64 129
64 131
64 133
64 134
64 137
64 142
64 144
64 146
64 149
64 151
64 153
64 155
64 159
64 161
64 162
64 164
64 166
64 171
64 172
64 174
64 176
64 177
64 178
64 179
64 180
64 181
64 184
64 186
64 189
64 191
64 196
64 199
65 66
65 68
65 76
65 78
65 80
65 81
65 85
65 93
65 95
65 96
65 100
65 101
65 102
65 103
65 108
65 114
65 115
65 117
65 118
65 120
65 121
65 123
65 125
65 126
65 129
65 133
65 139
65 140
65 142
65 144
65 146
65 147
65 148
65 149
65 150
65 151
65 152
65 153
65 154
65 155
65 157
65 158
65 162
65 163
65 164
65 165
65 166
65 174
65 177
65 178
65 179
65 180
65 188
65 189
65 191
65 192
65 195
65 198
65 199
66 73
66 74
66 75
66 76
66 84
66 85
66 88
66 89
66 90
66 92
66 93
66 95
66 96
66 97
66 99
66 105
66 109
66 110
66 112
66 113
66 116
66 118
66 119
66 120
66 122
66 125
66 126
66 127
66 128
66 130
66 132
66 133
66 135
66 138
66 139
66 141
66 142
66 143
66 144
66 149
66 150
66 152
66 154
66 155
66 162
66 164
66 165
66 168
66 169
66 172
66 173
66 177
66 179
66 180
66 184
66 187
66 188
66 190
66 191
66 195
66 196
66 198
67 71
67 76
67 77
67 78
67 80
67 82
67 84
67 85
67 86
67 87
67 88
67 89
67 90
67 92
67 95
67 96
67 98
67 100
67 101
67 102
67 103
67 104
67 105
67 107
67 108
67 109
67 111
67 114
67 118
67 119
67 120
67 124
67 125
67 126
67 128
67 130
67 132
67 133
67 137
67 138
67 139
67 141
67 142
67 143
67 144
67 146
67 148
67 151
67 153
67 154
67 155
67 157
67 158
67 160
67 162
67 164
67 167
67 168
67 169
67 170
67 171
67 172
67 173
67 176
67 178
67 179
67 180
67 182
67 183
67 184
67 186
67 189
67 190
67 196
67 198
67 199
68 69
68 71
68 72
68 75
68 76
68 77
68 78
68 81
68 86
68 87
68 89
68 90
68 92
68 95
68 96
68 97
68 102
68 103
68 105
68 106
68 108
68 109
68 114
68 116
68 118
68 121
68 123
68 125
68 126
68 129
68 134
68 136
68 140
68 141
68 142
68 143
68 145
68 146
68 151
68 153
68 154
68 155
68 156
68 157
68 160
68 162
68 163
68 165
68 166
68 167
68 168
68 169
68 172
68 173
68 174
68 177
68 179
68 180
68 182
68 183
68 185
68 186
68 187
68 191
68 192
68 194
68 195
68 197
68 198
68 199
69 70
69 71
69 73
69 76
69 80
69 81
69 82
69 84
69 85
69 86
69 88
69 92
69 97
69 98
69 99
69 103
69 108
69 109
69 112
69 115
69 116
69 117
69 118
69 119
69 120
69 121
69 124
69 126
69 127
69 131
69 132
69 133
69 138
69 139
69 141
69 143
69 144
69 147
69 149
69 150
69 153
69 156
69 159
69 160
69 163
69 164
69 167
69 168
69 173
69 178
69 181
69 183
69 184
69 186
69 188
69 191
69 192
69 193
69 194
69 195
69 196
69 199
70 72
70 73
70 75
70 76
70 78
70 80
70 81
70 84
70 86
70 87
70 88
70 89
70 91
70 96
70 98
70 100
70 103
70 106
70 109
70 113
70 115
70 117
70 118
70 121
70 123
70 127
70 131
70 132
70 133
70 137
70 138
70 140
70 141
70 142
70 144
70 147
70 148
70 149
70 150
70 151
70 153
70 154
70 155
70 157
70 159
70 162
70 163
70 167
70 168
70 169
70 170
70 171
70 173
70 174
70 175
70 178
70 180
70 184
70 185
70 189
70 191
70 192
70 194
70 199
71 72
71 74
71 75
71 77
71 78
71 80
71 81
71 82
71 83
71 87
71 90
71 91
71 92
71 94
71 95
71 97
71 98
71 101
71 102
71 104
71 108
71 110
71 111
71 112
71 113
71 114
71 117
71 118
71 120
71 123
71 128
71 130
71 132
71 133
71 134
71 136
71 137
71 140
71 144
71 145
71 146
71 147
71 149
71 150
71 151
71 152
71 153
71 154
71 157
71 159
71 162
71 167
71 170
71 171
71 172
71 174
71 179
71 185
71 186
71 187
71 189
71 191
71 192
71 193
71 195
72 74
72 75
72 76
72 78
72 79
72 80
72 81
72 85
72 86
72 87
72 91
72 92
72 94
72 95
72 97
72 101
72 103
72 108
72 113
72 115
72 117
72 119
72 120
72 125
72 128
72 132
72 135
72 136
72 140
72 143
72 145
72 146
72 147
72 148
72 149
72 151
72 152
72 153
72 154
72 156
72 159
72 161
72 162
72 163
72 164
72 165
72 166
72 167
72 170
72 174
72 176
72 177
72 179
72 180
72 181
72 182
72 185
72 186
72 187
72 189
72 190
72 191
72 192
72 196
72 197
72 198
72 199
73 75
73 77
73 78
73 79
73 81
73 82
73 83
73 85
73 88
73 92
73 97
73 98
73 99
73 102
73 103
73 107
73 108
73 109
73 110
73 112
73 113
73 116
73 122
73 126
73 127
73 128
73 129
73 130
73 132
73 133
73 134
73 138
73 139
73 142
73 145
73 146
73 147
73 149
73 151
73 153
73 154
73 155
73 156
73 163
73 165
73 166
73 170
73 171
73 172
73 173
73 175
73 176
73 177
73 178
73 181
73 182
73 186
73 188
73 189
73 190
73 192
73 193
73 195
73 196
73 198
73 199
74 76
74 80
74 81
74 88
74 90
74 95
74 97
74 100
74 103
74 104
74 105
74 106
74 107
74 108
74 110
74 112
74 113
74 119
74 120
74 122
74 123
74 124
74 127
74 128
74 129
74 132
74 134
74 137
74 138
74 139
74 140
74 142
74 144
74 146
74 152
74 154
74 156
74 157
74 158
74 165
74 168
74 169
74 172
74 174
74 176
74 177
74 179
74 181
74 182
74 184
74 185
74 186
74 187
74 188
74 189
74 196
74 199
75 76
75 77
75 82
75 85
75 86
75 90
75 92
75 94
75 100
75 103
75 104
75 105
75 106
75 108
75 112
75 113
75 115
75 116
75 117
75 119
75 121
75 122
75 124
75 125
75 129
75 130
75 131
75 132
75 134
75 135
75 138
75 141
75 142
75 143
75 145
75 147
75 149
75 150
75 153
75 155
75 156
75 159
75 160
75 161
75 162
75 165
75 167
75 170
75 175
75 179
75 183
75 185
75 188
75 189
75 190
75 191
75 192
75 197
76 80
76 81
76 82
76 83
76 84
76 87
76 89
76 90
76 91
76 92
76 95
76 99
76 101
76 104
76 106
76 107
76 110
76 112
76 113
76 114
76 115
76 116
76 117
76 121
76 126
76 128
76 129
76 132
76 134
76 136
76 137
76 139
76 144
76 145
76 152
76 153
76 155
76 157
76 158
76 161
76 162
76 163
76 165
76 169
76 172
76 173
76 175
76 178
76 181
76 182
76 183
76 184
76 185
76 188
76 192
76 196
77 78
77 80
77 82
77 83
77 90
77 91
77 95
77 98
77 99
77 100
77 103
77 106
77 107
77 109
77 110
77 114
77 115
77 118
77 119
77 121
77 124
77 126
77 128
77 131
77 132
77 133
77 134
77 135
77 136
77 137
77 140
77 141
77 144
77 146
77 149
77 157
77 159
77 166
77 168
77 170
77 171
77 173
77 174
77 178
77 179
77 181
77 185
77 189
77 190
77 191
77 192
77 193
77 194
77 197
77 198
78 82
78 83
78 87
78 88
78 89
78 90
78 93
78 97
78 99
78 101
78 102
78 104
78 109
78 110
78 113
78 114
78 116
78 120
78 122
78 125
78 128
78 129
78 130
78 132
78 134
78 136
78 138
78 142
78 145
78 146
78 149
78 150
78 152
78 153
78 156
78 159
78 163
78 164
78 165
78 166
78 169
78 170
78 171
78 175
78 176
78 180
78 183
78 184
78 185
78 187
78 188
78 189
78 192
78 195
78 196
79 84
79 87
79 88
79 89
79 90
79 91
79 92
79 93
79 96
79 97
79 99
79 103
79 104
79 106
79 110
79 111
79 112
79 116
79 118
79 119
79 120
79 122
79 123
79 124
79 125
79 126
79 127
79 129
79 130
79 132
79 134
79 135
79 136
79 138
79 139
79 141
79 142
79 143
79 144
79 145
79 149
79 153
79 155
79 157
79 160
79 161
79 162
79 163
79 165
79 166
79 171
79 172
79 173
79 174
79 175
79 181
79 186
79 189
79 194
79 197
79 199
80 81
80 82
80 84
80 86
80 92
80 93
80 95
80 96
80 98
80 100
80 102
80 103
80 104
80 105
80 106
80 112
80 115
80 116
80 121
80 122
80 123
80 124
80 125
80 126
80 128
80 129
80 130
80 133
80 136
80 140
80 142
80 144
80 147
80 149
80 150
80 151
80 157
80 158
80 159
80 160
80 162
80 165
80 166
80 169
80 170
80 171
80 175
80 177
80 178
80 179
80 180
80 181
80 183
80 184
80 187
80 189
80 191
80 192
80 195
80 199
81 82
81 83
81 84
81 85
81 86
81 89
81 91
81 92
81 94
81 95
81 96
81 97
81 98
81 99
81 103
81 104
81 107
81 108
81 110
81 112
81 113
81 114
81 115
81 117
81 118
81 120
81 122
81 123
81 124
81 125
81 128
81 139
81 142
81 143
81 145
81 146
81 148
81 149
81 150
81 152
81 153
81 154
81 155
81 156
81 157
81 159
81 160
81 161
81 163
81 166
81 167
81 170
81 171
81 172
81 174
81 175
81 176
81 178
81 179
81 180
81 181
81 183
81 185
81 187
81 192
81 193
81 194
81 196
81 197
82 83
82 86
82 87
82 88
82 91
82 92
82 93
82 94
82 96
82 98
82 101
82 102
82 103
82 104
82 108
82 109
82 112
82 113
82 115
82 117
82 118
82 119
82 120
82 121
82 122
82 123
82 125
82 130
82 131
82 132
82 135
82 140
82 141
82 145
82 148
82 151
82 153
82 154
82 155
82 156
82 157
82 159
82 160
82 163
82 167
82 171
82 175
82 179
82 181
82 182
82 183
82 185
82 187
82 193
82 195
82 198
82 199
83 85
83 86
83 90
83 92
83 93
83 94
83 95
83 97
83 98
83 99
83 100
83 101
83 102
83 103
83 104
83 105
83 107
83 109
83 110
83 111
83 116
83 117
83 123
83 124
83 125
83 126
83 127
83 128
83 129
83 130
83 139
83 143
83 144
83 146
83 147
83 148
83 153
83 154
83 155
83 156
83 158
83 159
83 160
83 164
83 168
83 169
83 172
83 174
83 181
83 185
83 187
83 188
83 189
83 191
83 192
83 195
83 196
83 197
83 198
84 85
84 87
84 88
84 89
84 90
84 91
84 95
84 97
84 100
84 102
84 103
84 107
84 111
84 112
84 115
84 117
84 121
84 123
84 126
84 128
84 131
84 132
84 135
84 136
84 138
84 142
84 145
84 148
84 152
84 155
84 156
84 157
84 158
84 161
84 162
84 163
84 167
84 171
84 172
84 173
84 174
84 176
84 178
84 182
84 184
84 185
84 190
84 191
84 193
84 198
84 199
85 88
85 90
85 91
85 92
85 95
85 96
85 102
85 105
85 106
85 107
85 109
85 110
85 115
85 116
85 124
85 127
85 128
85 129
85 138
85 139
85 140
85 141
85 145
85 146
85 147
85 158
85 160
85 162
85 163
85 164
85 165
85 166
85 167
85 169
85 170
85 177
85 179
85 181
85 183
85 186
85 187
85 189
85 192
85 194
86 87
86 90
86 93
86 94
86 95
86 97
86 100
86 101
86 102
86 104
86 105
86 108
86 111
86 114
86 118
86 122
86 127
86 128
86 129
86 130
86 133
86 134
86 136
86 138
86 143
86 146
86 147
86 148
86 154
86 155
86 158
86 159
86 160
86 162
86 163
86 166
86 167
86 168
86 169
86 170
86 172
86 174
86 175
86 176
86 179
86 182
86 190
86 191
86 192
86 193
86 197
86 199
87 88
87 89
87 91
87 92
87 93
87 94
87 97
87 100
87 101
87 116
87 117
87 118
87 120
87 121
87 123
87 126
87 129
87 130
87 131
87 132
87 134
87 136
87 139
87 140
87 141
87 143
87 144
87 147
87 149
87 155
87 158
87 161
87 163
87 165
87 166
87 171
87 173
87 174
87 177
87 181
87 183
87 184
87 185
87 186
87 187
87 189
87 193
87 194
87 195
87 196
88 90
88 91
88 94
88 97
88 98
88 99
88 100
88 104
88 105
88 108
88 111
88 113
88 117
88 118
88 120
88 122
88 130
88 131
88 132
88 134
88 139
88 141
88 145
88 146
88 147
88 148
88 149
88 151
88 152
88 156
88 158
88 162
88 164
88 165
88 168
88 171
88 173
88 175
88 176
88 179
88 182
88 185
88 186
88 187
88 191
88 194
88 197
89 94
89 97
89 99
89 102
89 103
89 105
89 108
89 109
89 112
89 113
89 116
89 117
89 120
89 121
89 122
89 124
89 126
89 128
89 129
89 130
89 132
89 133
89 135
89 136
89 139
89 143
89 144
89 145
89 148
89 152
89 153
89 155
89 156
89 158
89 159
89 160
89 162
89 164
89 165
89 166
89 168
89 172
89 175
89 178
89 179
89 181
89 182
89 184
89 185
89 187
89 188
89 189
89 190
89 191
89 192
89 193
89 195
89 197
89 199
90 91
90 93
90 95
90 97
90 98
90 104
90 106
90 107
90 108
90 110
90 111
90 114
90 117
90 118
90 120
90 122
90 123
90 124
90 125
90 126
90 127
90 130
90 135
90 137
90 138
90 141
90 143
90 147
90 148
90 149
90 153
90 155
90 159
90 161
90 164
90 165
90 170
90 171
90 173
90 174
90 175
90 178
90 180
90 182
90 184
90 185
90 186
90 187
90 193
90 194
90 195
91 95
91 96
91 99
91 100
91 107
91 108
91 109
91 118
91 119
91 120
91 121
91 123
91 124
91 125
91 126
91 127
91 132
91 133
91 134
91 136
91 138
91 139
91 141
91 143
91 144
91 147
91 148
91 149
91 150
91 153
91 156
91 161
91 162
91 164
91 167
91 171
91 173
91 176
91 177
91 182
91 183
91 184
91 185
91 187
91 188
91 189
91 190
91 196
91 197
91 198
91 199
92 93
92 94
92 95
92 97
92 99
92 101
92 102
92 103
92 105
92 106
92 109
92 113
92 115
92 117
92 120
92 122
92 123
92 124
92 127
92 128
92 130
92 132
92 133
92 135
92 138
92 139
92 140
92 142
92 143
92 145
92 148
92 150
92 152
92 154
92 156
92 157
92 158
92 159
92 162
92 163
92 164
92 165
92 167
92 168
92 170
92 171
92 172
92 173
92 176
92 177
92 182
92 183
92 184
92 185
92 186
92 187
92 188
92 189
92 191
92 192
92 193
92 194
92 195
92 198
93 99
93 101
93 103
93 104
93 105
93 107
93 108
93 109
93 111
93 112
93 115
93 116
93 117
93 119
93 121
93 122
93 123
93 125
93 126
93 127
93 128
93 130
93 131
93 132
93 135
93 140
93 145
93 146
93 147
93 150
93 151
93 155
93 157
93 158
93 159
93 160
93 161
93 162
93 163
93 165
93 167
93 168
93 172
93 173
93 174
93 176
93 179
93 181
93 182
93 184
93 186
93 188
93 190
93 191
93 192
93 193
93 195
93 196
93 197
93 198
93 199
94 97
94 98
94 101
94 106
94 107
94 111
94 115
94 117
94 119
94 120
94 122
94 123
94 128
94 129
94 133
94 138
94 139
94 142
94 143
94 145
94 150
94 153
94 155
94 156
94 160
94 164
94 165
94 166
94 175
94 176
94 177
94 178
94 180
94 183
94 184
94 185
94 186
94 189
94 191
94 192
94 193
94 194
94 195
94 196
94 199
95 97
95 98
95 101
95 102
95 104
95 108
95 109
95 110
95 112
95 116
95 117
95 119
95 120
95 124
95 125
95 128
95 130
95 133
95 135
95 136
95 137
95 139
95 140
95 141
95 142
95 143
95 144
95 147
95 148
95 149
95 153
95 157
95 158
95 159
95 162
95 163
95 164
95 165
95 166
95 167
95 168
95 170
95 172
95 173
95 175
95 176
95 177
95 178
95 179
95 180
95 184
95 186
95 188
95 190
95 194
95 196
95 197
96 97
96 98
96 100
96 101
96 102
96 104
96 108
96 112
96 113
96 115
96 117
96 119
96 120
96 121
96 123
96 125
96 126
96 127
96 128
96 131
96 133
96 138
96 139
96 140
96 141
96 142
96 143
96 145
96 147
96 153
96 154
96 155
96 157
96 159
96 162
96 163
96 165
96 167
96 169
96 170
96 171
96 173
96 175
96 176
96 177
96 181
96 184
96 187
96 188
96 189
96 193
96 196
96 197
96 198
96 199
97 98
97 99
97 100
97 101
97 102
97 105
97 107
97 108
97 110
97 113
97 115
97 117
97 120
97 123
97 126
97 130
97 133
97 135
97 136
97 137
97 138
97 141
97 142
97 144
97 146
97 148
97 151
97 155
97 157
97 158
97 160
97 162
97 163
97 165
97 166
97 168
97 169
97 171
97 174
97 175
97 176
97 177
97 178
97 179
97 183
97 188
97 190
97 191
97 193
97 194
97 195
97 198
97 199
98 99
98 101
98 103
98 104
98 105
98 106
98 108
98 109
98 111
98 114
98 115
98 116
98 117
98 118
98 119
98 120
98 122
98 124
98 125
98 129
98 132
98 133
98 134
98 135
98 136
98 138
98 141
98 142
98 144
98 145
98 146
98 147
98 150
98 151
98 154
98 157
98 158
98 170
98 172
98 173
98 178
98 187
98 188
98 189
98 191
98 192
98 193
98 195
98 196
98 197
98 198
98 199
99 101
99 105
99 106
99 110
99 111
99 115
99 117
99 119
99 121
99 125
99 126
99 128
99 129
99 131
99 132
99 136
99 137
99 141
99 147
99 148
99 155
99 156
99 159
99 160
99 164
99 165
99 166
99 169
99 170
99 172
99 173
99 175
99 180
99 182
99 188
99 190
99 191
99 192
99 193
99 197
100 102
100 104
100 105
100 106
100 109
100 113
100 114
100 117
100 122
100 123
100 128
100 130
100 133
100 135
100 136
100 137
100 139
100 140
100 143
100 148
100 149
100 152
100 154
100 155
100 158
100 159
100 163
100 164
100 165
100 168
100 170
100 172
100 173
100 174
100 175
100 177
100 178
100 179
100 181
100 182
100 185
100 189
100 190
100 191
100 196
101 102
101 103
101 105
101 109
101 110
101 111
101 112
101 113
101 114
101 115
101 117
101 118
101 123
101 124
101 125
101 126
101 127
101 132
101 137
101 138
101 139
101 140
101 144
101 145
101 146
101 149
101 150
101 152
101 156
101 158
101 159
101 162
101 163
101 164
101 166
101 173
101 174
101 175
101 179
101 180
101 183
101 184
101 185
101 186
101 187
101 193
101 198
101 199
102 103
102 107
102 109
102 113
102 117
102 118
102 119
102 124
102 125
102 126
102 127
102 129
102 130
102 131
102 133
102 134
102 137
102 140
102 143
102 148
102 149
102 150
102 152
102 153
102 155
102 158
102 159
102 160
102 161
102 166
102 168
102 172
102 175
102 176
102 181
102 182
102 184
102 189
102 192
102 195
102 196
102 198
102 199
103 104
103 105
103 110
103 112
103 113
103 115
103 116
103 117
103 120
103 124
103 126
103 129
103 130
103 133
103 134
103 136
103 140
103 144
103 145
103 147
103 151
103 152
103 156
103 158
103 167
103 168
103 170
103 172
103 173
103 175
103 177
103 180
103 182
103 184
103 186
103 187
103 188
103 190
103 192
103 193
103 196
104 106
104 109
104 111
104 112
104 114
104 115
104 117
104 118
104 121
104 122
104 131
104 133
104 135
104 139
104 141
104 143
104 146
104 148
104 150
104 152
104 155
104 159
104 161
104 162
104 163
104 165
104 166
104 167
104 170
104 171
104 173
104 174
104 179
104 181
104 182
104 184
104 186
104 188
104 189
104 190
104 191
104 192
104 193
104 197
105 108
105 109
105 116
105 117
105 120
105 121
105 123
105 124
105 125
105 127
105 129
105 132
105 134
105 135
105 137
105 139
105 140
105 144
105 145
105 146
105 148
105 149
105 150
105 152
105 153
105 155
105 158
105 160
105 161
105 162
105 165
105 167
105 169
105 170
105 171
105 172
105 174
105 176
105 178
105 181
105 183
105 184
105 186
105 187
105 188
105 190
105 192
105 193
105 194
105 195
105 196
105 197
105 198
106 107
106 109
106 110
106 112
106 114
106 115
106 118
106 119
106 120
106 121
106 127
106 128
106 129
106 131
106 132
106 133
106 135
106 136
106 137
106 138
106 139
106 140
106 141
106 145
106 147
106 149
106 151
106 152
106 158
106 160
106 162
106 164
106 167
106 168
106 169
106 170
106 175
106 176
106 178
106 182
106 185
106 186
106 187
106 189
106 190
106 192
106 195
106 196
106 197
106 199
107 108
107 109
107 110
107 113
107 116
107 119
107 122
107 123
107 126
107 127
107 128
107 129
107 130
107 133
107 134
107 135
107 136
107 137
107 138
107 139
107 143
107 146
107 152
107 153
107 154
107 156
107 157
107 162
107 165
107 166
107 167
107 168
107 172
107 174
107 183
107 188
107 190
107 192
107 194
107 197
108 109
108 111
108 112
108 114
108 118
108 119
108 121
108 122
108 125
108 128
108 131
108 132
108 134
108 138
108 139
108 140
108 141
108 142
108 143
108 144
108 145
108 146
108 147
108 150
108 151
108 152
108 154
108 156
108 157
108 159
108 163
108 165
108 166
108 170
108 172
108 173
108 174
108 178
108 179
108 181
108 182
108 184
108 187
108 189
108 190
108 193
108 194
108 195
108 198
109 111
109 113
109 115
109 116
109 117
109 122
109 124
109 127
109 128
109 131
109 133
109 137
109 138
109 139
109 140
109 141
109 142
109 144
109 145
109 147
109 151
109 152
109 154
109 155
109 158
109 159
109 161
109 162
109 165
109 166
109 173
109 174
109 176
109 177
109 178
109 179
109 181
109 182
109 184
109 185
109 186
109 188
109 194
109 195
109 198
110 115
110 118
110 121
110 122
110 125
110 126
110 127
110 132
110 133
110 134
110 135
110 138
110 141
110 143
110 145
110 149
110 150
110 151
110 154
110 155
110 158
110 165
110 167
110 168
110 170
110 171
110 176
110 177
110 181
110 182
110 183
110 185
110 186
110 187
110 190
110 192
110 193
110 198
110 199
111 113
111 114
111 115
111 116
111 119
111 124
111 125
111 126
111 127
111 130
111 133
111 134
111 136
111 140
111 142
111 145
111 147
111 148
111 149
111 150
111 152
111 154
111 155
111 156
111 157
111 158
111 159
111 160
111 161
111 162
111 168
111 169
111 170
111 171
111 172
111 174
111 175
111 176
111 177
111 180
111 182
111 183
111 184
111 185
111 187
111 188
111 189
111 191
111 192
111 199
112 114
112 116
112 118
112 119
112 121
112 123
112 125
112 126
112 127
112 131
112 133
112 134
112 135
112 136
112 137
112 139
112 142
112 144
112 145
112 147
112 148
112 149
112 151
112 152
112 155
112 156
112 157
112 158
112 159
112 163
112 165
112 167
112 168
112 169
112 173
112 174
112 177
112 178
112 179
112 181
112 182
112 183
112 185
112 187
112 189
112 194
112 195
112 197
112 198
113 114
113 115
113 117
113 120
113 121
113 122
113 124
113 133
113 134
113 135
113 136
113 137
113 138
113 142
113 143
113 145
113 147
113 153
113 154
113 155
113 159
113 161
113 164
113 167
113 170
113 172
113 173
113 177
113 178
113 181
113 184
113 187
113 192
113 193
113 194
113 198
114 115
114 116
114 119
114 120
114 122
114 129
114 130
114 131
114 132
114 136
114 137
114 139
114 142
114 145
114 147
114 148
114 149
114 150
114 151
114 152
114 153
114 154
114 156
114 157
114 158
114 159
114 160
114 163
114 165
114 166
114 168
114 169
114 172
114 174
114 176
114 177
114 180
114 181
114 183
114 185
114 186
114 188
114 191
114 192
114 193
114 197
114 198
114 199
115 116
115 119
115 120
115 122
115 124
115 126
115 129
115 131
115 132
115 133
115 135
115 136
115 139
115 140
115 141
115 142
115 144
115 145
115 146
115 147
115 148
115 149
115 153
115 155
115 156
115 159
115 161
115 162
115 163
115 164
115 165
115 166
115 169
115 170
115 173
115 174
115 175
115 178
115 181
115 183
115 184
115 185
115 189
115 190
115 192
115 193
115 198
116 118
116 119
116 121
116 123
116 124
116 125
116 127
116 128
116 129
116 132
116 134
116 135
116 137
116 138
116 141
116 142
116 143
116 152
116 155
116 156
116 158
116 168
116 169
116 172
116 173
116 178
116 179
116 180
116 182
116 186
116 187
116 190
116 191
116 192
116 193
116 196
117 119
117 120
117 121
117 123
117 125
117 127
117 131
117 132
117 133
117 135
117 137
117 138
117 139
117 140
117 144
117 147
117 149
117 151
117 154
117 155
117 156
117 158
117 160
117 163
117 166
117 168
117 170
117 171
117 173
117 174
117 175
117 176
117 178
117 179
117 182
117 184
117 185
117 188
117 190
117 191
117 193
117 194
117 195
117 196
117 197
117 199
118 119
118 120
118 122
118 124
118 125
118 126
118 127
118 131
118 133
118 136
118 137
118 138
118 139
118 142
118 144
118 145
118 146
118 149
118 150
118 152
118 155
118 156
118 158
118 160
118 162
118 165
118 166
118 167
118 168
118 169
118 170
118 171
118 173
118 181
118 182
118 183
118 184
118 186
118 188
118 190
118 194
118 195
119 121
119 123
119 126
119 127
119 129
119 131
119 134
119 136
119 137
119 138
119 140
119 143
119 144
119 147
119 148
119 149
119 150
119 153
119 154
119 158
119 160
119 161
119 162
119 168
119 169
119 170
119 171
119 172
119 173
119 174
119 175
119 180
119 182
119 184
119 185
119 187
119 190
119 191
119 194
119 195
119 196
119 197
119 198
119 199
120 121
120 122
120 125
120 133
120 134
120 135
120 136
120 140
120 143
120 144
120 146
120 147
120 149
120 152
120 153
120 156
120 157
120 158
120 159
120 163
120 165
120 167
120 168
120 172
120 174
120 175
120 176
120 180
120 182
120 183
120 185
120 186
120 191
120 192
120 195
120 197
120 198
121 122
121 125
121 127
121 128
121 129
121 131
121 133
121 134
121 135
121 137
121 141
121 142
121 143
121 146
121 147
121 148
121 153
121 155
121 159
121 160
121 162
121 164
121 165
121 168
121 169
121 170
121 171
121 177
121 180
121 182
121 183
121 184
121 186
121 187
121 188
121 189
121 191
121 195
121 196
122 123
122 128
122 130
122 132
122 133
122 136
122 137
122 138
122 140
122 142
122 143
122 144
122 146
122 149
122 150
122 153
122 155
122 156
122 157
122 158
122 159
122 160
122 161
122 165
122 168
122 170
122 172
122 173
122 177
122 181
122 182
122 185
122 186
122 187
122 191
122 192
122 194
122 195
122 196
122 198
122 199
123 126
123 128
123 129
123 131
123 132
123 133
123 135
123 136
123 138
123 143
123 144
123 146
123 148
123 149
123 150
123 152
123 153
123 154
123 159
123 160
123 166
123 167
123 168
123 169
123 170
123 171
123 173
123 176
123 177
123 178
123 179
123 180
123 187
123 188
123 189
123 190
123 192
123 196
123 198
123 199
124 125
124 126
124 127
124 129
124 130
124 134
124 135
124 139
124 140
124 141
124 143
124 147
124 148
124 149
124 150
124 151
124 153
124 155
124 157
124 158
124 160
124 163
124 166
124 167
124 173
124 176
124 177
124 181
124 182
124 183
124 184
124 186
124 190
124 191
124 192
124 193
124 197
125 126
125 130
125 131
125 132
125 134
125 135
125 136
125 137
125 138
125 140
125 141
125 144
125 145
125 149
125 152
125 153
125 156
125 157
125 160
125 161
125 162
125 164
125 166
125 167
125 168
125 169
125 170
125 171
125 177
125 179
125 182
125 183
125 184
125 190
125 191
125 193
125 194
125 195
125 196
125 197
126 131
126 132
126 133
126 135
126 136
126 137
126 140
126 142
126 143
126 144
126 145
126 146
126 147
126 150
126 151
126 155
126 157
126 158
126 160
126 162
126 164
126 169
126 170
126 172
126 173
126 174
126 178
126 179
126 182
126 183
126 184
126 187
126 188
126 196
126 197
126 198
126 199
127 128
127 130
127 131
127 132
127 133
127 134
127 135
127 138
127 142
127 143
127 145
127 148
127 151
127 153
127 154
127 155
127 156
127 159
127 164
127 166
127 171
127 172
127 173
127 175
127 176
127 177
127 178
127 179
127 182
127 183
127 184
127 187
127 192
127 196
127 198
127 199
128 131
128 132
128 136
128 140
128 141
128 142
128 144
128 145
128 148
128 155
128 156
128 157
128 160
128 161
128 162
128 163
128 164
128 165
128 169
128 170
128 172
128 174
128 178
128 179
128 184
128 189
128 190
128 193
128 194
128 196
128 197
128 199
129 130
129 132
129 134
129 137
129 139
129 140
129 148
129 149
129 151
129 157
129 162
129 163
129 164
129 165
129 168
129 169
129 170
129 171
129 172
129 174
129 175
129 176
129 177
129 181
129 182
129 183
129 185
129 186
129 187
129 189
129 190
129 191
129 193
129 194
129 196
129 198
129 199
130 133
130 138
130 139
130 140
130 142
130 143
130 144
130 145
130 152
130 156
130 157
130 159
130 160
130 161
130 163
130 164
130 165
130 166
130 168
130 170
130 171
130 173
130 174
130 175
130 178
130 179
130 182
130 183
130 184
130 185
130 189
130 192
130 193
130 195
130 197
130 199
131 132
131 133
131 134
131 136
131 138
131 142
131 143
131 146
131 147
131 148
131 149
131 150
131 151
131 152
131 154
131 156
131 157
131 158
131 159
131 161
131 164
131 166
131 168
131 170
131 171
131 173
131 174
131 178
131 179
131 181
131 182
131 184
131 185
131 186
131 187
131 189
131 190
131 191
131 192
131 193
131 196
132 133
132 134
132 137
132 139
132 144
132 145
132 147
132 148
132 149
132 151
132 152
132 154
132 155
132 159
132 163
132 164
132 166
132 168
132 169
132 170
132 172
132 175
132 176
132 177
132 178
132 183
132 184
132 185
132 188
132 189
132 190
132 191
132 193
132 194
132 195
132 196
132 197
132 198
132 199
133 137
133 138
133 140
133 141
133 142
133 144
133 145
133 146
133 148
133 151
133 154
133 155
133 157
133 158
133 159
133 160
133 161
133 165
133 166
133 168
133 169
133 171
133 173
133 175
133 176
133 177
133 178
133 179
133 183
133 184
133 186
133 187
133 188
133 189
133 190
133 191
133 192
133 194
133 195
133 197
133 199
134 138
134 139
134 140
134 144
134 145
134 146
134 147
134 148
134 152
134 155
134 158
134 160
134 166
134 168
134 173
134 176
134 177
134 179
134 180
134 181
134 183
134 189
134 190
134 191
134 192
134 195
135 137
135 138
135 140
135 141
135 145
135 148
135 149
135 150
135 151
135 153
135 154
135 155
135 160
135 161
135 164
135 165
135 167
135 168
135 171
135 177
135 180
135 181
135 184
135 193
135 195
135 196
135 198
136 137
136 138
136 139
136 145
136 146
136 148
136 149
136 153
136 154
136 156
136 158
136 165
136 166
136 167
136 168
136 169
136 171
136 173
136 174
136 177
136 178
136 179
136 182
136 183
136 184
136 188
136 192
136 193
136 197
136 198
136 199
137 140
137 141
137 143
137 144
137 147
137 148
137 149
137 150
137 156
137 158
137 159
137 160
137 161
137 162
137 163
137 165
137 167
137 170
137 171
137 173
137 174
137 178
137 179
137 183
137 190
137 192
137 194
137 195
137 198
137 199
138 140
138 141
138 143
138 146
138 150
138 152
138 153
138 156
138 158
138 159
138 161
138 164
138 165
138 166
138 167
138 168
138 176
138 177
138 178
138 179
138 180
138 181
138 183
138 184
138 185
138 189
138 190
138 191
138 197
138 198
138 199
139 140
139 145
139 149
139 150
139 151
139 152
139 159
139 161
139 162
139 164
139 170
139 171
139 174
139 175
139 176
139 178
139 180
139 181
139 184
139 189
139 190
139 191
139 194
139 195
139 196
139 198
139 199
140 141
140 142
140 143
140 146
140 147
140 148
140 153
140 154
140 155
140 156
140 158
140 162
140 163
140 165
140 167
140 170
140 174
140 175
140 176
140 178
140 179
140 180
140 184
140 185
140 187
140 189
140 190
140 194
140 195
140 197
140 199
141 142
141 149
141 153
141 154
141 155
141 156
141 159
141 162
141 163
141 164
141 170
141 175
141 176
141 181
141 185
141 186
141 189
141 191
141 194
141 195
141 197
141 198
142 144
142 146
142 147
142 149
142 150
142 152
142 153
142 154
142 156
142 160
142 163
142 164
142 165
142 166
142 174
142 175
142 176
142 178
142 182
142 183
142 184
142 185
142 186
142 189
142 191
142 193
142 194
142 197
142 198
143 145
143 146
143 147
143 151
143 152
143 154
143 155
143 156
143 157
143 158
143 159
143 160
143 162
143 165
143 166
143 167
143 168
143 169
143 170
143 171
143 173
143 175
143 181
143 182
143 183
143 184
143 186
143 188
143 193
143 194
143 195
143 198
143 199
144 147
144 148
144 155
144 156
144 161
144 166
144 167
144 169
144 170
144 171
144 172
144 173
144 175
144 177
144 179
144 182
144 184
144 185
144 187
144 193
144 194
144 195
144 197
144 199
145 148
145 151
145 153
145 166
145 167
145 168
145 171
145 174
145 175
145 176
145 179
145 180
145 181
145 185
145 186
145 187
145 189
145 190
145 193
145 195
145 196
145 197
145 198
145 199
146 150
146 152
146 153
146 154
146 159
146 160
146 163
146 164
146 165
146 166
146 168
146 172
146 173
146 174
146 175
146 177
146 179
146 181
146 182
146 184
146 185
146 187
146 189
146 191
146 192
146 196
146 197
146 199
147 148
147 149
147 152
147 154
147 156
147 157
147 158
147 159
147 164
147 165
147 166
147 172
147 174
147 176
147 177
147 178
147 182
147 184
147 187
147 188
147 189
147 192
147 195
148 150
148 152
148 153
148 157
148 158
148 160
148 161
148 162
148 163
148 165
148 166
148 169
148 170
148 171
148 172
148 173
148 174
148 175
148 176
148 177
148 178
148 179
148 180
148 187
148 189
148 190
148 191
148 193
148 194
148 195
148 198
148 199
149 153
149 157
149 159
149 165
149 166
149 167
149 169
149 172
149 178
149 179
149 180
149 183
149 185
149 186
149 190
149 191
149 192
149 193
149 194
149 196
149 197
150 151
150 155
150 156
150 159
150 161
150 162
150 166
150 167
150 168
150 170
150 172
150 175
150 176
150 180
150 183
150 184
150 185
150 186
150 188
150 189
150 190
150 191
150 192
150 194
150 198
151 152
151 155
151 156
151 159
151 160
151 161
151 162
151 165
151 169
151 170
151 173
151 174
151 175
151 176
151 177
151 178
151 181
151 183
151 184
151 188
151 190
151 193
151 195
151 197
151 199
152 157
152 158
152 159
152 165
152 167
152 168
152 172
152 174
152 176
152 177
152 180
152 181
152 182
152 183
152 188
152 189
152 190
152 194
152 196
152 197
153 156
153 157
153 161
153 165
153 167
153 168
153 173
153 175
153 176
153 177
153 179
153 180
153 183
153 187
153 189
153 190
153 191
153 194
153 195
153 197
153 198
153 199
154 155
154 158
154 159
154 160
154 163
154 164
154 168
154 169
154 172
154 173
154 174
154 177
154 179
154 180
154 181
154 182
154 185
154 187
154 189
154 190
154 193
154 196
154 199
155 159
155 162
155 163
155 165
155 166
155 170
155 171
155 173
155 177
155 179
155 184
155 189
155 191
155 194
156 157
156 161
156 162
156 163
156 165
156 167
156 170
156 171
156 172
156 174
156 175
156 176
156 177
156 178
156 181
156 183
156 184
156 186
156 187
156 188
156 189
156 190
156 191
156 194
156 195
156 197
156 198
157 159
157 160
157 161
157 162
157 163
157 164
157 166
157 167
157 170
157 174
157 179
157 180
157 182
157 183
157 185
157 186
157 189
157 191
157 192
157 193
157 195
157 196
158 160
158 161
158 162
158 165
158 167
158 169
158 170
158 172
158 173
158 174
158 175
158 183
158 189
158 191
158 194
158 195
158 196
158 198
158 199
159 160
159 162
159 163
159 165
159 166
159 167
159 169
159 170
159 172
159 173
159 174
159 179
159 182
159 186
159 187
159 190
159 191
159 192
159 193
159 194
159 196
159 197
160 161
160 162
160 163
160 164
160 165
160 167
160 168
160 170
160 171
160 173
160 176
160 178
160 181
160 182
160 183
160 185
160 186
160 191
160 193
160 196
160 199
161 163
161 164
161 165
161 166
161 168
161 169
161 172
161 173
161 174
161 175
161 176
161 178
161 181
161 183
161 188
161 189
161 190
161 193
161 199
162 163
162 174
162 175
162 180
162 181
162 184
162 185
162 190
162 192
162 193
162 194
162 196
162 199
163 166
163 167
163 170
163 172
163 175
163 177
163 178
163 179
163 180
163 182
163 184
163 185
163 186
163 189
163 194
163 195
163 196
163 197
164 165
164 167
164 169
164 170
164 174
164 176
164 178
164 180
164 182
164 183
164 184
164 190
164 193
164 194
164 195
164 196
164 197
164 198
164 199
165 169
165 171
165 173
165 174
165 177
165 178
165 181
165 188
165 192
165 193
165 194
165 195
165 196
165 197
165 198
165 199
166 170
166 171
166 173
166 174
166 176
166 178
166 182
166 183
166 184
166 187
166 188
166 191
166 193
166 195
166 196
166 197
167 169
167 170
167 173
167 174
167 176
167 177
167 178
167 179
167 180
167 182
167 183
167 184
167 186
167 188
167 189
167 191
167 192
167 193
167 194
167 196
167 199
168 175
168 179
168 180
168 184
168 186
168 188
168 189
168 190
168 192
168 193
168 195
168 199
169 172
169 175
169 176
169 178
169 179
169 182
169 183
169 185
169 186
169 188
169 189
169 191
169 194
169 198
169 199
170 175
170 177
170 179
170 180
170 182
170 184
170 185
170 186
170 187
170 188
170 189
170 191
170 192
170 194
170 195
170 198
170 199
171 172
171 174
171 175
171 178
171 180
171 182
171 190
171 192
171 193
171 194
171 196
171 198
172 174
172 175
172 180
172 181
172 182
172 185
172 186
172 187
172 189
172 192
172 195
172 196
172 199
173 174
173 175
173 177
173 178
173 180
173 181
173 183
173 184
173 186
173 187
173 188
173 189
173 192
173 195
173 197
173 199
174 176
174 178
174 179
174 181
174 186
174 187
174 189
174 191
174 192
174 193
174 196
174 197
174 199
175 178
175 179
175 180
175 184
175 189
175 192
175 197
176 177
176 178
176 187
176 188
176 189
176 193
176 194
176 197
176 198
176 199
177 178
177 181
177 182
177 183
177 184
177 185
177 187
177 188
177 192
177 193
177 194
177 195
177 197
177 199
178 180
178 182
178 183
178 185
178 186
178 187
178 189
178 190
178 191
178 192
178 193
178 194
178 195
178 197
179 180
179 182
179 185
179 186
179 188
179 189
179 191
179 193
179 196
179 197
179 199
180 181
180 186
180 187
180 190
180 193
180 195
180 199
181 182
181 187
181 190
181 191
181 193
181 194
181 195
181 196
181 197
182 189
182 190
182 197
182 199
183 185
183 187
183 189
183 190
183 191
183 192
183 194
183 196
183 199
184 185
184 186
184 190
184 191
184 198
185 190
185 194
185 197
186 187
186 189
186 194
186 197
187 192
187 193
187 194
187 195
187 198
188 192
188 193
189 191
189 192
189 193
189 195
189 197
189 199
190 191
190 192
190 193
190 196
190 197
190 198
191 192
191 195
191 196
191 197
191 199
192 195
192 197
192 198
192 199
193 194
193 195
193 197
193 198
194 195
194 198
195 196
196 197
198 199
0 0
