100 100 0 10
42 30 3 47 22 7 57 45 49 35 45 28 40 9 21 20 38 5 29 58 34 4 55 56 24 10 29 56 21 13 48 7 30 13 10 9 17 43 42 14 22 33 26 20 29 58 36 30 51 1 23 29 53 17 33 22 4 59 49 27 26 1 46 37 42 48 53 0 55 11 12 49 11 55 52 39 48 26 30 53 59 38 23 16 24 6 57 27 33 58 6 19 17 3 51 56 51 0 15 22
29 30 58 7 49 46 44 7 19 45 26 34 47 13 40 20 49 39 13 37 26 55 12 14 8 54 4 23 11 56 45 28 0 47 1 39 42 44 1 22 12 14 24 39 25 24 35 29 45 24 9 29 44 52 41 36 9 23 37 15 37 41 15 20 46 52 13 26 4 5 2 10 1 49 18 0 28 3 22 45 52 26 28 3 17 26 0 49 48 2 0 8 44 27 50 0 49 30 6 7
10 24 26 21 34 50 25 1 1 8 50 34 56 27 2 15 57 36 58 40 11 56 13 22 50 52 19 21 27 17 43 58 33 50 56 35 33 1 41 37 19 28 35 56 53 58 35 42 5 22 18 28 54 20 27 15 59 12 12 11 38 16 18 2 34 14 5 37 4 40 43 51 58 36 42 41 34 16 36 16 8 55 25 36 48 14 12 53 46 43 26 50 42 47 50 42 4 8 19 14
19 30 17 34 2 11 32 58 53 19 45 5 58 17 5 38 28 57 29 12 42 11 14 44 10 16 23 38 45 18 8 6 21 36 30 29 54 17 7 51 7 29 1 59 10 24 44 15 9 48 38 20 8 50 12 43 49 1 39 3 42 17 0 33 41 53 42 45 27 13 48 0 17 28 5 43 19 2 4 12 59 17 53 1 2 25 39 50 58 49 45 21 6 3 56 55 54 3 4 46
40 34 44 52 14 58 37 4 50 17 23 6 29 55 53 42 16 51 6 17 58 36 44 49 29 16 17 19 25 28 40 25 55 0 46 1 0 50 16 29 54 42 6 23 37 46 3 9 13 32 29 27 5 30 51 50 30 8 6 14 44 7 23 53 33 32 17 36 3 49 0 47 23 49 51 10 39 36 14 57 21 53 23 31 49 21 13 4 58 18 26 36 15 3 9 44 55 59 37 52
45 15 3 15 43 10 2 24 34 52 12 29 21 6 30 7 59 55 17 35 21 46 36 29 41 41 30 44 51 4 23 42 3 16 40 57 53 30 3 3 7 7 50 30 42 5 44 16 45 2 53 27 7 21 12 10 55 45 6 53 11 35 17 40 58 30 54 49 10 50 49 50 18 40 40 52 22 14 31 25 23 35 33 59 49 33 37 28 32 7 7 34 44 38 26 36 57 18 20 44
53 3 48 18 46 14 32 15 0 49 35 44 42 0 9 10 46 1 46 41 32 49 22 33 36 53 32 24 7 30 15 41 57 44 9 18 10 26 3 16 49 1 33 44 51 20 34 13 50 55 5 46 21 42 52 35 9 32 30 17 11 24 53 13 37 9 1 16 2 18 49 6 10 36 2 11 49 51 59 51 54 30 19 54 33 54 22 32 39 4 37 7 35 4 51 22 35 37 27 27
2 5 28 59 33 8 0 9 41 29 48 5 3 9 1 15 4 37 38 14 26 9 25 57 18 7 55 6 58 18 29 9 1 0 0 17 15 52 46 51 13 7 57 10 28 33 35 54 27 23 52 14 2 29 43 59 54 31 43 34 40 22 8 28 28 47 47 18 38 37 34 35 27 1 16 4 1 56 9 39 0 56 43 57 4 1 3 43 48 25 42 45 16 49 7 38 2 41 39 23
27 49 8 25 37 11 35 0 1 38 0 18 19 1 40 48 7 30 52 45 35 19 15 27 48 31 49 3 38 52 26 54 55 47 28 50 4 13 35 25 15 7 15 26 29 6 35 4 25 6 20 53 59 55 17 31 35 21 24 28 18 39 54 21 57 45 23 47 47 33 27 59 44 18 30 21 56 38 31 28 32 5 3 51 15 39 15 17 33 38 9 30 4 58 6 43 44 43 45 30
22 7 37 1 36 57 9 4 5 39 28 0 3 37 35 2 42 48 29 11 46 30 25 39 22 54 7 53 58 39 36 20 28 4 16 8 59 28 20 48 54 19 18 55 41 24 46 58 8 49 0 49 58 8 39 6 6 42 11 8 42 3 23 37 35 51 30 39 49 4 9 17 34 54 35 23 3 21 38 38 17 0 46 29 49 30 38 33 36 55 2 11 40 8 53 20 11 1 40 5
38 59 54 31 55 55 48 34 53 50 12 34 3 9 20 12 50 38 57 15 6 58 29 54 5 45 8 51 54 47 26 4 41 44 17 52 37 55 58 25 35 12 51 29 27 58 20 10 51 51 21 47 12 21 12 19 4 20 29 55 7 46 1 24 26 59 19 57 38 11 23 41 46 4 47 49 21 6 23 25 57 16 49 54 54 30 41 22 41 2 57 49 53 46 29 40 37 7 13 38
30 49 53 53 32 17 10 20 29 1 32 6 55 7 18 8 51 28 48 40 13 21 33 53 47 36 20 40 49 53 27 23 25 49 36 18 37 46 39 23 26 52 11 51 18 46 18 58 36 14 5 26 54 0 21 57 13 29 27 38 13 25 36 20 37 20 50 0 55 51 45 38 41 11 50 28 32 1 0 24 41 48 42 58 26 45 2 42 1 10 8 48 4 7 10 31 27 37 1 53
30 8 18 6 39 54 51 11 21 21 15 24 21 23 6 12 46 13 23 3 11 47 2 26 30 36 15 40 51 3 57 10 6 53 46 44 25 47 36 4 16 3 42 53 15 8 29 10 12 13 28 16 43 2 15 51 50 49 52 33 13 26 36 43 48 28 2 43 31 33 54 26 56 19 15 54 13 28 5 59 14 31 51 24 30 6 35 19 15 11 2 17 49 37 48 9 8 0 39 21
3 8 3 3 13 52 52 11 15 33 41 34 34 8 29 14 3 12 54 31 9 4 9 6 34 35 37 52 0 53 8 21 18 2 2 59 39 36 16 34 34 56 13 0 56 47 22 55 13 38 57 40 32 22 36 37 46 52 56 26 32 33 37 24 22 7 48 13 26 25 31 54 24 39 49 22 47 39 24 27 50 37 19 55 38 13 54 48 16 3 8 19 55 30 43 27 20 33 49 25
7 30 12 38 24 11 11 51 50 57 21 55 58 49 52 18 4 54 35 14 47 15 12 59 34 6 0 23 39 27 52 47 49 15 6 26 48 30 43 33 30 33 1 27 45 28 3 2 55 47 11 28 25 58 42 59 11 45 4 23 58 49 12 19 15 39 3 43 59 19 13 4 15 15 39 9 45 25 57 14 12 34 15 37 34 45 25 13 28 3 22 1 38 4 1 18 3 2 11 0
39 23 25 25 59 33 28 46 55 55 0 36 19 36 10 34 48 54 45 2 22 14 31 1 46 9 50 11 52 11 54 36 19 14 26 24 2 5 46 29 9 36 55 25 58 41 53 1 42 35 48 53 32 31 52 29 50 50 39 54 43 33 29 21 45 19 23 0 27 55 42 23 41 10 2 32 6 34 1 43 25 57 26 11 29 17 16 51 24 15 27 23 48 5 52 14 53 19 42 30
38 28 54 40 39 38 26 47 39 20 44 28 38 53 8 16 47 24 43 43 48 47 17 14 41 5 48 0 20 43 8 23 42 21 36 48 10 49 50 39 32 14 45 35 11 5 37 26 14 33 59 30 33 37 42 38 45 43 11 53 29 58 13 5 23 27 18 30 20 41 7 13 48 49 49 50 45 15 24 5 23 36 59 53 2 20 49 29 29 33 45 34 36 44 14 15 34 15 8 19
27 23 44 28 21 37 22 42 13 24 9 9 12 47 12 54 0 14 51 47 33 37 39 29 33 16 22 3 42 59 38 55 35 55 52 47 49 0 1 0 33 43 10 21 7 32 52 20 58 24 12 31 29 43 13 35 40 34 40 40 51 14 20 28 30 41 52 31 27 32 15 4 36 11 10 4 55 28 37 24 10 19 16 39 36 35 2 31 6 25 48 8 5 56 1 36 17 8 19 36
21 29 32 3 58 9 58 58 41 8 45 37 36 7 17 17 33 45 16 47 48 21 53 19 14 27 51 0 16 34 44 20 2 20 22 17 17 10 49 3 52 23 9 10 51 13 36 11 14 46 50 23 39 31 37 17 44 44 0 9 40 42 27 55 1 38 54 53 45 0 16 35 7 46 20 4 54 17 19 52 51 41 40 33 49 53 44 15 30 50 11 28 30 19 39 49 35 6 9 2
22 15 37 57 9 33 33 5 4 56 44 10 37 56 2 17 43 2 4 1 9 36 16 43 50 52 38 5 32 12 17 11 16 44 32 20 0 36 25 50 18 30 45 55 45 46 6 14 52 22 12 11 9 17 38 28 44 22 14 30 14 57 35 38 19 51 23 48 24 53 1 0 6 30 18 38 23 5 7 19 22 35 12 10 44 59 7 58 56 24 9 45 46 46 29 26 46 4 18 45
28 45 56 34 34 44 44 24 0 49 19 31 31 29 9 37 32 10 23 18 5 21 3 28 10 19 12 1 54 56 25 29 15 28 24 1 26 47 39 17 5 23 42 20 12 50 31 9 6 3 4 6 30 12 6 56 25 14 46 11 23 4 15 40 36 18 19 33 7 55 29 2 54 15 48 17 3 38 36 49 27 19 16 52 0 37 36 23 5 19 43 23 39 11 55 54 58 50 8 31
7 33 42 9 40 36 6 13 37 57 3 41 17 13 31 9 49 24 17 10 20 49 42 56 56 24 9 16 6 48 59 28 3 8 53 4 41 57 42 7 29 13 53 43 31 41 25 17 25 10 5 6 32 11 22 4 49 24 16 3 51 25 55 22 1 56 58 28 45 14 39 9 24 13 43 41 39 51 24 32 18 28 44 0 26 59 24 31 59 8 53 25 9 11 49 23 49 13 48 9
20 51 15 26 15 55 13 52 8 1 9 2 40 18 32 24 1 44 53 39 42 57 20 12 21 43 54 49 40 2 13 21 54 3 5 22 6 33 26 59 31 51 0 38 27 23 20 13 35 6 12 55 39 36 3 1 52 36 44 40 10 32 35 52 56 58 9 40 23 17 26 28 5 20 15 33 3 48 42 13 58 53 33 49 59 9 54 17 57 21 6 57 9 38 28 26 31 41 37 58
58 12 15 21 47 23 14 11 32 35 20 47 33 51 17 34 26 13 57 41 5 36 52 7 16 8 31 31 15 48 5 8 52 39 3 7 13 4 22 1 8 40 52 22 41 25 22 16 22 27 19 25 30 45 58 37 54 5 52 22 59 15 50 57 24 46 55 46 9 25 50 21 34 47 58 52 55 24 8 54 6 23 9 25 33 4 2 29 18 39 39 16 57 53 18 13 58 54 12 56
32 54 6 32 25 31 8 54 0 18 13 58 40 50 21 9 45 59 21 13 17 58 27 16 56 23 21 57 8 39 45 11 12 29 11 35 8 28 10 58 13 29 57 6 54 35 57 51 32 48 28 3 51 52 25 47 18 4 46 43 31 24 13 28 15 12 9 29 34 11 45 10 9 9 35 9 44 11 3 39 4 40 58 4 52 17 44 20 56 57 56 3 51 37 0 0 38 41 31 12
39 29 44 23 7 37 14 8 17 59 37 19 30 7 12 38 56 48 27 19 23 51 1 36 34 27 37 45 21 30 56 12 26 31 7 17 47 41 18 50 51 6 55 55 33 52 59 56 39 2 3 31 22 2 19 34 39 59 16 1 17 51 3 43 32 2 45 18 56 34 35 29 22 5 55 14 7 37 14 44 20 23 10 25 17 48 52 6 13 21 27 41 21 52 48 49 20 20 35 22
23 24 16 34 57 54 55 11 26 47 1 40 21 22 54 29 2 40 50 36 14 43 6 42 8 31 14 18 40 30 41 36 12 15 33 49 23 8 38 57 39 59 17 18 24 8 59 54 5 42 22 43 36 22 2 50 53 31 46 52 6 4 45 34 28 35 51 27 7 39 35 0 28 41 24 28 2 4 41 44 47 39 28 15 25 34 23 26 37 47 42 21 38 39 11 52 28 36 36 37
44 17 30 14 22 23 10 4 21 2 29 47 8 20 37 38 48 57 47 55 1 19 55 30 47 56 52 38 56 32 27 48 24 58 52 31 1 48 3 3 42 25 31 16 58 23 31 11 30 13 32 19 13 35 21 37 46 19 20 12 4 15 25 46 48 36 28 32 48 12 5 32 29 5 48 57 18 45 54 50 58 8 32 16 47 28 55 45 8 48 7 15 6 32 31 12 42 33 26 3
57 28 20 5 28 5 48 55 19 53 21 28 22 41 39 26 32 53 44 2 41 36 24 10 37 33 33 1 1 45 58 29 19 19 28 46 41 10 18 27 38 51 10 55 32 37 30 46 32 1 51 7 3 12 18 39 27 19 9 8 11 34 32 38 4 45 20 45 27 11 53 15 20 51 14 12 15 41 44 1 34 23 57 43 23 7 33 50 27 36 18 16 47 7 37 27 1 14 23 15
48 29 3 15 37 52 52 34 12 34 37 11 32 57 8 21 44 24 56 10 50 50 6 24 39 19 10 34 35 18 47 49 17 47 1 45 49 12 18 40 53 32 8 37 31 34 40 14 51 43 3 41 36 13 45 57 22 22 20 36 32 36 21 29 18 53 39 3 7 41 35 28 48 29 21 13 44 27 48 52 31 15 54 16 21 0 0 1 5 27 7 20 59 41 12 21 35 37 57 43
46 2 58 2 59 16 33 27 51 58 45 24 25 47 49 27 41 24 12 44 43 54 6 32 59 31 9 12 9 50 7 46 57 18 56 37 1 5 18 21 24 55 0 41 59 18 53 6 6 27 36 54 57 0 18 44 14 41 46 20 1 34 21 43 51 29 31 4 49 24 37 41 52 13 58 9 12 52 28 10 36 45 11 29 36 13 14 48 48 10 36 37 40 59 25 34 12 1 41 30
25 51 46 46 46 53 28 21 45 6 34 40 36 50 40 1 46 8 34 32 20 11 39 30 53 15 13 55 10 45 10 16 45 1 2 32 11 20 51 4 54 37 3 59 27 3 53 59 10 42 27 30 9 57 24 11 16 30 34 41 9 30 10 24 41 0 35 42 4 58 25 26 31 28 15 34 36 52 56 15 42 54 9 32 42 10 38 50 53 33 42 29 11 37 14 30 44 17 23 3
52 14 30 25 14 45 3 7 51 19 0 56 14 42 37 26 56 0 16 49 50 30 17 55 30 21 6 22 2 28 23 54 5 4 10 21 48 7 39 28 25 5 58 22 29 53 31 8 56 48 8 25 58 50 0 45 12 59 48 1 0 6 51 59 9 52 59 50 38 28 33 32 17 2 32 15 22 12 40 7 55 48 40 45 26 6 57 46 22 43 9 17 18 53 0 35 33 24 24 0
26 5 0 0 50 55 7 15 25 7 42 45 45 17 20 44 4 8 35 48 4 32 7 34 5 42 32 18 8 8 40 7 2 1 23 7 46 36 36 29 54 53 13 9 19 33 51 9 32 19 56 9 22 43 12 38 55 42 4 18 30 56 32 16 26 47 32 24 31 4 4 33 57 40 39 16 15 26 12 52 24 52 26 47 58 42 11 26 19 23 6 28 33 40 29 35 50 27 12 34
12 17 56 21 31 52 48 43 0 3 42 58 40 29 55 34 12 36 16 20 17 22 30 6 39 39 45 11 24 30 41 33 59 55 0 8 17 36 50 36 18 31 50 21 18 52 3 45 13 7 17 45 18 15 13 35 32 59 7 14 2 30 59 57 20 54 31 34 14 1 28 40 42 23 59 10 45 33 21 23 53 23 20 1 55 7 54 9 53 21 10 2 47 21 16 12 37 50 21 31
41 59 24 32 9 41 2 10 13 2 1 30 19 41 34 23 39 31 38 2 9 16 56 13 28 20 1 30 42 22 43 40 49 0 31 38 44 10 54 54 7 9 55 58 52 5 25 5 44 53 41 54 42 41 8 20 33 16 44 7 30 28 0 41 1 29 4 33 24 32 5 38 31 19 25 16 13 51 33 9 9 13 0 14 3 28 51 33 23 19 52 25 5 8 52 50 57 30 56 48
49 51 40 59 19 48 34 52 5 54 43 33 26 51 2 41 20 43 8 0 44 26 17 45 57 33 48 15 54 14 32 57 30 17 48 18 53 14 54 55 40 0 44 34 35 31 4 9 14 54 55 40 25 33 32 33 24 57 12 43 45 0 54 48 23 12 35 38 16 55 51 35 45 17 58 49 38 55 34 42 37 16 2 13 26 7 1 13 20 29 50 11 56 18 35 15 14 51 57 6
55 1 35 39 30 22 17 33 40 55 17 44 56 13 43 42 42 32 9 21 53 0 31 7 23 17 32 14 13 53 31 42 0 27 7 26 41 4 29 41 8 34 11 15 12 52 23 15 41 57 42 59 20 5 0 59 41 40 23 56 26 11 2 49 31 56 19 46 23 17 27 45 18 25 56 15 27 48 34 52 49 47 16 49 23 2 34 47 13 46 15 23 46 18 2 16 20 3 50 32
42 26 5 28 18 40 31 51 22 28 47 18 11 10 24 59 3 48 0 7 29 43 42 37 49 4 28 18 41 19 23 2 22 24 0 41 25 56 12 10 55 52 9 8 32 5 52 53 30 3 24 8 3 35 5 29 36 30 34 29 56 24 23 47 14 58 25 33 34 10 45 41 6 37 13 40 49 2 22 53 40 46 24 46 20 23 18 43 37 19 27 20 8 25 56 54 51 11 18 22
21 17 29 46 18 44 15 28 48 29 38 40 13 49 14 54 26 46 30 17 38 54 57 39 50 36 8 17 44 7 48 46 8 1 12 22 39 46 55 45 12 0 19 31 14 6 51 13 24 49 20 22 26 40 49 46 47 40 0 44 55 38 17 16 55 49 39 27 3 24 50 34 24 10 15 58 9 58 49 19 46 38 7 16 6 32 36 45 4 25 32 43 44 53 12 14 23 16 52 1
18 6 37 13 5 34 5 39 48 34 24 53 6 23 44 56 22 14 8 32 34 12 36 54 33 50 24 51 1 42 42 2 34 16 4 52 57 40 50 20 55 56 32 20 23 26 53 8 50 9 21 49 56 2 41 44 20 56 5 56 57 2 0 25 44 15 12 49 8 6 2 18 14 15 16 21 4 34 35 19 34 43 45 16 8 55 28 49 36 7 43 14 50 3 45 24 25 11 9 8
34 32 44 41 41 8 31 26 8 56 54 30 30 45 52 11 48 46 34 50 6 32 36 57 2 22 36 4 11 43 42 14 25 5 19 42 37 22 15 12 35 47 1 19 19 57 18 47 9 10 42 13 40 14 38 40 9 16 2 58 1 44 8 4 0 55 4 31 7 57 53 21 52 18 18 15 59 32 18 17 0 18 31 4 31 41 30 40 21 53 25 13 17 47 55 49 6 2 43 39
58 9 40 17 48 12 44 13 41 27 46 41 8 29 28 5 48 4 8 35 24 1 30 3 27 58 24 11 8 41 21 12 18 47 8 12 4 52 14 34 56 1 27 41 36 40 33 40 5 9 54 5 42 50 45 37 26 6 2 7 47 29 13 23 46 9 14 2 51 0 49 47 3 26 30 50 40 22 48 15 9 50 43 9 4 16 38 44 7 32 39 6 43 10 13 43 9 9 56 46
46 59 22 34 7 5 59 8 51 53 36 59 23 30 26 29 51 31 4 39 53 28 6 32 32 33 43 28 30 18 55 42 37 2 16 32 45 51 21 41 50 27 31 5 28 28 29 7 16 17 37 56 23 17 11 19 54 0 21 32 20 39 1 43 18 7 49 10 22 0 56 34 30 53 42 14 17 6 40 28 51 37 15 58 11 22 18 37 30 56 3 28 41 11 48 25 23 16 38 50
5 55 37 27 35 13 43 25 39 15 35 19 54 28 13 4 14 13 9 56 51 29 26 42 15 56 32 31 38 23 47 19 50 5 3 4 58 34 24 18 5 42 40 2 45 35 26 38 42 11 19 53 46 29 42 40 39 16 48 39 1 38 40 9 46 10 18 32 34 50 8 24 24 46 27 55 33 47 19 53 24 59 26 0 42 49 26 58 21 48 47 28 39 11 6 21 5 39 50 38
9 36 57 21 59 35 23 49 14 35 41 2 17 38 6 30 6 39 29 26 19 57 43 38 3 6 42 7 15 50 53 6 37 48 23 21 39 3 26 14 39 40 0 57 43 35 50 11 58 36 37 30 22 9 45 27 45 26 49 39 1 54 9 43 29 23 36 13 20 52 42 16 56 49 58 20 11 19 1 6 56 58 55 54 42 7 26 53 51 35 25 15 38 5 42 21 4 53 39 27
55 44 34 14 53 4 20 52 6 21 23 57 6 57 9 44 41 48 39 0 12 46 53 1 25 23 29 53 25 51 4 1 43 51 58 46 48 1 7 14 29 11 55 3 35 44 0 36 28 40 38 41 0 24 14 20 37 11 26 20 47 42 3 11 7 46 2 23 46 33 49 44 3 51 34 14 22 1 39 30 27 47 59 7 7 17 43 59 34 23 30 20 13 48 3 1 27 49 45 39
27 8 12 59 0 37 20 3 41 52 42 23 54 52 0 29 28 37 47 7 23 32 15 34 14 49 40 38 52 56 13 39 15 31 8 33 59 35 29 5 38 25 35 13 18 34 42 23 56 0 23 46 20 12 40 59 25 7 15 34 39 43 6 16 8 30 4 58 24 48 49 57 7 44 59 19 19 8 32 11 19 48 23 21 31 49 47 43 4 58 27 7 17 10 32 32 2 45 44 56
58 28 24 46 9 17 34 49 20 22 43 56 4 45 8 47 33 11 9 14 30 51 51 42 16 22 18 32 5 26 52 5 24 37 3 35 31 13 6 9 23 40 58 22 20 59 55 4 48 37 45 25 38 47 21 23 25 44 9 13 24 31 3 33 55 33 16 18 16 30 4 11 31 5 3 55 4 52 36 12 35 16 44 16 23 20 28 13 7 10 25 49 17 7 51 17 28 47 30 3
4 34 7 33 34 21 41 47 13 23 47 30 12 9 24 18 47 30 10 9 45 43 28 26 30 22 53 48 6 11 38 3 4 27 32 26 17 3 19 11 46 7 29 51 42 8 41 49 48 5 33 7 40 58 32 11 45 15 54 53 54 56 34 2 29 16 56 17 38 11 36 25 36 45 24 35 16 40 59 56 12 29 1 55 25 47 34 6 33 19 19 23 0 12 37 48 14 22 22 15
32 50 43 22 51 24 23 4 40 24 47 49 43 21 4 6 13 38 27 34 20 31 45 49 54 10 18 59 13 12 14 4 45 27 53 9 50 33 57 53 37 0 11 5 31 45 35 27 40 53 15 13 13 21 49 3 13 42 43 10 43 24 26 10 6 3 44 19 56 53 54 20 28 6 51 17 14 13 3 2 55 14 22 5 44 8 21 0 54 22 36 1 30 10 18 45 38 20 46 30
19 8 43 13 32 8 30 21 37 25 1 51 3 43 34 39 20 53 53 55 38 49 25 15 40 5 10 42 34 59 40 16 42 58 36 58 32 31 2 56 57 55 24 21 48 48 17 19 4 27 41 49 38 46 26 58 51 11 52 37 37 33 48 17 50 18 39 45 9 2 7 32 14 32 17 7 10 15 4 44 36 48 24 15 28 50 18 38 20 3 32 28 18 29 49 3 46 52 33 47
41 57 38 28 14 11 17 30 56 37 28 12 0 15 28 11 48 43 5 36 1 6 19 0 29 21 3 5 49 58 34 21 2 29 15 33 1 20 18 33 0 46 23 30 17 19 3 13 50 35 10 41 57 56 43 56 25 24 54 23 39 21 35 18 13 49 53 53 47 21 43 5 7 35 14 15 38 55 18 36 13 59 12 24 55 56 17 48 59 15 51 7 16 45 26 35 21 54 47 59
45 28 25 18 30 56 29 38 42 9 32 34 2 39 7 21 3 8 3 22 3 14 8 43 56 44 54 37 46 23 21 46 29 57 3 8 5 38 58 32 18 16 10 7 35 52 24 12 56 30 51 52 29 2 4 0 45 52 47 22 35 41 32 4 34 59 13 16 47 8 35 23 13 9 3 49 4 17 45 40 51 23 0 15 21 0 54 42 49 5 12 43 40 15 34 54 27 51 31 28
17 11 0 20 30 48 13 39 12 57 29 11 58 36 15 36 56 32 44 1 37 43 53 2 34 28 20 52 55 49 30 23 57 0 30 27 41 20 15 55 27 49 36 45 53 30 28 43 5 33 30 5 51 19 33 10 36 30 28 34 45 57 33 5 10 28 19 22 59 12 7 47 2 19 29 40 35 38 43 55 35 9 41 57 22 6 14 58 20 35 8 48 1 22 28 15 41 28 12 48
42 32 12 6 1 42 46 30 2 6 58 4 25 40 42 51 54 7 55 22 17 42 53 28 47 8 34 15 30 39 32 26 46 34 29 27 55 22 24 47 50 4 51 42 57 26 4 59 17 29 34 25 37 54 4 40 48 5 47 40 22 44 39 44 14 13 55 17 52 11 2 50 20 25 25 30 9 51 34 10 52 33 53 23 33 56 49 38 14 43 34 41 28 43 31 27 4 31 41 48
57 18 54 57 11 53 31 4 1 41 43 40 11 50 7 24 54 42 16 53 24 43 28 21 55 41 22 55 9 28 34 25 46 0 45 17 9 28 52 2 15 57 34 44 37 27 45 52 53 51 34 22 7 55 16 58 35 2 21 29 11 55 43 41 52 10 18 27 29 18 57 16 46 43 48 28 58 50 19 13 42 57 18 33 36 42 44 39 58 21 32 6 28 44 20 58 7 40 1 10
36 13 30 49 15 44 46 40 47 23 26 52 33 24 11 56 27 47 44 33 16 20 16 11 38 57 9 32 15 9 59 13 4 58 36 40 44 58 34 56 50 35 8 55 25 58 48 45 34 39 12 31 15 6 16 50 28 37 57 33 48 2 18 55 14 23 19 16 54 58 59 47 37 32 33 56 40 51 4 50 36 56 32 14 19 8 0 1 49 51 26 46 30 49 5 1 17 8 5 54
49 45 17 58 2 42 55 28 52 21 39 51 1 49 14 2 36 48 37 38 17 44 0 44 7 2 56 40 20 1 2 51 8 56 48 0 15 45 39 53 36 3 28 21 48 2 29 7 3 27 34 8 30 31 38 55 31 24 32 35 6 12 11 33 41 13 15 20 8 28 21 52 43 32 50 3 53 27 31 22 46 1 18 35 32 5 13 55 26 14 45 27 1 47 12 43 31 46 49 4
33 5 30 30 4 14 44 8 22 19 58 55 22 10 21 8 10 57 15 37 28 35 53 38 51 28 56 36 57 6 11 15 33 35 16 48 7 38 16 23 0 32 26 24 58 15 31 48 43 18 24 41 51 2 11 54 46 46 9 12 46 8 15 50 22 23 21 55 29 1 42 18 59 53 21 9 13 33 17 27 54 3 45 58 7 58 54 36 0 57 57 49 48 13 2 8 23 54 5 37
26 15 26 9 51 40 14 47 9 3 15 23 25 47 54 23 6 7 32 54 34 49 27 27 56 31 12 25 16 45 44 30 8 53 35 41 0 47 41 24 45 30 24 54 53 50 54 12 39 44 17 38 28 14 13 1 0 38 6 49 58 42 2 10 0 5 31 18 7 42 49 30 12 40 53 10 6 1 8 47 15 46 34 57 8 10 17 54 50 28 23 33 41 14 35 42 11 52 52 6
56 55 57 35 42 38 48 27 1 17 48 57 37 46 12 39 46 7 8 21 15 47 22 39 7 12 53 31 38 51 5 37 52 51 42 55 52 27 49 20 49 42 24 39 30 3 12 28 1 50 20 7 41 9 50 50 22 24 40 15 46 1 47 4 56 59 22 16 48 2 25 25 5 16 11 17 57 2 28 6 12 31 6 31 4 50 52 55 21 49 42 58 53 54 44 32 43 9 58 37
49 41 54 49 26 54 48 5 4 4 1 42 2 5 39 48 59 47 16 6 45 23 23 35 6 24 47 29 57 49 45 26 21 41 20 55 30 44 2 26 48 16 56 55 17 6 54 26 39 51 55 53 41 47 49 1 38 46 3 40 2 24 34 21 14 15 51 24 26 58 12 44 4 14 16 28 8 34 32 33 8 41 35 19 25 45 20 38 42 10 10 51 9 26 58 47 15 32 25 50
37 54 35 14 55 2 54 37 24 43 33 58 4 55 8 53 57 0 18 31 18 15 34 53 21 36 50 7 34 28 53 22 45 3 50 21 32 33 25 51 9 48 3 16 7 6 40 30 8 52 17 19 46 30 36 28 25 54 5 14 10 22 55 14 14 44 9 2 26 42 22 43 24 2 40 50 47 3 1 56 52 26 42 6 45 56 15 8 49 27 19 41 13 17 15 3 50 6 34 11
54 48 38 13 10 3 6 30 6 34 14 33 24 52 49 2 25 20 7 35 39 56 47 50 33 44 42 43 41 33 59 57 20 24 59 43 45 38 47 49 19 17 39 53 5 59 47 59 41 22 23 43 31 39 22 49 0 24 6 18 46 3 56 35 18 36 41 56 35 2 1 18 1 9 26 26 7 22 44 28 40 27 21 55 48 18 29 17 9 7 59 34 9 6 45 50 26 25 30 35
45 6 12 56 4 11 18 35 53 44 52 40 56 48 33 36 11 49 47 38 37 20 24 39 2 35 21 56 43 35 23 40 42 22 43 56 26 51 21 19 42 30 14 54 36 5 18 52 34 28 28 27 47 16 18 54 29 17 34 21 6 14 8 36 44 1 7 35 51 12 59 51 11 17 58 35 18 23 43 29 14 18 38 52 35 3 1 48 51 38 25 54 5 48 27 1 16 14 25 33
43 45 42 53 53 16 6 16 49 32 36 21 54 22 9 19 16 52 10 0 24 8 44 52 46 52 15 30 37 13 20 47 56 43 11 20 55 0 43 29 23 39 16 21 26 30 20 42 52 35 45 26 36 55 31 12 14 15 4 58 1 11 31 24 20 50 55 45 16 45 4 47 55 5 10 30 50 9 32 35 6 27 33 26 39 30 1 18 42 23 11 34 21 32 17 10 36 56 7 38
26 40 59 33 56 41 44 23 40 58 15 47 38 57 27 37 35 55 32 59 45 43 46 2 2 13 51 18 49 42 10 25 58 7 54 54 11 40 32 13 51 9 49 31 9 11 24 4 28 24 36 3 26 27 59 28 50 14 37 49 4 5 37 16 14 41 40 30 25 15 56 49 21 9 13 11 54 27 14 36 55 17 46 42 36 12 5 41 36 35 2 8 22 27 13 25 51 38 10 44
46 54 34 23 58 50 54 28 40 5 13 28 33 45 54 45 1 58 44 57 38 25 55 45 15 17 58 15 37 43 34 52 18 2 1 4 21 17 45 50 31 39 40 32 54 4 17 46 13 23 58 24 28 43 51 38 48 48 28 10 36 52 31 1 3 57 32 36 2 24 16 0 51 8 34 46 49 33 40 48 58 11 4 36 32 57 46 49 19 27 36 2 41 31 54 54 55 51 25 41
39 38 8 46 4 52 0 49 3 52 9 16 41 1 33 52 54 10 37 34 57 41 45 58 47 33 4 0 38 43 21 11 16 0 25 54 30 19 35 6 30 37 53 29 6 24 12 44 23 38 24 51 35 8 49 21 5 24 17 40 26 46 55 8 30 22 18 19 2 7 35 43 59 33 54 23 4 1 29 28 1 50 33 29 10 38 15 42 0 40 52 53 19 30 12 53 23 42 44 16
10 9 54 48 31 22 8 42 46 50 16 50 33 2 57 33 24 27 7 10 45 12 30 59 52 22 52 43 24 7 9 12 52 10 9 8 45 46 46 5 7 10 40 42 45 7 6 53 5 17 8 16 9 34 52 6 4 4 38 21 52 47 46 20 48 52 16 1 5 54 0 48 38 57 9 31 23 16 32 23 38 55 13 48 48 41 32 24 8 6 40 54 3 33 14 42 56 31 13 25
27 23 1 36 39 13 14 49 7 48 8 44 6 42 8 15 9 24 24 47 10 37 44 27 5 15 56 52 16 9 25 1 10 35 25 58 40 58 33 25 54 56 23 46 19 1 4 47 43 18 50 51 25 2 19 57 49 45 19 22 45 11 44 32 52 34 57 12 16 58 18 52 31 51 31 27 42 51 33 6 8 55 14 39 2 54 13 53 17 43 34 45 56 14 35 44 29 25 32 5
39 54 44 46 35 45 22 59 19 41 15 21 49 30 32 39 30 19 20 58 7 7 48 29 17 9 0 39 6 44 24 12 3 49 59 19 20 59 55 20 8 12 23 48 36 19 4 59 1 24 1 36 50 36 26 52 58 45 20 56 51 15 45 47 15 45 55 28 27 17 17 59 56 14 3 31 22 54 3 19 52 5 26 30 48 45 46 11 32 32 7 44 0 40 30 22 32 58 42 29
5 25 56 57 49 3 10 33 30 23 13 17 2 56 41 25 2 10 43 53 36 25 56 54 21 8 22 54 27 6 41 23 41 39 13 14 34 9 35 59 59 38 27 4 51 13 15 28 19 41 50 21 24 35 52 43 54 14 12 7 52 56 8 1 14 19 27 38 9 32 23 17 15 56 37 46 59 10 13 7 47 55 24 50 3 30 44 1 14 7 8 22 32 43 20 38 47 23 45 18
29 19 28 55 12 59 12 12 16 45 11 47 14 3 19 11 35 44 15 16 32 53 41 27 44 36 9 46 22 4 13 37 3 53 5 19 55 25 55 18 28 5 3 47 37 55 43 0 41 2 19 14 42 37 58 44 54 31 44 5 23 20 14 28 16 27 48 18 16 31 52 27 28 3 0 10 1 46 16 36 15 34 48 34 8 53 8 8 28 11 55 19 38 26 59 34 35 26 43 22
30 39 37 3 3 39 36 14 33 50 55 7 16 24 31 40 7 37 27 2 47 48 15 32 3 37 25 11 11 28 47 34 47 16 2 34 40 55 9 25 47 8 57 20 31 56 2 12 30 25 50 17 23 0 17 44 25 38 30 2 15 45 27 55 27 44 6 56 19 25 20 20 8 37 47 20 12 12 1 0 6 56 31 8 8 52 18 23 53 59 42 47 39 34 12 25 56 47 46 11
40 24 15 55 10 55 7 8 6 26 25 14 28 34 4 22 16 19 52 34 51 17 1 12 19 37 51 53 39 21 42 38 57 35 57 58 53 54 15 17 34 13 41 19 31 28 19 10 26 27 33 44 27 35 40 33 2 30 42 50 52 12 58 18 5 49 16 49 12 49 57 53 33 19 24 6 48 49 35 18 44 33 48 47 4 1 13 36 41 34 55 2 8 51 44 21 5 37 43 27
37 42 3 4 33 52 25 53 40 14 13 29 40 45 24 42 3 27 46 31 38 30 36 32 10 36 58 8 40 58 53 20 25 13 19 3 24 29 33 40 36 43 5 59 38 30 39 50 23 42 1 5 43 41 30 18 43 56 10 17 5 40 10 37 42 18 53 5 25 49 48 41 19 58 55 43 37 44 41 19 24 2 28 11 3 30 49 13 38 31 59 35 42 9 52 49 50 12 22 50
49 54 12 38 19 41 37 50 29 4 14 13 7 38 25 15 56 19 50 23 7 38 33 39 1 18 4 1 15 39 19 7 20 55 23 18 11 18 36 1 32 14 53 20 38 14 57 52 58 16 54 49 48 56 21 28 40 46 19 31 12 31 2 17 1 5 7 31 2 3 55 16 49 35 40 25 50 46 53 34 21 3 30 43 1 55 48 59 2 25 11 9 15 7 15 11 49 55 20 30
17 24 52 58 48 2 25 36 50 39 49 43 36 2 5 36 50 31 11 27 31 56 54 20 28 58 4 9 46 26 5 25 15 46 48 47 10 26 55 47 47 51 44 33 43 37 43 45 19 26 27 15 28 22 31 55 51 1 23 11 12 34 15 32 39 47 36 43 10 43 54 51 24 24 9 28 27 14 39 59 56 12 12 4 18 34 26 58 52 27 3 27 53 21 19 3 55 19 16 29
43 2 13 13 32 55 37 24 40 41 24 49 16 3 19 9 46 28 35 21 54 0 27 9 34 18 45 5 13 30 48 34 55 56 34 29 18 58 11 2 53 59 22 30 4 2 11 54 39 5 48 45 41 53 18 51 37 10 27 12 7 16 34 44 15 15 39 56 45 14 43 7 7 8 48 20 14 44 56 43 38 22 12 13 33 20 59 46 16 42 21 13 53 5 25 18 50 17 45 52
31 39 0 5 33 26 12 35 13 46 0 55 3 21 24 0 31 22 54 55 44 30 3 43 36 12 7 46 13 20 53 19 14 30 39 47 18 21 59 47 35 0 42 13 36 26 12 11 40 2 43 21 27 40 42 54 2 8 2 15 38 36 59 23 7 37 52 9 38 21 14 20 59 1 5 3 56 25 44 58 4 38 55 40 47 35 58 30 21 40 41 38 45 14 56 18 25 50 10 27
15 12 42 33 8 55 7 26 38 17 47 18 26 53 28 53 58 22 14 32 49 29 50 40 56 41 23 23 58 25 3 31 15 56 52 2 6 33 50 40 11 15 6 9 32 32 22 10 9 27 16 40 6 33 54 34 23 57 29 54 20 14 46 54 16 59 17 4 12 50 53 30 43 50 5 1 51 58 52 39 46 1 8 34 49 11 6 47 42 18 38 19 26 55 3 34 12 23 16 46
20 5 43 56 56 59 23 44 29 25 39 6 15 47 16 28 54 48 36 15 33 0 0 4 26 33 42 33 1 9 37 51 26 37 18 1 27 0 17 1 14 13 10 19 22 11 0 15 38 14 29 54 21 37 5 36 51 41 11 12 53 23 25 9 16 11 47 19 49 37 10 36 29 51 48 16 46 39 13 35 28 40 11 13 42 23 52 22 53 25 42 1 1 1 23 25 25 39 49 58
0 25 59 12 4 18 33 36 41 5 58 27 18 34 9 7 57 27 34 1 46 50 20 22 57 22 3 7 2 52 32 58 33 5 50 48 39 2 37 1 28 21 38 56 4 39 55 58 58 11 8 16 23 41 6 44 34 35 20 12 41 0 57 8 56 59 20 30 4 58 18 33 52 5 57 29 59 35 19 32 3 1 52 22 25 13 20 8 15 1 21 58 7 32 9 5 56 51 40 24
21 15 33 13 5 1 39 22 58 31 38 17 51 15 12 1 44 31 29 54 57 17 14 10 58 32 37 41 47 2 47 43 15 43 7 28 22 46 26 35 7 22 53 0 21 16 42 6 25 23 52 12 59 29 36 45 46 27 34 41 34 46 31 52 35 49 19 55 5 2 49 34 49 2 14 8 1 13 4 16 36 50 38 27 50 18 48 24 38 51 4 0 34 23 49 38 34 9 43 41
29 28 56 30 18 22 23 18 32 42 10 1 59 22 1 47 53 26 15 48 20 6 55 56 41 6 14 32 27 59 0 5 24 16 36 1 17 28 22 8 44 27 32 28 53 41 42 44 55 55 58 1 24 31 24 5 14 24 7 43 52 18 42 1 34 59 30 34 36 13 17 51 42 50 37 2 31 44 18 9 0 39 25 30 32 50 34 34 9 18 11 15 4 35 24 32 50 28 50 27
45 28 32 58 21 34 14 22 13 13 3 37 19 42 37 53 9 17 0 35 41 17 56 6 56 10 18 0 36 39 48 33 37 53 57 44 29 2 11 12 23 46 39 14 51 18 46 41 13 8 44 16 50 38 19 30 1 34 26 17 56 0 28 20 21 19 52 16 47 29 29 22 52 58 43 17 7 16 59 57 12 22 30 39 45 10 52 38 27 42 7 59 10 15 50 47 20 13 40 54
28 29 26 3 42 19 19 8 36 27 21 29 47 48 57 45 11 57 53 22 4 3 9 9 37 45 14 59 40 23 29 38 17 24 27 39 59 31 47 0 38 28 52 40 3 15 29 16 10 1 1 14 15 17 50 28 4 16 49 20 13 41 53 13 20 46 44 20 9 30 30 14 48 31 30 32 27 41 4 55 4 7 17 15 4 53 12 29 5 0 34 43 41 43 55 37 52 40 35 26
26 19 59 59 42 53 45 13 10 0 10 14 58 27 47 9 7 16 44 6 54 44 41 51 15 4 4 1 2 1 54 3 39 14 23 32 49 6 43 6 12 11 1 27 12 36 24 41 45 45 35 5 20 16 10 58 24 10 8 57 19 55 16 35 20 52 28 38 20 41 27 28 57 19 16 13 1 18 37 28 0 43 30 30 19 33 16 11 7 48 37 16 55 18 40 35 24 24 25 29
52 41 51 44 20 19 28 12 40 26 26 43 26 7 46 43 35 25 12 32 12 39 57 17 45 49 10 33 38 29 47 58 2 54 0 2 9 17 15 2 15 26 27 8 58 15 22 36 20 16 54 14 18 19 53 55 56 21 3 59 49 29 11 23 31 2 59 9 39 9 0 49 4 11 13 20 37 32 8 27 50 47 20 40 24 30 41 41 55 16 4 42 29 48 32 19 6 30 28 20
43 14 22 54 38 29 3 46 13 26 27 47 29 43 25 14 6 18 14 15 6 44 42 7 35 36 7 22 30 12 9 56 4 46 49 49 5 45 2 34 8 25 1 46 45 16 13 28 17 7 59 0 2 39 49 23 17 56 9 9 38 20 6 52 56 21 42 12 45 37 27 43 56 25 37 29 39 41 48 20 16 52 42 8 28 46 24 47 20 10 47 44 39 8 42 52 59 42 16 46
38 51 35 37 10 27 12 39 9 8 37 28 6 55 55 47 16 54 41 43 17 46 27 8 56 9 31 53 48 53 45 23 59 16 6 8 11 15 30 35 3 46 9 5 27 5 3 40 4 4 51 15 44 58 33 34 55 13 44 59 55 22 11 21 3 7 59 27 31 6 38 18 6 19 54 44 1 48 22 48 5 31 51 27 1 22 43 37 15 45 2 19 42 3 54 50 17 36 39 24
16 7 16 8 57 51 49 25 49 27 9 25 48 0 48 15 8 3 25 16 24 41 13 12 36 52 19 49 41 52 6 0 33 26 48 31 10 51 49 39 9 0 30 58 59 55 41 41 34 1 39 34 28 35 46 8 18 35 54 15 5 27 8 15 23 21 46 36 15 23 58 0 40 17 6 29 12 12 15 13 33 1 17 8 45 54 0 7 17 37 34 34 15 0 38 39 7 37 5 42
0 35 54 35 7 51 49 19 7 31 38 7 24 16 32 20 37 30 26 23 2 13 8 8 16 59 50 7 58 32 4 1 6 6 22 37 7 2 38 3 46 6 41 21 37 47 0 8 25 25 31 18 57 37 22 11 39 43 50 31 21 4 41 37 20 36 47 43 40 57 32 15 44 54 12 0 54 52 37 42 47 33 56 47 9 23 32 35 54 22 31 36 23 42 16 39 11 19 52 54
33 13 9 50 31 37 6 19 19 41 16 13 39 59 20 33 29 36 36 13 54 33 43 7 56 52 4 39 47 10 15 16 55 4 35 44 25 49 13 54 2 22 3 34 16 13 5 23 11 8 11 51 26 5 9 27 7 16 23 43 34 56 2 46 38 58 47 54 54 20 41 30 31 37 11 6 46 51 17 30 17 55 1 50 47 50 23 20 9 44 54 31 32 40 56 24 59 23 45 23
46 24 35 19 51 45 2 56 17 24 51 18 12 33 30 31 12 41 44 42 3 25 23 33 27 31 32 16 3 7 21 10 11 56 28 27 41 54 29 39 8 40 42 8 51 33 59 5 24 49 58 2 53 46 59 20 17 35 37 12 40 6 5 1 50 15 7 27 35 18 7 3 50 10 16 33 37 50 35 51 33 59 20 16 21 49 57 48 4 31 46 53 4 2 0 27 46 4 57 47
17 35 34 55 5 6 55 42 0 32 59 38 9 28 37 40 34 35 43 2 41 22 8 15 21 11 39 55 16 54 22 12 44 15 15 18 47 46 38 8 2 0 56 25 44 35 25 31 9 31 54 18 0 47 36 40 21 41 47 42 26 7 32 19 43 54 47 56 47 21 32 9 23 58 23 31 1 23 50 25 25 32 53 29 59 15 55 25 38 40 36 37 38 58 24 49 14 20 49 32
34 17 53 57 47 5 52 45 57 37 9 52 23 13 52 36 50 34 8 5 5 41 0 6 8 55 49 48 39 8 28 18 17 45 15 37 1 58 58 8 1 14 50 21 1 45 9 15 18 30 28 3 45 47 34 51 48 38 24 27 33 37 4 20 16 36 27 41 38 17 17 38 19 35 11 53 30 29 30 1 37 5 33 24 44 48 25 25 50 37 52 34 13 52 43 58 2 12 45 8
35 10 44 5 47 4 50 42 31 9 19 46 33 18 52 45 5 55 31 56 13 54 28 5 13 58 34 46 21 43 4 25 5 50 16 50 59 59 32 28 38 51 56 43 47 13 59 11 23 22 29 10 10 41 31 26 36 54 29 7 40 30 44 28 37 15 25 41 53 0 4 36 24 40 11 12 17 20 44 53 21 58 38 54 30 12 50 35 53 44 3 32 25 4 25 42 37 22 0 31
55 35 31 31 7 42 53 18 25 29 31 28 52 48 14 22 7 43 17 0 4 13 56 47 55 40 22 26 8 56 21 26 15 23 17 11 43 33 30 32 19 58 52 10 26 28 11 38 0 9 21 24 36 45 43 45 53 7 50 25 43 50 46 6 2 25 26 53 54 48 49 58 16 49 33 31 21 29 16 43 6 44 12 32 3 39 45 15 37 15 24 57 22 58 14 32 55 7 32 21
3 41 29 31 11 28 11 25 22 34 46 28 50 45 55 58 56 52 42 23 33 21 19 43 41 22 5 41 36 56 56 50 13 4 26 52 27 39 8 53 5 23 28 11 39 5 6 0 46 13 32 33 17 42 44 31 4 21 9 2 2 4 29 45 15 51 2 47 59 41 37 47 55 5 52 36 31 1 14 13 23 41 54 55 2 51 27 16 6 35 21 17 28 33 53 43 59 17 5 59
18 25 13 47 49 44 27 49 58 54 32 6 40 13 50 51 3 37 20 13 28 50 28 12 55 57 9 25 55 37 6 18 13 51 40 59 23 34 35 59 58 50 41 3 27 51 32 56 35 8 55 1 55 36 11 3 46 0 26 40 21 24 45 3 3 31 16 18 23 15 41 14 35 31 26 49 6 16 51 51 38 7 14 42 41 1 39 45 32 10 37 32 20 8 29 39 26 30 31 12
58 21 0 51 6 23 33 54 51 47 41 52 19 33 21 23 35 31 14 52 21 13 27 34 0 43 5 30 20 53 27 28 7 19 15 41 19 36 53 27 6 4 43 0 20 3 22 13 5 19 57 16 11 56 25 51 22 18 27 11 12 37 10 4 41 14 57 57 5 39 1 23 15 18 58 6 39 35 10 29 31 29 40 11 54 27 0 41 43 35 59 37 32 42 56 11 36 53 54 38
9 44 53 29 46 25 5 2 22 10 3 57 31 1 22 25 28 55 0 33 59 29 42 22 23 38 50 11 52 3 19 57 11 25 22 25 17 45 26 4 27 19 9 23 25 3 17 32 7 5 17 30 40 58 1 5 0 50 8 50 12 23 41 7 26 52 21 17 38 40 2 52 8 8 44 11 43 33 24 6 5 14 39 51 38 43 38 50 28 56 52 11 2 23 43 51 3 26 24 47
11 0 0 43 28 6 0 25 23 20 47 13 18 17 49 54 15 57 0 11 22 22 51 26 58 59 13 43 45 21 28 35 38 36 12 33 36 29 17 54 13 50 50 11 40 51 21 48 31 49 24 58 20 57 23 48 45 24 6 26 36 12 54 9 27 55 40 26 7 52 42 14 10 14 12 36 26 58 35 47 34 36 3 56 21 29 28 28 5 1 31 14 43 47 27 46 56 26 35 20
31 26 24 41 22 4 42 31 45 43 22 43 35 38 36 49 15 44 38 32 55 19 10 39 7 22 37 34 31 12 6 36 4 29 19 7 10 12 33 56 29 7 2 24 12 18 12 41 47 36 46 23 58 27 53 41 36 51 59 26 28 4 31 29 50 29 52 32 39 34 34 46 40 24 44 1 42 10 27 39 11 3 39 52 12 48 30 54 25 23 4 49 16 53 40 22 20 13 55 43
55 31 7 17 7 29 8 36 51 25 25 56 9 22 50 55 3 43 15 13 40 9 1 51 45 2 24 55 25 9 41 0 30 18 53 28 35 22 22 23 34 43 11 14 1 25 28 40 18 17 25 50 31 46 32 48 33 23 55 21 43 18 20 40 24 19 35 27 38 38 22 23 23 39 34 19 48 56 59 52 9 9 44 24 26 14 8 47 9 22 34 45 29 56 31 59 49 18 19 59
51 49 37 50 15 2 17 11 5 51 30 57 29 44 58 26 11 51 53 58 43 35 51 5 4 26 14 58 36 58 17 28 50 44 53 48 57 36 33 55 31 16 44 32 3 50 10 57 4 53 47 32 42 30 6 51 59 21 56 34 23 19 45 2 5 46 32 28 50 45 12 12 50 35 34 37 44 1 11 27 1 3 15 39 51 19 8 28 33 5 52 46 39 27 2 35 12 12 23 33
35 44 7 14 38 42 54 48 11 54 30 22 55 56 2 4 44 31 47 42 20 9 42 12 53 32 5 39 28 24 4 16 25 18 6 23 27 0 7 11 11 50 33 29 12 14 49 0 36 52 58 6 51 54 42 23 49 21 17 45 47 25 46 48 8 22 47 9 22 52 4 52 17 34 31 42 7 34 38 58 56 59 1 47 6 47 31 56 27 45 36 20 52 52 10 9 8 7 50 23
47 34 2 56 19 50 52 29 45 9 39 27 36 2 5 6 8 57 56 45 33 9 29 7 47 2 14 52 35 23 1 4 47 54 55 52 58 59 26 40 50 59 51 41 49 41 50 38 55 17 40 27 58 4 57 23 15 21 33 32 35 55 9 13 49 52 52 36 44 8 8 13 38 29 7 18 31 19 21 25 37 10 47 3 10 30 8 8 39 50 15 24 26 11 1 55 51 3 20 56
6 3 18 26 18 37 59 59 11 7 27 28 31 8 47 45 29 3 28 58 11 11 6 0 40 44 30 11 21 45 37 40 38 16 56 10 2 29 30 8 38 35 38 12 8 47 32 10 3 45 47 38 21 39 54 29 15 55 57 34 27 11 40 19 13 7 31 33 7 24 24 49 16 33 39 34 34 59 51 59 31 59 46 55 54 23 38 26 11 34 13 21 38 58 33 21 17 32 51 55
34 46 26 20 48 55 58 40 47 38 16 32 9 28 48 31 53 46 55 9 34 50 12 35 8 10 28 7 20 48 36 48 8 40 55 27 49 43 41 48 20 40 45 39 33 19 21 24 2 49 19 19 37 48 9 54 12 2 55 42 19 32 8 55 48 39 17 11 46 25 14 34 17 15 40 30 50 9 38 43 24 4 58 8 51 23 5 41 47 21 32 39 29 52 44 41 56 36 21 57
18 42 8 32 35 3 23 6 35 43 2 9 53 3 24 37 54 41 51 27 7 40 29 6 38 26 11 10 7 34 5 29 54 20 37 15 24 36 19 22 29 16 24 10 6 55 33 40 28 41 42 43 16 22 41 57 33 6 56 53 20 13 53 1 26 26 28 8 22 47 29 59 12 44 10 43 58 58 1 30 7 45 13 29 20 12 19 6 59 50 27 24 39 33 8 41 32 11 35 12
12 36 57 11 19 6 27 27 13 24 10 40 49 21 56 7 34 10 27 48 19 0 13 56 28 46 39 35 21 31 22 52 30 20 18 22 55 34 27 49 31 8 46 24 6 40 33 52 3 45 26 20 18 48 2 38 46 53 24 8 33 55 6 24 31 36 50 27 16 12 40 40 28 59 57 24 43 20 9 31 26 24 43 39 7 47 29 7 41 15 13 12 2 21 46 52 37 48 43 34
0 31 56 7 48 24 53 5 5 33 7 26 55 12 7 35 42 57 34 6 37 59 16 16 1 40 2 53 37 34 56 3 8 16 56 57 16 14 53 18 33 32 26 12 44 31 8 34 37 42 29 55 52 51 39 21 51 30 29 10 23 8 49 54 20 20 59 1 41 56 0 47 56 8 1 22 51 18 37 45 31 44 21 53 13 0 45 27 17 12 55 26 40 39 18 2 14 0 39 6
48 8 9 5 55 51 35 5 23 49 5 23 25 48 27 42 58 2 18 34 3 44 28 12 42 59 14 13 43 59 6 3 22 11 53 12 58 22 17 28 28 42 13 24 33 22 31 11 59 32 51 23 11 35 43 29 34 41 17 19 15 29 34 20 37 38 50 3 24 6 50 2 45 36 55 2 49 5 58 48 20 20 44 45 46 56 1 24 3 42 6 48 36 0 15 18 30 15 46 29
21 47 31 22 29 35 25 5 43 9 22 7 12 22 32 3 20 50 18 39 51 25 24 32 21 30 44 12 11 0 8 13 48 18 11 18 12 24 9 16 18 4 6 50 48 52 30 25 33 53 24 48 53 25 22 12 35 55 35 39 6 0 14 57 54 45 38 29 57 29 55 6 6 7 53 11 43 27 28 37 7 13 13 25 7 22 10 52 2 25 45 19 49 0 31 3 17 20 3 24
2 12 47 3 57 43 47 45 8 25 13 48 43 40 15 2 38 17 1 57 51 17 6 31 49 39 24 43 38 38 15 25 40 18 20 51 42 54 38 9 31 30 51 26 30 43 27 34 46 4 13 2 12 21 32 31 44 5 53 12 48 7 7 8 8 50 13 59 31 3 57 45 13 56 52 21 7 42 16 35 1 51 42 0 53 47 14 45 5 10 30 52 41 4 35 8 37 40 57 56
14 17 58 20 22 24 17 26 51 52 27 7 20 35 54 0 47 5 4 47 58 41 32 10 19 1 58 16 35 54 49 15 43 14 55 29 6 30 27 16 40 28 35 35 12 46 43 30 52 22 34 15 49 58 38 30 31 27 24 54 1 26 0 1 25 29 18 56 0 39 14 1 0 54 26 9 8 58 42 41 16 50 0 38 41 7 41 12 38 17 40 54 32 49 37 23 24 44 12 4
14 54 32 8 43 47 43 55 14 19 37 15 52 8 3 49 29 15 57 29 19 1 46 21 32 56 53 30 48 14 13 26 2 57 18 10 1 43 29 15 56 49 7 19 37 13 54 44 24 44 51 39 40 28 19 21 12 20 15 44 55 53 46 41 25 42 2 26 8 51 8 43 41 17 6 36 42 9 4 37 59 20 30 14 54 45 36 39 8 55 43 16 16 40 16 6 56 30 38 14
1 9 14 25 13 42 7 0 34 23 2 50 14 37 17 31 22 35 58 23 38 29 35 59 22 18 52 5 6 49 50 9 8 16 6 29 20 15 7 4 23 22 6 53 48 20 55 54 40 33 50 56 3 27 23 9 29 25 18 47 10 21 40 25 7 7 22 29 21 34 35 16 23 49 29 13 56 56 49 51 42 12 11 46 5 12 3 28 45 17 56 52 48 44 20 49 30 43 19 54
11 0 44 29 13 51 10 51 12 12 10 44 19 22 54 43 33 37 57 29 8 8 16 39 42 21 59 7 49 42 52 20 48 45 24 3 40 30 35 38 53 49 5 23 8 28 29 10 31 44 23 50 45 23 38 51 50 31 37 54 33 14 12 6 46 53 57 21 50 58 19 50 53 8 38 33 5 3 44 32 15 1 32 58 9 1 47 21 30 54 25 6 39 41 39 53 12 4 2 35
33 43 17 41 10 58 54 1 5 31 9 41 21 38 47 50 49 51 1 22 13 51 25 1 13 14 11 51 37 30 54 37 42 6 37 0 39 45 47 3 38 54 38 33 19 22 4 35 28 14 55 51 38 6 7 52 30 44 50 37 14 40 43 45 31 43 58 56 6 43 49 16 5 28 39 15 41 6 3 59 25 37 28 33 33 40 2 44 23 17 29 18 14 34 46 52 19 16 4 46
45 16 9 9 56 19 8 37 9 3 20 52 39 40 39 32 22 41 38 54 45 48 59 24 33 51 22 49 41 27 12 39 59 49 51 20 53 24 56 53 27 19 50 7 29 47 17 45 42 1 40 42 7 25 50 52 2 20 12 23 35 6 37 59 53 50 48 46 27 9 31 35 59 15 10 0 22 9 1 15 35 48 3 22 49 35 29 35 18 29 21 34 17 14 6 45 56 31 45 57
25 7 33 56 24 33 38 11 38 51 27 29 2 16 4 10 23 27 19 13 8 16 32 32 21 0 34 0 3 49 46 34 2 23 28 41 21 52 42 11 21 26 27 33 2 21 11 57 14 45 39 2 1 1 12 14 9 43 56 6 59 24 0 36 19 21 16 50 36 59 35 47 54 28 10 7 50 2 47 40 25 51 45 57 54 7 34 30 2 1 41 51 42 34 58 30 47 43 57 44
23 33 34 48 29 36 18 24 5 59 4 39 1 36 32 34 19 30 46 39 6 7 45 43 8 16 12 27 23 53 1 57 20 29 13 29 37 17 31 51 16 15 15 28 52 51 58 18 46 59 10 49 57 21 37 42 40 56 25 53 2 47 3 12 58 32 52 30 9 44 4 3 28 11 36 24 8 44 57 31 28 15 12 20 38 17 45 17 38 33 9 10 28 50 24 51 1 13 41 6
38 48 49 42 29 21 52 12 39 9 8 46 44 14 30 32 2 28 6 58 59 0 18 37 35 33 27 28 30 57 22 29 10 58 1 54 18 28 34 41 20 14 25 18 5 6 9 36 46 3 32 23 1 7 8 4 4 12 1 25 35 38 42 27 1 26 10 41 25 44 56 52 45 45 2 46 18 40 21 47 0 39 24 22 26 7 28 38 59 29 46 48 1 27 56 40 26 37 8 18
10 54 21 45 49 20 46 15 38 36 58 6 3 35 47 18 40 6 33 5 3 38 28 25 13 19 18 9 54 46 31 52 34 40 40 5 19 34 1 37 51 46 19 17 54 1 54 51 45 7 58 37 11 38 19 24 9 30 48 43 24 10 44 0 49 45 14 40 3 41 6 36 33 25 50 14 35 5 43 43 2 56 32 6 32 50 3 0 38 17 8 10 54 23 13 30 21 37 32 9
40 48 27 17 9 33 6 46 18 11 35 37 32 0 27 1 28 32 48 14 45 26 59 58 3 33 17 33 45 36 28 36 56 57 56 26 26 35 21 32 57 40 58 1 51 17 50 17 29 11 31 15 59 25 52 8 18 37 6 48 9 57 42 47 7 42 47 28 30 57 1 6 50 11 20 4 4 14 1 28 50 43 13 41 33 35 29 3 4 4 44 49 29 7 11 56 8 32 54 5
14 15 31 25 40 1 20 49 44 7 11 5 45 35 41 32 46 7 36 43 53 39 14 1 5 0 4 16 58 23 7 28 50 46 5 14 33 35 26 48 6 18 51 38 32 26 27 4 3 2 8 41 51 3 14 22 49 56 52 0 0 31 53 37 31 27 35 12 13 58 20 55 20 1 13 7 34 27 7 5 47 24 31 26 24 23 24 31 54 36 23 50 16 49 42 59 33 21 47 15
49 32 58 7 42 27 58 50 36 36 1 27 20 7 59 1 20 14 49 57 44 55 38 29 2 49 30 25 44 11 56 53 6 11 26 57 13 44 6 56 36 30 33 59 2 38 18 43 21 10 47 25 7 39 52 1 45 43 39 22 50 42 25 53 25 45 50 0 16 38 23 51 31 40 10 10 52 20 10 48 15 44 53 44 18 33 41 48 52 29 11 14 56 1 50 9 23 47 53 7
7 46 50 19 59 49 38 18 25 14 29 26 44 16 17 9 37 27 32 49 18 4 54 48 41 56 29 28 39 10 44 57 24 30 12 35 37 13 39 28 3 40 11 48 14 36 10 21 41 50 14 39 44 8 10 51 21 43 10 51 2 29 48 28 8 21 59 7 59 11 11 57 33 19 25 2 52 7 34 59 57 39 42 17 4 34 21 39 0 53 15 12 8 21 42 5 14 9 4 33
29 8 1 5 6 54 25 18 15 11 57 4 9 59 18 31 40 1 11 33 47 49 6 41 35 45 41 0 53 13 7 40 53 16 21 9 40 26 3 25 50 20 30 36 53 44 1 45 28 9 28 10 57 42 30 28 8 47 55 49 29 13 22 37 44 42 7 15 41 54 18 42 50 43 40 19 16 54 4 10 38 48 24 7 45 4 51 3 50 44 6 10 29 45 37 50 16 40 13 34
5 36 33 43 26 9 5 52 7 54 2 17 12 28 55 45 53 5 8 26 30 50 1 46 18 41 28 30 29 2 24 28 9 40 20 10 40 13 45 24 0 11 32 11 44 33 51 3 8 32 34 54 52 26 21 42 13 9 32 15 24 36 25 43 55 44 13 23 37 6 49 8 32 27 32 24 51 57 25 44 29 44 9 6 30 30 44 22 23 18 18 19 56 3 23 57 25 15 3 17
57 12 43 47 22 13 25 15 49 36 8 35 1 1 35 29 5 1 36 20 46 54 44 33 7 37 38 21 55 27 38 51 15 48 36 44 3 0 41 27 29 11 33 8 16 8 55 54 16 33 25 40 49 5 18 28 45 18 12 5 20 12 59 19 37 56 15 20 48 2 21 31 13 29 46 4 52 56 0 28 4 49 10 54 57 36 43 13 15 11 15 53 37 17 47 0 15 55 45 47
5 48 3 41 47 4 37 27 33 46 43 55 49 4 44 35 43 41 14 28 58 1 0 37 19 44 30 7 33 33 5 46 14 42 10 11 9 15 46 19 23 28 59 5 19 17 0 23 54 32 27 57 7 42 15 16 17 9 32 50 28 15 25 36 19 25 27 37 10 23 45 10 54 11 55 28 38 24 24 48 45 34 34 4 20 44 8 50 11 36 49 53 1 46 38 9 15 39 26 44
14 56 56 17 32 21 38 38 30 33 5 32 43 25 32 52 31 5 50 37 49 22 15 36 11 18 25 12 21 24 33 58 14 7 25 35 9 34 11 17 20 30 14 36 21 40 10 37 2 37 18 37 33 20 15 27 58 9 40 2 34 29 38 22 2 3 52 43 36 9 53 7 56 49 15 10 28 13 56 5 51 6 15 43 48 26 38 31 4 38 51 40 53 43 2 40 25 31 26 9
23 48 25 38 7 24 21 19 31 30 52 27 40 56 37 43 5 50 39 19 37 6 5 18 24 51 41 56 59 46 55 50 50 56 56 35 30 10 22 52 44 26 46 39 56 43 18 38 53 52 30 50 16 28 40 28 45 51 35 46 57 42 0 40 24 12 51 50 55 35 48 20 33 27 18 30 17 9 57 19 9 12 54 29 54 26 3 57 28 11 21 5 9 41 10 2 44 7 2 6
15 19 11 0 17 53 57 37 31 49 39 8 32 43 34 29 37 4 22 53 49 45 53 10 54 25 59 47 14 0 14 53 52 29 4 41 38 6 38 43 22 28 17 16 5 37 5 9 56 15 3 42 5 53 3 6 20 20 6 36 48 29 9 36 18 26 1 11 36 46 55 56 28 46 51 47 13 47 14 13 19 41 26 35 33 36 41 16 29 58 12 58 46 55 29 42 20 7 44 46
41 55 19 35 23 18 7 36 24 8 46 39 6 26 16 40 44 7 13 10 31 11 44 46 46 31 49 22 28 23 28 11 59 43 3 12 15 18 33 2 55 28 27 7 53 53 22 10 38 24 19 57 46 9 52 50 57 21 38 17 16 27 1 59 40 54 47 1 35 58 40 43 19 15 53 55 39 11 38 55 39 39 11 7 29 3 53 31 16 7 57 24 15 3 44 38 37 50 49 34
50 47 22 12 3 2 12 30 8 28 24 18 43 37 24 50 38 15 21 47 10 15 45 7 44 54 33 58 54 54 2 47 52 50 41 20 48 50 35 47 29 6 11 27 32 48 18 42 53 27 6 19 2 53 2 53 37 55 16 4 43 7 16 6 13 50 13 9 7 44 55 15 43 13 41 18 44 59 41 21 35 12 36 38 35 40 28 42 16 11 28 36 24 14 17 53 38 52 44 56
15 23 30 37 43 17 13 46 21 18 53 43 46 31 55 28 53 46 43 27 22 27 20 46 45 16 0 46 58 0 5 5 5 53 28 42 44 31 33 37 13 7 6 38 27 57 11 35 13 16 7 32 17 2 35 46 15 35 40 8 10 1 7 21 6 2 20 41 2 19 36 31 26 8 52 28 16 15 37 22 16 15 36 49 40 3 32 25 50 46 0 5 19 15 3 11 44 46 7 58
40 10 32 36 17 55 47 33 14 30 29 10 1 28 42 46 30 52 36 46 16 30 8 15 29 35 41 9 21 7 43 35 11 12 10 17 10 49 4 27 36 21 34 15 56 32 16 10 24 23 3 54 2 47 38 8 42 23 36 44 28 30 32 38 40 46 0 33 34 20 42 57 21 8 39 40 23 10 21 38 47 15 18 39 4 46 31 15 18 35 27 17 15 58 44 5 3 1 4 28
56 1 2 29 23 4 53 27 58 44 48 48 50 20 17 18 15 59 20 28 8 9 42 55 5 54 33 26 29 32 14 52 57 0 32 55 39 16 30 6 0 34 56 25 16 26 46 51 16 54 17 39 54 48 10 14 53 0 59 39 54 52 24 39 35 0 12 36 49 20 4 28 4 35 55 5 30 46 58 37 57 13 23 43 34 25 17 46 32 35 56 0 41 3 9 5 15 0 43 49
23 33 31 47 55 39 22 26 32 54 17 36 1 23 6 2 26 34 48 29 27 18 3 33 5 44 44 51 5 50 7 49 23 19 10 37 46 13 21 53 47 28 48 38 47 23 28 5 43 39 47 14 59 27 43 49 14 10 20 27 38 33 9 54 57 42 1 13 29 1 29 3 29 52 0 48 49 26 33 42 43 34 49 22 20 13 58 51 19 53 14 52 32 38 32 4 26 12 52 56
0 59 25 34 40 5 36 5 13 42 3 27 17 57 27 43 50 40 26 20 25 56 21 12 32 20 12 26 48 21 21 18 5 23 56 40 55 57 20 19 22 20 35 35 40 20 26 20 10 56 58 55 46 26 41 12 20 34 11 8 49 42 19 37 56 8 38 6 55 42 16 9 25 47 24 35 16 10 51 42 40 47 6 21 12 4 54 9 56 30 27 53 19 49 29 51 2 43 32 7
0 8 27 7 27 1 26 24 46 42 47 12 26 16 35 15 10 23 41 33 50 5 19 49 4 54 48 33 20 4 1 8 31 24 58 37 30 30 58 18 3 5 48 7 46 14 24 21 8 53 21 31 55 49 45 15 19 0 34 45 16 10 43 29 25 19 2 44 25 42 58 28 6 32 18 36 37 1 10 16 27 58 26 41 55 41 54 19 58 0 26 28 10 48 33 41 23 25 30 4
7 40 11 42 47 57 23 12 8 14 21 3 46 39 40 41 55 5 3 43 35 40 57 30 40 30 53 2 42 1 39 27 55 1 53 15 22 5 34 59 19 51 1 47 58 35 59 40 29 4 2 19 48 35 4 38 57 59 15 22 10 37 40 46 17 53 54 17 52 49 2 20 24 20 17 30 25 14 0 13 32 20 37 39 32 37 29 59 32 8 14 10 13 59 54 56 48 13 26 37
29 39 21 8 49 24 23 39 29 58 58 58 44 25 51 39 41 16 50 34 57 29 3 0 43 4 54 16 44 8 56 48 21 28 55 14 51 11 21 40 46 56 45 38 57 7 27 36 18 44 27 48 44 46 13 3 12 38 31 41 54 57 38 19 26 46 29 50 3 22 10 7 59 11 37 21 3 51 8 46 44 58 54 12 49 51 35 49 16 4 7 35 40 42 2 8 39 41 33 36
15 34 12 11 11 41 35 45 19 7 12 25 25 5 2 32 53 17 14 14 6 1 0 44 58 16 22 15 49 38 15 13 45 41 2 1 36 45 30 47 24 21 19 30 10 52 7 56 41 43 37 22 15 20 1 51 10 47 16 54 1 33 20 21 59 39 43 54 55 32 54 28 54 10 57 15 41 57 44 0 24 56 47 58 8 11 26 23 5 29 6 49 29 57 44 20 42 25 17 40
53 52 27 28 9 40 29 49 34 17 56 42 33 55 20 17 12 45 42 6 53 20 24 0 27 51 18 53 27 39 4 50 13 55 17 41 33 58 31 56 14 19 48 54 11 31 57 37 38 24 53 20 43 44 10 6 37 19 34 16 22 49 27 58 4 23 13 11 16 45 16 39 36 19 17 39 49 46 13 10 25 6 55 6 23 11 25 54 8 56 32 36 53 56 2 25 21 15 19 35
36 8 51 24 21 2 1 49 40 43 46 9 10 46 25 52 49 27 4 54 18 12 55 8 11 24 3 38 11 52 37 0 2 25 15 20 9 15 31 55 49 46 56 43 30 35 1 23 34 13 40 5 56 54 42 44 51 34 55 13 36 24 7 52 21 57 28 25 40 23 35 30 27 31 26 28 14 28 10 0 52 54 49 47 48 22 2 47 23 6 1 54 2 12 9 0 33 58 41 8
13 32 50 25 52 39 16 38 35 43 30 15 37 19 53 10 27 3 48 19 11 53 22 15 43 35 9 50 10 54 54 12 10 24 31 54 1 12 35 33 57 14 5 32 59 40 16 36 12 31 8 58 37 25 47 4 36 17 55 10 3 4 35 48 22 51 12 59 30 5 29 50 40 55 39 54 11 23 37 36 32 16 12 35 49 56 19 55 38 16 39 15 57 59 51 24 16 51 57 53
16 32 33 30 2 1 32 11 20 46 59 49 40 1 18 48 18 54 19 41 25 2 12 51 3 34 45 25 19 24 37 29 41 24 16 20 47 35 19 14 22 32 24 41 10 44 44 32 47 53 45 48 43 44 30 25 49 58 39 6 24 1 52 48 18 30 45 40 6 9 53 49 52 32 30 45 6 50 50 15 26 50 40 59 30 24 32 40 47 19 7 4 34 13 17 10 24 24 24 55
23 22 35 34 38 5 23 39 27 40 10 53 59 17 55 10 37 52 10 48 16 27 2 4 41 6 43 49 19 46 38 17 49 8 41 26 53 26 0 1 16 52 41 17 34 56 20 22 47 14 59 20 9 34 9 35 51 21 29 58 32 3 12 1 51 29 43 41 47 10 25 32 54 51 3 26 26 1 33 0 39 11 14 27 17 15 57 41 21 7 17 54 0 12 27 22 6 13 58 53
27 50 18 2 0 11 22 3 51 26 19 34 41 44 55 6 17 36 34 17 30 47 3 30 39 8 50 25 41 17 33 22 5 31 57 35 16 59 43 19 48 53 44 9 27 39 58 2 22 24 10 40 41 18 6 56 17 3 38 2 30 27 46 45 1 46 47 36 26 24 12 50 1 49 49 33 16 34 11 29 40 32 26 14 34 37 22 22 42 30 28 48 44 29 31 27 21 3 16 9
5 44 35 31 6 58 32 53 58 23 57 51 27 44 13 7 3 0 17 49 29 23 42 29 41 54 21 54 22 58 30 16 49 32 17 58 54 48 15 30 43 24 43 48 31 59 36 15 21 35 33 13 25 10 7 15 2 43 44 33 40 47 41 38 43 58 17 45 9 26 13 26 28 59 4 38 47 33 6 12 16 2 35 51 52 14 30 33 11 0 18 39 12 6 37 40 46 45 41 6
4 41 45 32 19 50 15 47 20 5 32 25 55 33 9 5 20 19 6 52 53 50 26 6 40 42 6 38 43 22 0 10 29 35 38 6 55 13 4 43 23 25 7 15 33 43 28 9 45 33 32 47 16 49 7 26 29 13 22 29 10 38 6 19 10 22 48 46 36 53 40 7 58 28 4 12 7 44 0 20 45 0 51 52 39 27 24 33 40 48 24 6 57 58 21 45 35 47 31 41
51 16 11 34 1 43 15 24 25 51 35 50 14 3 43 16 45 19 36 33 38 29 15 42 8 11 1 5 28 37 23 3 28 19 30 26 10 26 35 14 30 49 32 44 59 11 28 35 25 45 36 13 9 46 17 45 54 24 24 16 42 55 20 6 24 45 0 31 28 14 1 33 33 8 5 34 6 25 24 43 34 40 15 3 20 41 13 19 1 33 52 0 37 45 33 31 19 55 23 44
33 26 16 57 5 44 37 15 49 38 9 10 37 37 38 33 4 46 1 11 19 49 22 20 46 25 39 22 4 13 19 32 10 13 48 49 46 19 12 24 27 12 8 19 51 49 47 39 8 0 36 7 13 43 45 56 52 28 30 57 48 15 32 43 46 37 33 12 6 57 45 4 48 53 15 25 31 19 19 22 33 13 47 47 44 29 40 5 24 36 21 48 33 9 45 21 32 17 27 17
38 15 19 29 20 6 34 22 56 5 36 34 57 35 3 29 1 42 36 19 9 12 41 17 43 19 9 32 6 54 38 55 58 33 43 42 55 48 23 33 20 36 18 59 26 50 49 36 53 23 29 27 50 38 58 21 8 37 53 38 37 55 10 19 12 40 42 29 4 31 20 2 18 26 47 32 52 39 22 54 12 54 54 43 53 35 35 57 46 59 32 40 37 12 39 57 44 5 38 14
8 43 40 8 18 33 54 39 7 16 56 5 37 50 58 1 32 43 47 1 20 26 28 8 58 14 23 17 42 1 39 1 40 18 51 13 29 12 59 56 48 23 22 18 24 3 52 51 45 18 23 2 15 47 27 42 8 56 38 8 6 51 25 7 51 37 4 22 44 10 33 7 42 27 41 17 55 31 55 21 49 12 31 26 44 29 24 17 18 8 19 28 51 47 3 51 39 6 27 29
50 37 4 53 22 7 2 45 56 48 20 9 31 3 35 3 39 25 21 45 54 46 12 8 12 30 48 38 50 30 25 26 32 9 40 31 47 16 47 7 48 27 48 53 44 0 14 33 50 42 45 36 1 7 33 20 16 3 17 20 42 15 14 47 18 26 53 47 54 29 32 52 50 4 16 50 48 28 59 41 1 48 47 50 47 24 43 48 58 9 5 1 9 10 12 7 54 55 42 1
29 39 38 1 40 4 54 27 47 31 55 12 24 21 28 35 31 39 29 0 27 56 1 7 34 44 43 46 25 28 34 15 19 21 29 0 7 22 45 21 1 22 58 14 38 5 28 43 3 30 54 29 59 35 39 24 50 18 46 29 58 13 11 21 32 15 24 33 55 58 52 33 59 51 16 15 45 19 20 3 7 39 15 41 43 53 13 45 55 44 2 23 26 5 16 32 8 55 1 18
44 49 6 51 24 49 3 52 59 12 41 23 46 11 45 57 46 36 42 57 16 15 5 57 41 35 51 4 14 29 22 57 15 24 24 39 42 3 20 50 37 1 15 33 28 57 29 49 21 57 32 57 39 20 35 5 34 28 30 47 46 28 48 28 26 49 43 50 31 53 15 57 16 34 1 36 9 45 53 27 16 16 51 58 40 4 17 15 31 1 13 50 15 57 1 1 47 43 48 58
56 33 59 28 18 57 19 37 2 25 19 23 12 41 7 3 5 20 47 31 6 46 3 57 51 54 6 43 15 20 1 6 21 7 1 25 54 20 53 32 1 20 18 26 42 22 22 10 50 46 20 23 56 30 7 42 31 52 17 25 7 4 16 20 0 39 2 54 16 12 39 6 45 11 19 36 24 36 41 17 39 50 32 18 0 41 12 14 48 23 44 49 15 47 55 1 32 48 26 23
27 18 13 34 29 35 22 49 16 58 35 35 33 44 21 9 33 26 10 38 39 20 1 6 34 16 23 10 55 1 9 53 24 10 27 36 13 17 27 40 41 38 9 28 54 22 38 22 7 59 8 16 55 7 8 53 54 54 8 3 6 7 55 58 57 8 58 51 25 39 8 41 40 48 53 21 14 56 15 6 35 2 35 58 21 0 14 8 23 0 11 22 33 28 28 20 39 13 55 34
35 41 42 50 55 45 40 35 25 37 12 58 20 18 9 4 7 14 11 51 48 14 15 36 24 43 54 25 43 37 25 54 39 17 29 28 54 9 32 57 56 1 0 8 10 39 3 16 20 37 30 59 36 43 4 22 42 0 20 8 47 10 23 11 16 47 52 53 51 41 55 23 50 40 51 11 27 12 34 18 48 4 53 52 35 45 52 16 4 53 41 9 34 29 17 22 24 49 18 54
53 10 28 22 53 30 49 5 0 28 6 13 25 15 43 46 27 56 13 31 8 19 16 44 39 28 52 30 29 33 7 56 44 16 31 7 49 54 42 41 45 48 36 43 23 50 51 34 58 35 30 55 18 6 35 22 2 35 59 3 48 15 12 51 38 42 46 6 44 0 6 44 6 29 52 57 55 3 45 26 34 43 38 32 18 32 19 48 43 12 14 47 27 26 23 29 20 22 13 16
44 58 8 31 42 45 44 56 14 38 42 22 52 32 49 4 20 42 10 6 15 30 42 46 2 0 14 4 0 45 12 4 3 54 29 57 55 32 21 58 33 52 9 36 15 43 31 39 30 0 40 23 24 35 52 2 55 4 5 17 34 16 55 1 41 53 19 39 47 59 5 18 19 16 40 56 48 51 59 11 28 31 12 23 34 4 32 1 23 52 41 48 55 48 9 51 41 19 7 36
28 47 4 32 45 41 8 15 4 11 52 20 36 22 50 4 14 37 53 56 33 14 48 24 56 29 10 52 15 30 31 46 19 48 28 22 48 54 47 8 53 7 28 39 42 57 11 3 34 1 7 52 57 38 58 1 2 35 30 52 41 19 44 14 15 31 50 44 12 9 15 2 1 5 57 13 33 12 40 10 8 59 51 37 14 11 59 5 24 31 3 13 18 57 6 8 11 16 19 19
9 16 38 4 37 43 9 42 24 2 9 46 17 21 35 23 25 1 39 24 4 46 44 21 52 10 32 28 44 38 26 31 31 55 16 47 30 24 15 13 45 8 27 33 32 55 33 27 30 43 51 2 19 47 43 52 28 44 23 53 18 28 57 18 59 56 6 4 22 10 57 0 55 10 55 42 56 59 43 4 23 42 9 28 37 31 50 56 17 22 58 30 4 27 37 44 1 41 54 27
10 37 45 21 56 45 47 10 20 13 47 24 57 22 31 3 43 32 54 10 13 16 43 17 31 11 36 17 15 33 54 53 28 13 2 37 3 13 7 36 52 3 51 33 34 37 47 27 44 52 29 35 19 46 34 3 58 51 0 41 25 31 41 59 55 53 19 13 49 9 3 41 46 14 22 35 12 49 23 40 22 10 38 4 1 21 18 4 3 16 44 43 21 39 30 51 34 12 42 53
3 2 29 33 11 10 4 28 47 3 55 9 4 26 6 42 38 48 56 49 48 41 53 51 3 14 39 38 51 38 27 55 38 45 39 22 41 47 48 35 21 44 56 19 33 56 2 49 31 15 40 36 36 8 22 22 31 14 4 35 16 54 33 52 22 6 34 59 4 27 49 2 22 7 31 30 26 31 54 56 30 27 45 20 14 9 36 39 38 53 27 35 12 52 28 21 2 51 16 0
56 27 50 36 29 2 5 47 38 1 38 9 12 12 32 41 7 39 25 28 12 46 20 49 51 21 9 17 54 0 32 58 32 53 59 50 4 25 40 31 17 57 25 21 9 40 16 32 30 7 28 22 20 28 5 44 48 29 38 13 4 27 57 45 14 7 28 56 24 14 3 0 29 53 40 56 49 36 9 16 57 42 56 33 45 53 45 35 12 19 0 10 42 51 8 36 27 20 59 31
10 35 51 27 16 39 10 16 30 32 22 59 13 55 53 5 56 30 26 37 32 42 49 58 44 31 2 53 22 59 30 30 3 58 10 51 37 27 43 57 6 27 14 23 37 39 3 12 31 44 56 2 30 50 18 50 59 58 3 43 29 49 41 4 21 25 53 18 47 51 8 18 33 29 9 55 49 25 35 16 24 6 32 0 12 8 30 7 37 28 56 4 55 42 41 39 44 27 53 44
51 40 27 57 54 10 41 52 48 6 51 29 28 32 39 46 45 24 42 17 6 34 15 23 3 32 2 28 51 52 54 28 48 10 36 36 57 19 19 36 48 33 19 3 7 57 57 2 18 8 5 32 34 28 27 39 4 10 2 43 45 50 24 40 52 41 20 20 42 43 27 42 1 39 23 2 33 28 10 3 42 28 48 52 18 36 17 52 46 56 17 12 14 9 36 38 8 36 52 57
15 3 24 17 32 15 59 50 48 44 32 59 50 16 55 26 57 57 55 4 13 40 6 35 29 58 18 58 8 11 33 31 45 4 56 29 32 38 31 46 12 58 49 34 41 30 26 3 15 40 25 11 57 25 47 1 6 38 39 38 22 22 25 58 29 1 13 2 23 15 4 15 17 23 42 35 1 11 31 4 34 32 31 4 33 45 48 13 20 49 43 59 15 48 23 1 31 10 22 30
55 58 58 23 56 2 15 29 43 38 42 36 51 0 15 43 47 41 52 30 39 15 12 29 27 43 13 21 52 37 43 0 4 7 26 42 5 12 1 9 53 39 55 16 25 50 15 40 16 10 32 38 52 16 49 23 59 31 17 39 50 12 24 21 48 47 16 42 58 35 5 28 1 14 40 9 24 24 7 41 12 35 47 1 55 57 19 26 8 58 31 23 39 17 4 13 7 49 53 13
40 15 43 53 26 7 38 33 31 31 2 6 15 58 54 57 34 56 30 35 14 53 52 10 32 3 8 17 27 53 10 57 29 53 44 40 31 17 21 33 29 24 41 0 44 12 54 49 3 13 5 59 3 41 13 37 32 32 9 47 32 47 14 43 54 35 34 26 13 23 47 48 39 19 2 32 55 32 58 30 56 50 7 33 0 43 0 10 8 14 36 10 48 34 57 20 33 16 50 48
41 26 0 42 48 57 50 6 45 11 37 34 25 30 25 39 39 48 19 24 47 52 50 28 19 46 6 9 58 52 51 19 38 31 42 30 21 5 3 40 26 50 23 58 37 8 50 25 21 51 8 22 23 59 44 27 55 27 4 35 36 10 16 18 36 29 51 20 5 0 49 24 35 27 59 32 54 58 31 17 39 13 49 58 37 23 44 39 37 43 52 4 59 38 54 55 2 34 26 14
30 10 4 51 25 52 33 57 48 30 33 15 6 51 24 4 33 47 17 54 5 20 54 14 34 8 57 7 15 44 39 52 38 2 4 30 23 42 52 33 2 7 27 17 59 39 35 13 22 6 9 22 14 31 50 17 7 16 22 59 26 35 11 31 18 19 40 48 10 14 44 47 53 14 35 43 49 14 0 37 56 19 40 5 50 58 48 53 22 53 4 57 53 43 30 38 5 49 56 55
16 23 22 43 47 28 6 38 18 54 46 52 9 5 44 36 29 38 2 6 20 25 46 24 28 42 55 7 44 18 36 18 37 40 5 19 2 38 27 0 5 54 1 0 14 22 10 38 28 19 47 55 42 43 28 2 37 49 38 48 51 31 18 50 5 40 34 44 14 58 38 42 35 46 12 24 51 46 48 21 43 40 57 38 31 12 55 35 23 51 30 38 3 48 35 36 0 33 44 44
27 16 50 31 30 56 3 57 51 37 13 16 27 38 45 0 43 54 12 13 29 41 22 6 44 50 37 51 56 8 37 18 20 52 23 23 46 13 39 39 13 32 7 34 20 51 53 23 51 57 25 10 58 22 27 29 36 23 19 57 17 16 11 59 53 16 38 35 44 38 26 35 1 5 23 7 20 12 25 42 21 51 13 36 45 14 29 57 43 28 51 30 19 58 0 35 59 17 25 46
33 4 11 20 21 20 28 33 42 22 3 47 32 0 30 41 41 14 17 42 27 54 47 35 24 5 2 0 31 57 25 1 45 15 3 32 35 14 11 23 39 26 52 5 33 45 27 36 7 57 5 25 35 48 48 14 22 22 13 53 39 23 3 42 43 34 54 43 56 58 21 47 13 54 14 8 47 12 15 51 53 28 3 35 0 18 48 15 12 16 4 11 27 39 39 37 58 24 41 17
5 30 28 47 13 52 2 39 36 7 8 10 4 44 38 48 30 41 56 20 53 40 38 41 49 15 30 29 47 21 28 10 8 14 13 9 15 47 54 32 15 50 46 34 36 20 17 51 35 38 3 28 2 4 16 31 37 16 30 18 19 48 43 52 37 20 14 14 24 53 59 23 15 5 24 31 8 55 5 20 18 34 55 19 33 47 43 48 51 1 27 39 28 44 0 30 25 10 3 40
35 52 43 56 57 16 2 17 20 53 3 16 36 48 15 52 34 40 14 12 23 24 42 39 37 0 43 24 3 44 57 43 30 51 55 55 17 7 19 34 32 57 12 36 37 9 35 56 47 11 10 46 44 59 21 10 24 14 10 14 20 5 45 3 59 43 54 59 23 13 57 25 8 22 33 47 36 23 23 15 15 12 3 27 45 38 29 27 6 49 13 45 38 47 55 19 49 45 0 30
48 18 31 40 21 24 53 4 16 41 28 45 11 6 53 25 51 30 2 16 25 41 48 1 3 5 15 27 26 48 20 23 55 4 48 28 4 20 29 45 42 33 26 7 55 22 55 12 4 47 35 57 23 49 17 6 12 12 34 44 19 38 27 25 12 10 32 6 33 3 8 31 57 21 2 47 57 22 48 19 1 16 57 43 33 35 30 43 0 48 51 3 8 50 30 15 47 23 41 37
42 59 40 14 15 25 13 25 8 9 6 49 51 13 25 11 47 34 55 25 38 44 29 42 44 41 17 59 51 55 35 35 4 19 44 44 4 50 33 4 31 17 8 24 55 20 15 35 11 34 11 54 46 34 38 57 43 59 38 37 21 51 54 15 44 11 41 10 20 2 36 23 10 2 52 47 41 12 5 1 15 24 35 1 12 41 8 21 8 33 22 26 23 36 18 56 55 40 47 28
22 20 40 56 36 29 19 21 19 56 18 23 46 43 32 59 54 12 57 56 2 32 1 58 46 6 20 36 24 57 50 38 6 25 2 38 49 42 22 1 17 23 5 0 59 38 27 12 45 5 53 27 19 43 44 45 27 37 15 47 21 35 49 10 38 31 2 37 51 46 49 37 49 25 56 54 7 20 54 17 44 25 37 34 16 44 40 43 30 16 4 40 59 20 53 0 15 40 42 56
42 29 35 57 54 9 9 24 0 21 39 16 50 27 3 25 17 24 35 55 10 54 9 7 56 19 58 32 8 35 46 29 31 58 7 0 55 14 21 38 31 31 36 32 43 14 9 11 48 2 48 32 57 26 15 35 23 26 20 3 9 45 4 57 51 17 14 57 54 10 40 2 24 38 28 52 12 5 6 32 16 21 37 36 9 53 57 34 9 36 8 45 47 8 55 5 20 11 29 52
55 40 40 4 3 28 47 37 25 11 22 33 38 25 18 29 40 16 13 55 22 35 36 40 29 58 31 14 54 2 57 19 46 44 14 36 51 1 26 51 14 21 32 1 58 56 30 26 51 14 35 38 8 56 17 48 16 9 7 56 9 9 22 56 29 25 3 9 46 18 47 53 17 4 0 24 5 39 27 30 11 31 48 41 10 12 53 38 32 46 57 39 58 3 56 26 35 23 21 23
15 49 1 25 11 44 26 27 52 23 19 31 13 28 13 45 32 33 32 27 52 11 9 41 31 49 55 42 20 40 23 28 22 23 25 36 53 37 43 46 7 1 12 15 25 19 21 45 50 7 5 21 7 15 0 2 56 2 37 44 10 35 14 51 0 17 38 5 10 6 13 52 3 6 19 23 40 48 35 1 31 52 12 44 19 51 28 2 31 23 46 48 43 21 45 49 10 51 8 8
18 9 50 2 56 51 13 23 55 52 53 30 37 28 33 18 3 9 20 19 40 36 25 14 23 48 40 41 37 28 49 19 32 3 56 3 10 54 29 37 37 54 25 31 11 26 6 51 23 27 8 40 56 12 17 41 35 30 9 39 17 42 57 55 8 4 47 25 30 52 46 24 30 28 35 1 42 46 38 34 56 8 28 16 46 47 52 9 5 8 42 46 8 25 34 32 58 52 34 52
46 23 24 52 54 2 40 47 33 21 2 51 4 18 20 42 55 26 26 11 48 45 18 37 50 47 48 17 20 14 52 44 55 26 53 51 28 52 30 22 0 6 22 19 18 35 35 21 59 40 21 35 6 51 5 28 34 44 29 50 21 35 56 16 13 46 23 59 45 54 14 56 18 58 36 42 17 5 29 31 27 57 42 9 48 31 36 33 54 43 42 40 49 30 23 39 41 5 15 10
4 33 7 14 45 12 16 49 57 34 58 50 10 4 35 0 38 43 55 14 31 26 59 36 55 54 13 58 29 2 10 45 55 4 53 30 22 6 20 22 10 28 57 48 38 12 16 35 15 53 58 51 5 47 39 27 45 26 4 21 0 8 44 24 57 26 47 22 23 55 7 27 28 29 10 15 4 31 7 54 9 32 36 57 46 59 27 47 43 11 19 30 12 8 12 4 13 38 50 11
35 22 7 59 32 54 27 23 55 38 38 25 19 31 6 7 7 50 23 49 25 42 48 22 13 55 38 20 7 55 18 56 1 10 56 0 50 39 52 59 1 2 27 21 33 37 48 17 16 0 12 10 7 27 33 11 19 52 21 45 43 51 31 50 32 13 45 46 31 36 29 7 28 2 42 5 36 39 33 9 23 35 29 37 0 26 57 9 19 26 5 53 48 5 32 48 53 48 49 6
7 28 3 55 3 35 12 54 8 32 41 19 12 45 54 52 47 5 5 9 52 36 20 23 13 8 39 44 2 34 43 43 23 40 9 30 28 4 24 18 38 27 4 29 38 19 37 27 37 28 0 12 11 48 34 40 24 6 18 17 24 45 5 10 45 33 41 3 46 34 43 0 29 21 7 51 0 25 2 55 29 29 30 50 13 36 18 6 57 14 58 16 31 33 48 18 0 44 38 10
24 58 43 10 45 1 17 10 44 21 1 58 4 40 24 54 18 35 28 35 17 51 56 58 11 28 22 14 2 24 1 15 48 46 12 50 30 6 18 10 26 28 3 29 23 29 4 15 42 24 53 5 23 34 13 2 41 34 24 12 19 42 37 50 35 37 58 40 54 9 50 45 7 11 54 3 18 52 16 24 17 47 14 20 59 47 10 35 12 37 49 51 4 55 7 36 0 18 59 33
