50 50 20 10
42 30 3 47 22 7 57 45 49 35 45 28 40 9 21 20 38 5 29 58 34 4 55 56 24 10 29 56 21 13 48 7 30 13 10 9 17 43 42 14 22 33 26 20 29 58 36 30 51 1
23 29 53 17 33 22 4 59 49 27 26 1 46 37 42 48 53 0 55 11 12 49 11 55 52 39 48 26 30 53 59 38 23 16 24 6 57 27 33 58 6 19 17 3 51 56 51 0 15 22
29 30 58 7 49 46 44 7 19 45 26 34 47 13 40 20 49 39 13 37 26 55 12 14 8 54 4 23 11 56 45 28 0 47 1 39 42 44 1 22 12 14 24 39 25 24 35 29 45 24
9 29 44 52 41 36 9 23 37 15 37 41 15 20 46 52 13 26 4 5 2 10 1 49 18 0 28 3 22 45 52 26 28 3 17 26 0 49 48 2 0 8 44 27 50 0 49 30 6 7
10 24 26 21 34 50 25 1 1 8 50 34 56 27 2 15 57 36 58 40 11 56 13 22 50 52 19 21 27 17 43 58 33 50 56 35 33 1 41 37 19 28 35 56 53 58 35 42 5 22
18 28 54 20 27 15 59 12 12 11 38 16 18 2 34 14 5 37 4 40 43 51 58 36 42 41 34 16 36 16 8 55 25 36 48 14 12 53 46 43 26 50 42 47 50 42 4 8 19 14
19 30 17 34 2 11 32 58 53 19 45 5 58 17 5 38 28 57 29 12 42 11 14 44 10 16 23 38 45 18 8 6 21 36 30 29 54 17 7 51 7 29 1 59 10 24 44 15 9 48
38 20 8 50 12 43 49 1 39 3 42 17 0 33 41 53 42 45 27 13 48 0 17 28 5 43 19 2 4 12 59 17 53 1 2 25 39 50 58 49 45 21 6 3 56 55 54 3 4 46
40 34 44 52 14 58 37 4 50 17 23 6 29 55 53 42 16 51 6 17 58 36 44 49 29 16 17 19 25 28 40 25 55 0 46 1 0 50 16 29 54 42 6 23 37 46 3 9 13 32
29 27 5 30 51 50 30 8 6 14 44 7 23 53 33 32 17 36 3 49 0 47 23 49 51 10 39 36 14 57 21 53 23 31 49 21 13 4 58 18 26 36 15 3 9 44 55 59 37 52
45 15 3 15 43 10 2 24 34 52 12 29 21 6 30 7 59 55 17 35 21 46 36 29 41 41 30 44 51 4 23 42 3 16 40 57 53 30 3 3 7 7 50 30 42 5 44 16 45 2
53 27 7 21 12 10 55 45 6 53 11 35 17 40 58 30 54 49 10 50 49 50 18 40 40 52 22 14 31 25 23 35 33 59 49 33 37 28 32 7 7 34 44 38 26 36 57 18 20 44
53 3 48 18 46 14 32 15 0 49 35 44 42 0 9 10 46 1 46 41 32 49 22 33 36 53 32 24 7 30 15 41 57 44 9 18 10 26 3 16 49 1 33 44 51 20 34 13 50 55
5 46 21 42 52 35 9 32 30 17 11 24 53 13 37 9 1 16 2 18 49 6 10 36 2 11 49 51 59 51 54 30 19 54 33 54 22 32 39 4 37 7 35 4 51 22 35 37 27 27
2 5 28 59 33 8 0 9 41 29 48 5 3 9 1 15 4 37 38 14 26 9 25 57 18 7 55 6 58 18 29 9 1 0 0 17 15 52 46 51 13 7 57 10 28 33 35 54 27 23
52 14 2 29 43 59 54 31 43 34 40 22 8 28 28 47 47 18 38 37 34 35 27 1 16 4 1 56 9 39 0 56 43 57 4 1 3 43 48 25 42 45 16 49 7 38 2 41 39 23
27 49 8 25 37 11 35 0 1 38 0 18 19 1 40 48 7 30 52 45 35 19 15 27 48 31 49 3 38 52 26 54 55 47 28 50 4 13 35 25 15 7 15 26 29 6 35 4 25 6
20 53 59 55 17 31 35 21 24 28 18 39 54 21 57 45 23 47 47 33 27 59 44 18 30 21 56 38 31 28 32 5 3 51 15 39 15 17 33 38 9 30 4 58 6 43 44 43 45 30
22 7 37 1 36 57 9 4 5 39 28 0 3 37 35 2 42 48 29 11 46 30 25 39 22 54 7 53 58 39 36 20 28 4 16 8 59 28 20 48 54 19 18 55 41 24 46 58 8 49
0 49 58 8 39 6 6 42 11 8 42 3 23 37 35 51 30 39 49 4 9 17 34 54 35 23 3 21 38 38 17 0 46 29 49 30 38 33 36 55 2 11 40 8 53 20 11 1 40 5
38 59 54 31 55 55 48 34 53 50 12 34 3 9 20 12 50 38 57 15 6 58 29 54 5 45 8 51 54 47 26 4 41 44 17 52 37 55 58 25 35 12 51 29 27 58 20 10 51 51
21 47 12 21 12 19 4 20 29 55 7 46 1 24 26 59 19 57 38 11 23 41 46 4 47 49 21 6 23 25 57 16 49 54 54 30 41 22 41 2 57 49 53 46 29 40 37 7 13 38
30 49 53 53 32 17 10 20 29 1 32 6 55 7 18 8 51 28 48 40 13 21 33 53 47 36 20 40 49 53 27 23 25 49 36 18 37 46 39 23 26 52 11 51 18 46 18 58 36 14
5 26 54 0 21 57 13 29 27 38 13 25 36 20 37 20 50 0 55 51 45 38 41 11 50 28 32 1 0 24 41 48 42 58 26 45 2 42 1 10 8 48 4 7 10 31 27 37 1 53
30 8 18 6 39 54 51 11 21 21 15 24 21 23 6 12 46 13 23 3 11 47 2 26 30 36 15 40 51 3 57 10 6 53 46 44 25 47 36 4 16 3 42 53 15 8 29 10 12 13
28 16 43 2 15 51 50 49 52 33 13 26 36 43 48 28 2 43 31 33 54 26 56 19 15 54 13 28 5 59 14 31 51 24 30 6 35 19 15 11 2 17 49 37 48 9 8 0 39 21
3 8 3 3 13 52 52 11 15 33 41 34 34 8 29 14 3 12 54 31 9 4 9 6 34 35 37 52 0 53 8 21 18 2 2 59 39 36 16 34 34 56 13 0 56 47 22 55 13 38
57 40 32 22 36 37 46 52 56 26 32 33 37 24 22 7 48 13 26 25 31 54 24 39 49 22 47 39 24 27 50 37 19 55 38 13 54 48 16 3 8 19 55 30 43 27 20 33 49 25
7 30 12 38 24 11 11 51 50 57 21 55 58 49 52 18 4 54 35 14 47 15 12 59 34 6 0 23 39 27 52 47 49 15 6 26 48 30 43 33 30 33 1 27 45 28 3 2 55 47
11 28 25 58 42 59 11 45 4 23 58 49 12 19 15 39 3 43 59 19 13 4 15 15 39 9 45 25 57 14 12 34 15 37 34 45 25 13 28 3 22 1 38 4 1 18 3 2 11 0
39 23 25 25 59 33 28 46 55 55 0 36 19 36 10 34 48 54 45 2 22 14 31 1 46 9 50 11 52 11 54 36 19 14 26 24 2 5 46 29 9 36 55 25 58 41 53 1 42 35
48 53 32 31 52 29 50 50 39 54 43 33 29 21 45 19 23 0 27 55 42 23 41 10 2 32 6 34 1 43 25 57 26 11 29 17 16 51 24 15 27 23 48 5 52 14 53 19 42 30
38 28 54 40 39 38 26 47 39 20 44 28 38 53 8 16 47 24 43 43 48 47 17 14 41 5 48 0 20 43 8 23 42 21 36 48 10 49 50 39 32 14 45 35 11 5 37 26 14 33
59 30 33 37 42 38 45 43 11 53 29 58 13 5 23 27 18 30 20 41 7 13 48 49 49 50 45 15 24 5 23 36 59 53 2 20 49 29 29 33 45 34 36 44 14 15 34 15 8 19
27 23 44 28 21 37 22 42 13 24 9 9 12 47 12 54 0 14 51 47 33 37 39 29 33 16 22 3 42 59 38 55 35 55 52 47 49 0 1 0 33 43 10 21 7 32 52 20 58 24
12 31 29 43 13 35 40 34 40 40 51 14 20 28 30 41 52 31 27 32 15 4 36 11 10 4 55 28 37 24 10 19 16 39 36 35 2 31 6 25 48 8 5 56 1 36 17 8 19 36
21 29 32 3 58 9 58 58 41 8 45 37 36 7 17 17 33 45 16 47 48 21 53 19 14 27 51 0 16 34 44 20 2 20 22 17 17 10 49 3 52 23 9 10 51 13 36 11 14 46
50 23 39 31 37 17 44 44 0 9 40 42 27 55 1 38 54 53 45 0 16 35 7 46 20 4 54 17 19 52 51 41 40 33 49 53 44 15 30 50 11 28 30 19 39 49 35 6 9 2
22 15 37 57 9 33 33 5 4 56 44 10 37 56 2 17 43 2 4 1 9 36 16 43 50 52 38 5 32 12 17 11 16 44 32 20 0 36 25 50 18 30 45 55 45 46 6 14 52 22
12 11 9 17 38 28 44 22 14 30 14 57 35 38 19 51 23 48 24 53 1 0 6 30 18 38 23 5 7 19 22 35 12 10 44 59 7 58 56 24 9 45 46 46 29 26 46 4 18 45
28 45 56 34 34 44 44 24 0 49 19 31 31 29 9 37 32 10 23 18 5 21 3 28 10 19 12 1 54 56 25 29 15 28 24 1 26 47 39 17 5 23 42 20 12 50 31 9 6 3
4 6 30 12 6 56 25 14 46 11 23 4 15 40 36 18 19 33 7 55 29 2 54 15 48 17 3 38 36 49 27 19 16 52 0 37 36 23 5 19 43 23 39 11 55 54 58 50 8 31
7 33 42 9 40 36 6 13 37 57 3 41 17 13 31 9 49 24 17 10 20 49 42 56 56 24 9 16 6 48 59 28 3 8 53 4 41 57 42 7 29 13 53 43 31 41 25 17 25 10
5 6 32 11 22 4 49 24 16 3 51 25 55 22 1 56 58 28 45 14 39 9 24 13 43 41 39 51 24 32 18 28 44 0 26 59 24 31 59 8 53 25 9 11 49 23 49 13 48 9
20 51 15 26 15 55 13 52 8 1 9 2 40 18 32 24 1 44 53 39 42 57 20 12 21 43 54 49 40 2 13 21 54 3 5 22 6 33 26 59 31 51 0 38 27 23 20 13 35 6
12 55 39 36 3 1 52 36 44 40 10 32 35 52 56 58 9 40 23 17 26 28 5 20 15 33 3 48 42 13 58 53 33 49 59 9 54 17 57 21 6 57 9 38 28 26 31 41 37 58
58 12 15 21 47 23 14 11 32 35 20 47 33 51 17 34 26 13 57 41 5 36 52 7 16 8 31 31 15 48 5 8 52 39 3 7 13 4 22 1 8 40 52 22 41 25 22 16 22 27
19 25 30 45 58 37 54 5 52 22 59 15 50 57 24 46 55 46 9 25 50 21 34 47 58 52 55 24 8 54 6 23 9 25 33 4 2 29 18 39 39 16 57 53 18 13 58 54 12 56
32 54 6 32 25 31 8 54 0 18 13 58 40 50 21 9 45 59 21 13 17 58 27 16 56 23 21 57 8 39 45 11 12 29 11 35 8 28 10 58 13 29 57 6 54 35 57 51 32 48
28 3 51 52 25 47 18 4 46 43 31 24 13 28 15 12 9 29 34 11 45 10 9 9 35 9 44 11 3 39 4 40 58 4 52 17 44 20 56 57 56 3 51 37 0 0 38 41 31 12
39 29 44 23 7 37 14 8 17 59 37 19 30 7 12 38 56 48 27 19 23 51 1 36 34 27 37 45 21 30 56 12 26 31 7 17 47 41 18 50 51 6 55 55 33 52 59 56 39 2
3 31 22 2 19 34 39 59 16 1 17 51 3 43 32 2 45 18 56 34 35 29 22 5 55 14 7 37 14 44 20 23 10 25 17 48 52 6 13 21 27 41 21 52 48 49 20 20 35 22
23 24 16 34 57 54 55 11 26 47 1 40 21 22 54 29 2 40 50 36 14 43 6 42 8 31 14 18 40 30 41 36 12 15 33 49 23 8 38 57 39 59 17 18 24 8 59 54 5 42
22 43 36 22 2 50 53 31 46 52 6 4 45 34 28 35 51 27 7 39 35 0 28 41 24 28 2 4 41 44 47 39 28 15 25 34 23 26 37 47 42 21 38 39 11 52 28 36 36 37
44 17 30 14 22 23 10 4 21 2 29 47 8 20 37 38 48 57 47 55 1 19 55 30 47 56 52 38 56 32 27 48 24 58 52 31 1 48 3 3 42 25 31 16 58 23 31 11 30 13
32 19 13 35 21 37 46 19 20 12 4 15 25 46 48 36 28 32 48 12 5 32 29 5 48 57 18 45 54 50 58 8 32 16 47 28 55 45 8 48 7 15 6 32 31 12 42 33 26 3
57 28 20 5 28 5 48 55 19 53 21 28 22 41 39 26 32 53 44 2 41 36 24 10 37 33 33 1 1 45 58 29 19 19 28 46 41 10 18 27 38 51 10 55 32 37 30 46 32 1
51 7 3 12 18 39 27 19 9 8 11 34 32 38 4 45 20 45 27 11 53 15 20 51 14 12 15 41 44 1 34 23 57 43 23 7 33 50 27 36 18 16 47 7 37 27 1 14 23 15
48 29 3 15 37 52 52 34 12 34 37 11 32 57 8 21 44 24 56 10 50 50 6 24 39 19 10 34 35 18 47 49 17 47 1 45 49 12 18 40 53 32 8 37 31 34 40 14 51 43
3 41 36 13 45 57 22 22 20 36 32 36 21 29 18 53 39 3 7 41 35 28 48 29 21 13 44 27 48 52 31 15 54 16 21 0 0 1 5 27 7 20 59 41 12 21 35 37 57 43
46 2 58 2 59 16 33 27 51 58 45 24 25 47 49 27 41 24 12 44 43 54 6 32 59 31 9 12 9 50 7 46 57 18 56 37 1 5 18 21 24 55 0 41 59 18 53 6 6 27
36 54 57 0 18 44 14 41 46 20 1 34 21 43 51 29 31 4 49 24 37 41 52 13 58 9 12 52 28 10 36 45 11 29 36 13 14 48 48 10 36 37 40 59 25 34 12 1 41 30
25 51 46 46 46 53 28 21 45 6 34 40 36 50 40 1 46 8 34 32 20 11 39 30 53 15 13 55 10 45 10 16 45 1 2 32 11 20 51 4 54 37 3 59 27 3 53 59 10 42
27 30 9 57 24 11 16 30 34 41 9 30 10 24 41 0 35 42 4 58 25 26 31 28 15 34 36 52 56 15 42 54 9 32 42 10 38 50 53 33 42 29 11 37 14 30 44 17 23 3
52 14 30 25 14 45 3 7 51 19 0 56 14 42 37 26 56 0 16 49 50 30 17 55 30 21 6 22 2 28 23 54 5 4 10 21 48 7 39 28 25 5 58 22 29 53 31 8 56 48
8 25 58 50 0 45 12 59 48 1 0 6 51 59 9 52 59 50 38 28 33 32 17 2 32 15 22 12 40 7 55 48 40 45 26 6 57 46 22 43 9 17 18 53 0 35 33 24 24 0
26 5 0 0 50 55 7 15 25 7 42 45 45 17 20 44 4 8 35 48 4 32 7 34 5 42 32 18 8 8 40 7 2 1 23 7 46 36 36 29 54 53 13 9 19 33 51 9 32 19
56 9 22 43 12 38 55 42 4 18 30 56 32 16 26 47 32 24 31 4 4 33 57 40 39 16 15 26 12 52 24 52 26 47 58 42 11 26 19 23 6 28 33 40 29 35 50 27 12 34
12 17 56 21 31 52 48 43 0 3 42 58 40 29 55 34 12 36 16 20 17 22 30 6 39 39 45 11 24 30 41 33 59 55 0 8 17 36 50 36 18 31 50 21 18 52 3 45 13 7
17 45 18 15 13 35 32 59 7 14 2 30 59 57 20 54 31 34 14 1 28 40 42 23 59 10 45 33 21 23 53 23 20 1 55 7 54 9 53 21 10 2 47 21 16 12 37 50 21 31
41 59 24 32 9 41 2 10 13 2 1 30 19 41 34 23 39 31 38 2 9 16 56 13 28 20 1 30 42 22 43 40 49 0 31 38 44 10 54 54 7 9 55 58 52 5 25 5 44 53
41 54 42 41 8 20 33 16 44 7 30 28 0 41 1 29 4 33 24 32 5 38 31 19 25 16 13 51 33 9 9 13 0 14 3 28 51 33 23 19 52 25 5 8 52 50 57 30 56 48
49 51 40 59 19 48 34 52 5 54 43 33 26 51 2 41 20 43 8 0 44 26 17 45 57 33 48 15 54 14 32 57 30 17 48 18 53 14 54 55 40 0 44 34 35 31 4 9 14 54
55 40 25 33 32 33 24 57 12 43 45 0 54 48 23 12 35 38 16 55 51 35 45 17 58 49 38 55 34 42 37 16 2 13 26 7 1 13 20 29 50 11 56 18 35 15 14 51 57 6
55 1 35 39 30 22 17 33 40 55 17 44 56 13 43 42 42 32 9 21 53 0 31 7 23 17 32 14 13 53 31 42 0 27 7 26 41 4 29 41 8 34 11 15 12 52 23 15 41 57
42 59 20 5 0 59 41 40 23 56 26 11 2 49 31 56 19 46 23 17 27 45 18 25 56 15 27 48 34 52 49 47 16 49 23 2 34 47 13 46 15 23 46 18 2 16 20 3 50 32
42 26 5 28 18 40 31 51 22 28 47 18 11 10 24 59 3 48 0 7 29 43 42 37 49 4 28 18 41 19 23 2 22 24 0 41 25 56 12 10 55 52 9 8 32 5 52 53 30 3
24 8 3 35 5 29 36 30 34 29 56 24 23 47 14 58 25 33 34 10 45 41 6 37 13 40 49 2 22 53 40 46 24 46 20 23 18 43 37 19 27 20 8 25 56 54 51 11 18 22
21 17 29 46 18 44 15 28 48 29 38 40 13 49 14 54 26 46 30 17 38 54 57 39 50 36 8 17 44 7 48 46 8 1 12 22 39 46 55 45 12 0 19 31 14 6 51 13 24 49
20 22 26 40 49 46 47 40 0 44 55 38 17 16 55 49 39 27 3 24 50 34 24 10 15 58 9 58 49 19 46 38 7 16 6 32 36 45 4 25 32 43 44 53 12 14 23 16 52 1
18 6 37 13 5 34 5 39 48 34 24 53 6 23 44 56 22 14 8 32 34 12 36 54 33 50 24 51 1 42 42 2 34 16 4 52 57 40 50 20 55 56 32 20 23 26 53 8 50 9
21 49 56 2 41 44 20 56 5 56 57 2 0 25 44 15 12 49 8 6 2 18 14 15 16 21 4 34 35 19 34 43 45 16 8 55 28 49 36 7 43 14 50 3 45 24 25 11 9 8
34 32 44 41 41 8 31 26 8 56 54 30 30 45 52 11 48 46 34 50 6 32 36 57 2 22 36 4 11 43 42 14 25 5 19 42 37 22 15 12 35 47 1 19 19 57 18 47 9 10
42 13 40 14 38 40 9 16 2 58 1 44 8 4 0 55 4 31 7 57 53 21 52 18 18 15 59 32 18 17 0 18 31 4 31 41 30 40 21 53 25 13 17 47 55 49 6 2 43 39
58 9 40 17 48 12 44 13 41 27 46 41 8 29 28 5 48 4 8 35 24 1 30 3 27 58 24 11 8 41 21 12 18 47 8 12 4 52 14 34 56 1 27 41 36 40 33 40 5 9
54 5 42 50 45 37 26 6 2 7 47 29 13 23 46 9 14 2 51 0 49 47 3 26 30 50 40 22 48 15 9 50 43 9 4 16 38 44 7 32 39 6 43 10 13 43 9 9 56 46
46 59 22 34 7 5 59 8 51 53 36 59 23 30 26 29 51 31 4 39 53 28 6 32 32 33 43 28 30 18 55 42 37 2 16 32 45 51 21 41 50 27 31 5 28 28 29 7 16 17
37 56 23 17 11 19 54 0 21 32 20 39 1 43 18 7 49 10 22 0 56 34 30 53 42 14 17 6 40 28 51 37 15 58 11 22 18 37 30 56 3 28 41 11 48 25 23 16 38 50
5 55 37 27 35 13 43 25 39 15 35 19 54 28 13 4 14 13 9 56 51 29 26 42 15 56 32 31 38 23 47 19 50 5 3 4 58 34 24 18 5 42 40 2 45 35 26 38 42 11
19 53 46 29 42 40 39 16 48 39 1 38 40 9 46 10 18 32 34 50 8 24 24 46 27 55 33 47 19 53 24 59 26 0 42 49 26 58 21 48 47 28 39 11 6 21 5 39 50 38
9 36 57 21 59 35 23 49 14 35 41 2 17 38 6 30 6 39 29 26 19 57 43 38 3 6 42 7 15 50 53 6 37 48 23 21 39 3 26 14 39 40 0 57 43 35 50 11 58 36
37 30 22 9 45 27 45 26 49 39 1 54 9 43 29 23 36 13 20 52 42 16 56 49 58 20 11 19 1 6 56 58 55 54 42 7 26 53 51 35 25 15 38 5 42 21 4 53 39 27
55 44 34 14 53 4 20 52 6 21 23 57 6 57 9 44 41 48 39 0 12 46 53 1 25 23 29 53 25 51 4 1 43 51 58 46 48 1 7 14 29 11 55 3 35 44 0 36 28 40
38 41 0 24 14 20 37 11 26 20 47 42 3 11 7 46 2 23 46 33 49 44 3 51 34 14 22 1 39 30 27 47 59 7 7 17 43 59 34 23 30 20 13 48 3 1 27 49 45 39
27 8 12 59 0 37 20 3 41 52 42 23 54 52 0 29 28 37 47 7 23 32 15 34 14 49 40 38 52 56 13 39 15 31 8 33 59 35 29 5 38 25 35 13 18 34 42 23 56 0
23 46 20 12 40 59 25 7 15 34 39 43 6 16 8 30 4 58 24 48 49 57 7 44 59 19 19 8 32 11 19 48 23 21 31 49 47 43 4 58 27 7 17 10 32 32 2 45 44 56
58 28 24 46 9 17 34 49 20 22 43 56 4 45 8 47 33 11 9 14 30 51 51 42 16 22 18 32 5 26 52 5 24 37 3 35 31 13 6 9 23 40 58 22 20 59 55 4 48 37
45 25 38 47 21 23 25 44 9 13 24 31 3 33 55 33 16 18 16 30 4 11 31 5 3 55 4 52 36 12 35 16 44 16 23 20 28 13 7 10 25 49 17 7 51 17 28 47 30 3
4 34 7 33 34 21 41 47 13 23 47 30 12 9 24 18 47 30 10 9 45 43 28 26 30 22 53 48 6 11 38 3 4 27 32 26 17 3 19 11 46 7 29 51 42 8 41 49 48 5
33 7 40 58 32 11 45 15 54 53 54 56 34 2 29 16 56 17 38 11 36 25 36 45 24 35 16 40 59 56 12 29 1 55 25 47 34 6 33 19 19 23 0 12 37 48 14 22 22 15
