10 10 100 100
42 30 3 47 22 7 57 45 49 35
45 28 40 9 21 20 38 5 29 58
34 4 55 56 24 10 29 56 21 13
48 7 30 13 10 9 17 43 42 14
22 33 26 20 29 58 36 30 51 1
23 29 53 17 33 22 4 59 49 27
26 1 46 37 42 48 53 0 55 11
12 49 11 55 52 39 48 26 30 53
59 38 23 16 24 6 57 27 33 58
6 19 17 3 51 56 51 0 15 22
29 30 58 7 49 46 44 7 19 45
26 34 47 13 40 20 49 39 13 37
26 55 12 14 8 54 4 23 11 56
45 28 0 47 1 39 42 44 1 22
12 14 24 39 25 24 35 29 45 24
9 29 44 52 41 36 9 23 37 15
37 41 15 20 46 52 13 26 4 5
2 10 1 49 18 0 28 3 22 45
52 26 28 3 17 26 0 49 48 2
0 8 44 27 50 0 49 30 6 7
