169
67 97 45 11 116 54 88 59 30 115 21 73 128 83 139 57 64 153 16 66 29 34
131 50 92 113 149 155 110 164 58 15 135 70 140 108 47 109 37 86 69 85 22
106 32 72 93 20 101 112 52 80 38 68 141 119 23 60 134 31 36 159 61 147
152 107 24 10 1 157 94 74 51 120 63 14 161 121 114 122 118 133 146 166
65 13 18 102 130 132 125 4 145 81 98 151 95 129 142 127 48 8 96 137 111
138 124 87 41 5 55 53 12 103 56 28 27 99 89 9 19 3 160 162 148 6 144 17
78 7 104 62 79 143 154 150 117 168 35 156 26 82 169 100 167 91 71 33 90
165 163 84 39 77 44 43 105 42 25 49 126 2 123 40 136 75 158 76 46


