318
206
201
43
208
60
53
284
94
261
40
87
21
229
151
99
300
192
199
310
13
45
61
115
245
222
8
203
101
165
304
39
47
283
179
130
56
71
241
166
68
74
77
210
286
111
7
112
116
108
3
275
317
34
164
139
202
190
80
291
170
69
297
278
73
84
38
290
142
1
171
18
114
293
57
214
145
204
131
153
10
307
168
52
58
254
27
314
89
133
196
183
302
269
64
106
280
257
226
289
292
252
88
274
211
247
31
207
148
221
249
5
200
36
184
104
105
92
271
63
125
232
119
11
91
67
251
12
219
132
215
127
35
122
234
272
186
246
181
313
263
103
197
17
169
79
65
295
4
198
33
162
6
54
97
129
253
15
189
264
23
118
288
49
123
244
318
250
187
256
266
177
42
167
82
48
218
172
235
279
100
37
150
255
30
110
173
223
194
135
124
70
308
216
188
242
120
14
224
281
55
90
85
273
298
296
44
16
29
20
193
51
282
205
28
270
303
149
258
75
267
147
25
26
154
236
96
231
213
191
126
41
182
268
107
220
46
134
152
83
175
117
157
146
24
248
140
178
225
315
240
78
86
109
277
312
121
137
76
262
276
141
180
243
50
265
72
159
59
239
66
212
233
305
209
217
299
138
230
238
185
260
144
294
128
306
136
309
102
113
9
156
32
311
2
316
62
228
143
237
98
195
161
158
227
155
19
176
93
81
95
301
22
160
259
285
287
163
174
