177
4 9 176 72 134 70 96 77 164 149 52 29 47 76 10 94 37 56 166 14 139 79 83
177 69 87 22 30 32 55 13 163 146 60 124 67 33 157 126 100 155 173 53 88
159 42 128 43 97 81 40 5 89 123 51 34 170 130 119 165 17 41 133 36 57
153 110 18 125 46 48 54 20 141 66 7 8 71 38 121 122 108 145 26 59 95
140 132 111 172 106 135 156 147 93 91 2 105 12 58 84 131 21 78 28 113
109 175 63 160 31 39 143 118 104 82 65 92 35 25 50 171 3 75 161 174 129
16 167 1 64 120 115 148 103 150 11 162 68 151 158 117 98 61 62 86 127 15
90 27 6 136 137 154 102 24 23 49 168 144 19 80 112 114 74 45 99 107 44
101 116 85 73 142 169 138 152

