236
105
150
97
136
79
157
58
109
101
187
231
55
29
34
104
228
54
145
69
120
129
200
123
110
6
194
20
177
148
53
116
226
112
12
38
223
21
11
208
179
50
183
73
57
172
62
170
106
49
211
63
51
198
133
3
31
140
35
154
158
7
91
87
149
115
80
94
68
197
184
77
37
220
71
178
48
16
126
135
180
206
132
72
207
74
43
75
203
144
86
89
88
146
23
201
61
165
212
216
17
173
9
169
111
41
130
64
209
121
22
162
8
40
164
153
39
19
84
174
83
234
124
90
15
142
233
224
70
161
27
47
139
199
215
222
160
78
218
65
114
235
128
181
196
219
204
100
138
108
117
151
191
189
44
107
171
143
113
28
36
102
176
185
141
32
99
193
82
1
125
192
168
188
229
131
60
14
225
119
46
30
182
186
210
202
103
92
95
98
155
127
67
81
195
134
221
159
52
96
18
213
85
163
25
175
217
137
5
205
2
167
42
76
13
122
190
93
166
56
26
152
66
227
118
214
230
45
232
156
147
24
59
236
33
4
10
