500 264
6 19 98
5 18 83
4 4 35
3 6 30
8 13 62
6 13 63
4 3 19
7 8 55
5 14 97
6 16 96
3 10 21
1 8 14
9 4 8
4 14 52
3 10 52
3 18 89
3 10 6
6 2 88
4 16 12
4 18 86
5 15 15
7 4 11
5 13 59
5 11 46
6 4 17
6 16 16
4 15 28
6 12 56
1 4 17
6 5 74
7 7 75
2 9 56
9 12 61
9 8 30
5 19 34
4 13 30
3 5 72
9 2 65
7 16 48
4 6 79
2 10 54
7 12 18
4 14 72
2 10 62
4 8 8
2 5 96
8 14 14
3 14 88
6 18 35
3 16 76
6 19 84
8 17 63
1 7 52
9 7 24
4 18 66
4 8 82
3 12 95
3 8 32
7 6 25
7 4 32
2 4 54
2 9 21
7 8 11
9 5 44
7 7 87
1 4 84
8 15 54
3 12 28
9 6 86
3 18 10
6 8 4
3 18 33
1 4 25
7 10 4
2 4 24
1 7 85
7 18 48
9 1 9
2 7 79
7 14 17
9 12 74
3 17 54
7 13 50
1 15 61
9 11 34
3 10 36
3 10 71
1 19 31
3 3 27
4 9 57
3 15 74
9 3 21
9 3 16
5 2 37
1 5 10
8 6 92
9 7 62
8 4 97
5 1 12
4 15 63
6 18 92
1 13 62
6 1 17
9 12 43
2 11 3
4 16 59
2 9 77
5 12 80
5 16 31
5 15 68
9 19 81
4 8 20
6 19 45
6 1 2
1 9 22
9 9 57
3 17 8
2 11 65
5 3 31
9 5 83
1 7 86
9 18 78
4 11 28
9 11 9
3 16 20
7 10 6
9 16 77
6 4 66
6 16 45
5 5 85
4 16 19
9 16 54
9 7 94
6 9 96
9 9 66
9 6 66
9 9 51
5 14 52
5 6 35
3 9 25
8 16 82
9 2 63
6 10 96
3 12 80
9 1 40
6 2 65
2 16 11
3 11 15
5 11 42
6 17 43
3 17 45
5 11 68
2 9 26
4 7 42
2 3 33
5 8 70
2 8 2
6 4 21
1 18 65
7 2 61
8 6 64
5 14 21
7 16 86
6 2 9
9 10 25
9 14 95
8 17 77
8 9 98
9 16 5
1 9 6
4 13 91
3 17 83
9 9 51
6 7 92
5 4 50
3 2 13
4 18 27
8 16 48
7 17 27
2 4 81
7 9 25
7 7 7
8 15 65
2 12 47
5 8 64
6 12 52
4 1 34
7 6 58
9 8 17
6 7 85
3 7 70
1 5 12
8 3 22
3 8 34
3 19 22
8 7 15
6 19 34
9 19 53
6 11 23
6 1 66
4 14 71
7 9 6
9 11 43
3 6 5
1 14 5
4 15 63
9 11 13
5 12 65
6 4 42
4 12 10
2 4 75
6 5 89
4 18 70
3 6 2
6 4 84
3 13 17
1 18 96
6 3 72
7 3 75
2 4 16
8 3 49
1 13 11
4 11 39
3 2 82
2 3 91
5 7 17
7 13 27
1 7 47
6 16 93
2 17 69
1 17 20
8 6 35
4 16 29
1 11 95
2 19 77
4 14 23
6 3 34
9 18 92
1 8 2
5 16 25
6 7 96
7 11 72
4 18 58
6 17 55
7 4 12
7 19 86
2 5 45
6 19 3
6 2 87
8 8 27
3 4 94
1 9 66
5 17 98
1 5 20
9 8 59
1 15 76
6 13 18
6 13 22
2 17 4
1 18 65
9 16 1
2 12 57
6 8 36
4 11 99
8 7 30
1 18 79
2 12 82
3 5 52
3 9 53
7 15 8
7 16 83
8 5 7
9 9 68
2 7 15
5 16 72
3 10 78
3 16 6
3 4 26
6 15 38
4 10 73
8 2 71
7 17 98
4 15 26
1 11 20
6 2 89
6 2 43
6 1 73
5 15 29
8 17 20
8 7 58
6 1 50
9 4 10
5 10 69
1 16 37
6 15 83
8 17 93
7 6 93
9 12 19
6 10 43
9 7 97
5 2 95
1 9 43
3 8 70
2 3 64
1 10 14
7 1 80
9 5 16
6 11 46
6 11 30
3 17 97
8 6 99
5 15 25
8 9 59
4 7 30
7 9 4
4 15 70
9 10 66
2 12 20
5 18 65
8 17 8
8 8 83
6 8 96
2 7 59
7 8 10
9 2 41
7 10 39
2 19 23
5 11 82
3 11 18
4 2 36
2 12 40
7 4 41
7 4 19
1 11 44
4 18 19
9 11 85
2 6 56
9 18 66
9 6 82
8 16 26
6 10 83
3 6 83
4 14 11
1 19 92
4 17 30
8 17 23
5 12 58
8 19 94
6 14 99
2 10 2
3 2 67
6 2 19
6 17 72
5 4 63
7 13 23
9 8 76
2 9 74
2 15 3
9 15 58
6 4 65
1 9 69
1 14 12
7 9 52
1 18 55
5 9 2
4 4 64
8 6 36
8 8 91
6 6 94
6 13 32
5 16 59
1 7 72
3 14 87
3 2 80
3 5 3
4 13 43
1 6 38
8 17 36
5 12 15
6 7 55
5 11 76
1 8 46
1 8 57
3 16 2
5 6 19
5 11 49
2 19 29
4 19 6
3 2 54
8 16 77
4 18 45
5 1 77
4 1 83
4 18 88
6 10 53
5 4 94
5 18 44
8 10 68
5 7 76
5 3 37
1 15 94
7 10 94
6 14 35
4 11 23
8 11 85
5 17 90
7 8 52
5 1 78
8 3 6
7 19 92
5 12 95
7 13 1
1 9 9
8 12 23
9 13 64
9 16 28
1 8 28
7 18 2
3 18 63
5 18 77
4 5 82
8 14 21
2 5 82
9 6 87
1 2 72
3 13 64
5 14 14
8 16 97
6 15 68
7 13 31
7 11 36
7 4 14
4 13 98
6 15 32
6 19 92
3 9 2
5 4 44
1 15 29
2 16 82
6 15 34
6 11 30
7 11 72
2 15 23
3 16 61
8 19 30
9 7 10
1 14 58
4 15 5
5 9 73
6 16 27
4 1 7
2 18 57
9 17 86
6 1 2
7 4 18
1 5 1
1 8 18
8 14 1
6 8 4
5 16 88
9 1 18
2 15 32
3 4 63
1 6 45
2 19 19
9 8 81
8 7 11
8 1 14
6 14 49
3 9 15
3 19 65
9 17 81
7 2 78
2 14 13
1 8 13
4 5 52
4 1 93
3 19 91
3 18 60
7 12 73
2 17 9
8 10 94
5 19 38
1 3 94
5 15 14
8 1 95
1 17 44
5 14 52
3 6 74
7 6 15
3 3 90
4 13 72
7 4 61
3 5 64
4 10 50
3 18 90
8 4 40
6 5 39
3 15 68
3 4 52
