100 91
1 12 13
112 12 8
128 17 3
142 9 8
152 3 6
165 14 11
165 14 9
179 2 4
197 19 12
208 11 18
208 3 18
216 15 15
231 12 6
245 5 1
259 1 4
26 12 1
268 18 14
279 7 4
294 5 14
299 17 3
316 16 18
325 11 18
333 1 8
339 8 18
351 3 17
370 4 18
387 15 6
391 7 7
392 9 10
398 17 17
413 1 17
416 18 3
424 7 15
43 14 10
435 4 7
436 5 3
445 5 12
446 6 17
447 10 9
465 1 13
47 13 1
47 15 15
480 16 4
487 4 3
503 19 18
506 9 3
51 8 5
523 6 1
535 14 17
551 7 9
564 16 2
573 17 18
590 5 12
597 3 2
616 14 10
633 8 1
641 2 9
65 18 14
653 12 12
663 5 6
682 7 14
683 19 11
690 2 16
701 17 1
710 7 3
723 6 19
725 17 12
741 2 16
741 6 4
759 16 9
769 4 6
785 8 2
803 6 12
806 13 18
808 19 2
823 3 1
83 16 18
830 18 4
845 11 4
861 12 14
873 14 8
890 16 11
9 17 19
909 7 1
924 5 4
939 15 9
95 8 17
950 10 3
961 8 19
973 19 2
992 19 19
