10000
29429
93066
29695
83226
18556
37301
85195
38889
20382
27580
60203
21346
16557
61774
67196
83597
72
19849
56079
525
47175
67205
49622
39864
40951
16311
70410
90686
82497
26340
57731
41594
50632
45466
97843
25802
96083
25532
16056
75311
81073
63772
4072
51345
267
51260
81016
43244
43999
32798
11589
53007
89717
7905
29794
7662
32592
27619
41668
66656
91231
66775
5445
16459
49411
76467
12612
69548
19799
46373
18267
9992
40576
31626
94243
52788
40907
23927
3416
9167
36200
71583
18646
75039
39087
78158
34778
84772
97064
34426
47159
97488
92727
63309
95082
8067
67550
82493
93618
50
55123
14411
2266
82617
34818
98269
3846
78837
41784
83815
92098
57378
94239
11534
91397
24860
23985
8957
57042
21036
21073
57765
29548
83998
28577
11389
41375
77588
48396
67780
99542
98203
44035
27047
92552
3183
51286
88640
95077
27966
32768
67777
68827
84204
37246
35794
83053
56022
49671
14108
3117
36607
42887
76481
20560
72317
66930
39275
23121
6503
36860
44376
28124
40216
5076
64492
27688
52000
29030
85490
19193
43962
70294
45479
19430
6283
85910
35317
85887
17390
97969
90229
93595
21951
52339
27232
40985
53889
2501
8038
83180
96608
79414
32142
16169
97609
33353
89773
60298
79692
58664
29384
16514
15923
37355
19399
93799
60565
62486
8869
31235
53142
27266
16752
63133
37848
90823
4488
673
65469
56568
11562
28471
70008
24091
58752
39543
37216
532
48725
57069
7192
82361
18697
16422
78263
43512
24827
5885
4313
90789
63032
89493
2766
72509
55921
60450
15389
51295
60531
98538
89124
76970
76545
29981
69124
20490
59690
13176
21183
54843
69999
98750
25749
93861
9620
37362
10703
24884
29867
33704
15104
96198
12196
70124
1066
45211
52791
48324
55977
78273
5457
22555
52235
38108
62495
22753
56687
19769
78256
91060
6969
21079
65057
80154
96922
38464
16152
86842
38283
44154
35433
19333
90825
5654
78566
21649
78155
33445
35232
3601
31329
67840
7174
49764
27494
40946
61735
5899
15742
74652
65560
66248
47344
594
28175
10155
52585
13032
10109
61431
31349
90568
75255
68912
49678
47660
92160
31655
59462
1847
13923
17186
83473
67640
91402
46266
32908
13013
99398
42588
49645
39423
80525
70858
90393
71307
36439
11691
94922
65990
21116
46761
5565
79934
15872
52645
30174
52282
90806
26788
65726
91616
82360
94046
24752
76879
41674
67224
31794
8397
33432
60055
82066
69929
89889
76068
79510
87698
49750
21759
96430
97327
36613
17528
21903
54623
56637
4795
91141
51149
20148
72760
12999
20513
16848
53214
37818
46326
99334
56864
32782
7749
54595
49596
56988
23579
68197
92120
53405
80808
10820
91424
99921
58593
1851
37488
86652
83568
29716
23692
11716
77451
33639
74344
12646
82862
76506
27781
75638
78313
63540
48474
89816
18285
86460
66571
38704
59346
97813
68319
46099
58243
45174
85808
18516
52899
19894
59462
51409
62264
88
71725
91350
65942
92547
75374
71345
49550
3265
64904
61492
26734
91264
64407
2150
73781
85411
30400
11821
37764
68908
93031
86924
4170
61149
84100
35650
34923
51618
25332
13087
12770
65542
75346
49806
52937
65952
58750
91084
68024
21869
25802
88969
97045
97287
16075
14352
34576
40644
24567
81259
20931
79470
93685
528
79319
49895
79548
5071
10902
15713
66042
13909
83705
56681
25071
27159
76316
30744
46431
69167
62297
39873
85754
21974
46266
54204
3954
16304
87573
74169
96619
72250
72507
35295
36773
6868
20983
85374
79464
50840
38635
88680
1600
41413
50254
36922
75477
83798
75518
71630
99440
98207
32941
47647
34104
94724
82977
92424
17584
43197
46235
40808
58165
30338
57713
49996
27850
21216
43017
24363
5224
67327
27486
4833
41076
28447
14161
2492
45205
424
91549
81126
17863
66133
57093
18371
74258
11746
67324
166
35564
75537
50590
28194
84876
21381
43334
44994
11531
54154
35838
6447
92264
19220
38379
56298
82602
53173
3736
82432
16957
78050
66972
59562
40848
56184
88452
8040
23684
47883
11012
23464
25560
39142
67227
56775
16485
31546
97717
49527
71497
11580
66425
54027
90084
41515
83804
93015
13373
39065
73848
38594
37499
38001
45918
15079
46604
46911
57280
55459
13913
48289
77310
66162
44296
5143
89297
79810
56790
67318
90772
643
30488
94701
78323
72315
62246
39522
27809
22734
9647
54910
5931
65644
17657
21916
74076
63633
52406
12181
70399
82247
90538
28428
81051
89919
37562
89982
36516
83370
73650
55489
93972
43202
50309
39
91635
49336
86373
88864
86009
11020
36742
14806
7979
91061
32323
91745
98700
28990
14589
21170
11196
92835
13215
74082
88628
14204
40207
55414
55159
86341
98985
43167
80350
29877
31828
19427
3029
55927
54154
35476
25577
81249
49042
78166
14553
75135
20448
29752
68607
42730
28550
38368
39619
74468
55662
41339
17998
16300
76147
8508
18067
40418
28779
97771
24504
21155
14972
40011
85735
45739
71337
95606
65253
14611
89991
49714
86771
10968
85048
38512
34173
44245
28750
23577
92181
97200
5660
56605
38679
31302
58357
1643
24641
30112
23079
7034
2594
85334
78733
44249
89546
55234
57736
55813
75335
50106
92097
79486
12317
24477
93200
40913
47342
80741
88712
31913
81955
13901
65052
16596
71753
52118
88876
32514
846
72743
5994
78999
92341
98524
41167
9913
40816
3686
47223
72970
77688
84549
76929
62831
5437
74389
76046
80157
61615
7232
21021
13801
98576
60252
49744
88341
89865
29469
58805
44124
99208
18446
65695
42023
73032
44650
59389
10085
42464
93184
87737
74262
45736
72565
55120
40411
6938
52245
28786
19755
32059
86551
77325
14982
8244
54746
89704
9180
17221
71887
48306
24793
98817
50168
54416
44777
25511
15447
29578
13163
73968
8627
41276
57187
4467
26595
26364
98200
84192
82398
10687
43535
15302
89338
48336
76508
53720
98690
28963
86768
29590
45717
26607
8149
5324
83668
88454
56242
32190
10462
86977
82854
91371
17727
83904
89555
30431
16890
79419
67485
31131
22013
45076
55633
69535
94047
63825
34745
54328
76202
25615
99071
54303
75117
51997
73137
50944
67518
48166
65712
77041
37058
5890
78180
27279
71009
5743
9488
51741
71513
92105
24865
68252
61069
19343
80502
54512
86948
92628
21368
5953
54214
51814
94368
70255
42057
71825
44011
94454
83102
77976
82795
45598
10407
99683
53474
90859
1811
10982
25421
48073
76340
31304
92251
42611
22356
84941
62903
31548
62117
42643
63368
81045
82469
93780
91250
7901
86319
22505
90340
21193
44618
86366
37409
24958
53496
20786
58381
67841
26282
17870
16102
50664
75062
52960
36868
27831
61477
57384
67913
63522
21449
60831
83048
28615
93523
51792
78621
49262
5500
29515
27004
43064
99073
45883
79787
3781
97122
60689
37861
20518
43386
58718
30592
42315
69179
2082
71252
24093
66847
16252
80920
14874
74647
33214
98021
74236
2744
40195
15697
27918
55007
7391
14195
98529
26290
93136
80473
72289
79896
49948
32185
87743
34896
79902
88262
57388
18006
12739
53252
58144
59695
5183
7624
51609
39229
84878
21216
20045
8315
87394
32007
29014
48060
59736
57420
52617
38904
28796
30324
22267
48243
58180
76936
84936
65401
41858
78797
81809
38668
8063
86030
83291
94061
31880
74040
41292
40524
79971
60871
44741
91229
35858
27392
89257
55691
79213
7495
96916
82361
17597
40510
47062
56396
94062
3009
4075
82300
19086
62196
53065
6105
249
18060
79405
56799
68109
26491
53051
11674
21704
20540
3584
15291
42116
72007
96914
6747
47548
60551
49579
34920
88336
42512
41584
66406
5338
36614
13703
15806
148
68768
60207
53068
90555
43128
52920
67573
49697
31617
57578
93633
52348
99087
28399
27121
76762
6317
91819
87884
35530
58032
55320
7653
33871
88124
2304
48133
78811
99271
58926
78943
87668
99136
43847
70122
69300
335
36831
78861
76535
76369
27126
35170
53241
90688
27572
56150
24453
41101
65364
43573
3009
86692
85415
44445
11124
49455
27258
79249
40347
7815
61411
67549
98334
24234
96161
5642
15866
74091
90696
75955
12574
68008
35511
92863
44779
84835
86051
14621
83906
57451
60506
76096
98899
78600
37705
21992
41078
18923
16043
45242
54877
74390
19387
60274
62894
85311
60887
65818
98699
94120
635
76957
85831
34112
58110
31105
86424
66328
65348
97590
67902
6770
71765
45550
61176
11135
36590
49803
8781
9260
69818
39409
26392
6456
7647
18580
26162
93927
33325
14650
75306
35460
79332
32783
88382
22569
71866
22100
76697
15284
3536
82927
3284
10775
45222
69841
16880
6991
33035
70201
63340
53511
91305
62861
97945
6783
77547
86742
47011
31953
60337
73954
92256
18459
66032
27161
76367
1578
55281
45865
53185
7129
15251
31312
30959
61494
78521
24689
82110
34173
4568
58319
17928
5032
84790
24522
51655
73455
57003
91848
98378
51576
40349
23356
85182
8778
26544
76631
69991
59653
88422
90230
92535
12602
91693
86238
5894
21270
20869
43628
62031
5999
55276
22104
49778
37493
56119
41127
8699
99868
50496
43797
67263
75292
23349
294
78779
17393
53238
30546
53517
5621
52917
50837
10459
97757
623
74013
97120
22754
73034
18003
50868
81099
15814
2316
187
44876
12701
37224
29320
74730
39069
35302
54728
95912
10887
19
86804
589
65047
71073
75273
68618
31956
31140
61728
23957
86364
3755
87731
68915
87348
96971
31910
63416
43393
72526
74513
41475
63511
45175
12821
82063
80325
41888
75898
76558
56076
75597
12077
59966
7467
13188
47649
98096
10294
42407
40179
47881
69802
67394
74881
33031
67706
87502
77509
2206
21793
39119
42178
61898
19081
5153
97571
1200
8433
21892
59959
50666
63591
37903
46480
42436
52556
4682
47099
63818
74245
3718
78709
21517
48387
39675
69790
58692
69563
54380
49078
92036
61351
41291
36666
61063
91509
65144
60996
6786
34122
16464
50161
21982
89670
55627
70958
40222
98934
26160
14136
55860
11689
41963
49278
92169
96129
78154
97738
59803
99939
20200
97092
72787
98970
51052
55522
14203
94454
80946
19591
68781
44686
49566
3816
64568
42114
55269
55518
90861
71784
91035
53340
84609
12067
91849
62911
2450
63603
23199
98069
20581
17415
65369
61091
29652
98114
73224
60357
16862
43140
16169
28907
52456
3978
27974
92299
22794
80284
21144
59231
77202
22853
45536
33349
80767
66381
95891
69691
90288
77944
97991
24188
95553
32136
28107
69675
93135
48809
45440
76842
84897
54350
42238
83564
18393
52417
41274
1046
11348
15107
95379
30227
27407
30448
68704
86867
95346
67199
4420
58768
88924
42851
8525
43563
9562
5807
4447
40508
39055
67646
38147
94709
54478
46431
38387
17238
22490
6983
61868
29558
15225
9069
77911
5704
14950
99440
72391
10658
99673
8647
75578
58351
26908
38586
43605
37726
57761
51699
48235
80317
88543
97777
54606
67757
82085
39294
91667
2673
15953
61217
44966
91395
89737
76222
26493
11917
58618
61262
1263
65551
85386
86418
75319
35713
28106
21971
74852
2269
5616
34642
71127
84889
8040
8914
30887
13843
44515
54411
96936
51672
45305
85226
28594
14183
60506
82179
56689
64186
22509
73910
32799
76436
64434
97764
77410
97191
11695
26395
56696
46849
88907
71030
42595
39076
9304
97336
35874
14889
38873
14816
56869
15103
52379
25676
33589
39608
23466
44114
41875
66894
16036
21941
77288
32264
69082
41502
63431
88181
92166
61804
26381
95183
13724
28821
89922
16792
49400
85882
71266
16878
82580
45106
81951
82893
74321
5797
63602
23421
44865
30765
13240
13486
93922
16477
77834
86052
51905
18009
22774
93145
79319
14710
3962
85052
56471
27532
98201
81012
30710
23953
71570
29858
13366
71441
90481
84036
43589
25382
5095
35432
61264
62432
59786
86469
56204
95200
10352
54876
85791
29227
52644
35605
78270
48188
92309
68299
63865
38247
10341
83775
927
87515
4109
27937
89277
21543
8570
86585
87955
60787
27342
59518
79535
10979
28326
57412
48232
22356
83570
19878
63942
78660
58057
78147
89446
1873
77103
10831
52934
83608
27063
66182
53055
79092
69017
49287
88670
24697
70141
97656
30501
64927
82431
93614
76863
99831
23487
86949
60666
88753
39030
26259
99869
71372
51844
22418
8586
91964
26837
92616
11020
37822
6898
58396
25414
27777
99240
96141
10214
11750
16929
63430
89624
67284
5262
49720
746
3975
7708
24773
29481
11762
51082
83285
27399
13993
54646
9130
26744
11222
92818
7684
95777
26659
66192
79645
1632
89219
60539
34796
72890
15112
98483
69148
79033
73900
13547
53898
68993
49962
1240
9643
35964
35316
26895
64283
670
14714
94918
18054
30284
28972
9164
64128
35170
27449
79104
38216
10654
45633
51484
95610
15993
68755
72165
39113
7748
67379
7811
46273
69727
15905
82148
69378
6713
29910
6444
6644
94133
83287
8927
68028
883
91098
92806
84105
27479
69087
77602
31460
26734
5796
3461
73006
99131
8213
3146
36693
80103
6890
71392
81031
61384
31478
86307
20860
13641
92603
62522
11820
2550
31030
40753
16947
15530
20051
43488
3833
41295
32030
51470
45791
69440
5048
80665
25466
2223
70584
64414
64318
95743
28162
70439
26423
72711
77920
7408
70034
73971
47014
730
45327
40999
70819
42287
61774
46528
14840
43766
73592
15522
48296
48303
56686
3653
5291
80107
75538
25500
94527
36766
63477
49628
43488
53915
64760
2767
88030
96950
11908
50240
43328
59485
36741
44866
17097
73235
38530
61493
51041
59009
57725
59376
1467
73508
28681
39566
94988
31607
9830
89506
20265
8814
14727
32029
41722
53595
92416
20926
46173
64249
30551
50298
58290
10014
79704
69852
85866
1113
22302
23350
80789
37398
34639
52386
26687
90307
15380
32684
89167
97800
79014
35100
89582
76980
37683
28528
88283
84067
19829
66872
88273
76430
99096
27305
95208
56359
31917
91971
94692
1251
27237
90340
32782
9927
96802
44393
10663
19731
59445
83824
29417
74134
97823
23451
45825
45501
91024
20022
25150
42729
71499
50603
1817
58433
79738
79736
83953
35371
15146
7548
62705
56791
6546
16015
12283
90401
50744
55551
91664
40626
92602
39117
83889
88866
45054
36039
33905
26424
72493
82719
70865
9795
85987
52430
25856
93010
23733
51377
80957
16717
15219
33221
10594
58688
52501
49240
1115
75439
17058
76327
59520
89649
35640
90007
47299
3070
63566
74661
292
39611
18894
88141
20535
48289
15917
22974
51004
20723
71402
31329
69217
2874
82025
5942
60614
5709
96439
34192
57663
44474
30401
67498
55627
61271
98410
73248
40923
10629
60280
61421
93023
12735
6093
3120
45825
4049
27978
83171
19434
39950
52127
54001
58289
29134
29517
82973
36579
4433
8756
10361
16878
59747
39491
60157
72941
7775
79826
70908
12600
38240
6179
38742
61693
81282
49019
89804
94966
5725
2917
24268
24885
6879
84352
99119
84296
63598
35711
41890
63870
69253
98915
12548
90269
66316
7109
55708
55980
39255
67864
10368
36732
45412
36312
69353
57463
88551
1665
5649
92751
64778
35548
7826
12658
35512
75586
91719
9920
7184
42684
80582
69425
22372
15436
70869
65912
92048
10097
25866
827
23620
39561
64320
14284
24467
49786
36299
33055
85651
57084
3428
40535
75485
34745
65716
79615
97663
22398
2150
24407
93618
56577
17248
81750
93809
45907
10752
8441
47626
39361
12660
55125
86589
61020
50770
72782
540
9772
42938
42754
31506
47393
31224
16235
14932
23444
124
74181
22959
10420
46074
43564
89441
47591
90402
30909
21392
16974
52935
59056
26543
99870
28432
18081
11696
87404
33036
66317
31577
43505
12939
42406
92853
43771
32432
74330
43020
38646
83548
96344
98838
14347
84465
9763
94006
49992
58870
48532
50764
94349
13471
35518
5104
10655
55835
40464
40285
62939
19748
75538
8337
42281
90284
89422
44239
56461
45762
45864
2460
31412
58798
97655
70552
97936
23609
91937
39480
62107
1790
67809
35380
82804
3725
32151
42429
4809
47836
24605
71514
20913
64849
7662
54393
61459
39266
42773
68026
34765
5234
38442
18778
66867
38995
81226
41164
14008
15106
85580
90838
46328
18612
23493
36506
26174
30374
19840
80449
29487
27714
24400
62354
83678
67595
96465
26128
20460
44494
62995
54386
67052
40182
36231
311
24198
7576
1732
71552
4444
55867
12752
45874
29105
29100
51901
23222
7359
95407
46035
43907
45908
89060
45303
27587
62647
72552
2286
12739
2768
10887
12183
1306
80749
75252
99960
38209
96654
18288
65412
80404
190
88116
22073
35188
956
73330
90911
72420
48317
96128
34748
40360
29352
95777
44334
39809
58296
69603
12027
36236
55930
63676
53999
14584
42349
30402
66923
6434
91547
95190
30065
44222
21252
99390
88725
22198
16456
11689
79963
68806
10073
25150
86550
60176
69163
82083
30075
29426
60164
93939
39152
51440
91554
48406
53664
7831
57406
20903
50975
61761
30253
32656
5055
97319
76701
22539
14455
3130
94247
24879
60062
4894
92711
70401
78580
76537
68747
52505
62670
84660
46852
26065
23689
45986
85312
30933
77963
2469
70537
57339
42532
43778
48207
95370
51307
31823
64669
35723
27571
7026
17030
13912
73773
81017
35379
15121
64535
45435
45572
81885
53825
51543
86023
91800
32227
40320
76937
97429
95243
27736
65421
45606
8576
74884
94910
18330
81307
97671
72351
62417
82943
95739
31572
115
65225
5315
16289
37862
74677
5678
31168
15378
66809
33920
34404
62275
57917
87702
70227
54373
75414
20679
64799
86912
92647
60293
33923
6846
59108
2616
76003
71408
62004
63933
48699
25125
80108
93743
52712
12488
15829
78883
71130
68449
16455
93449
37783
53931
20473
74203
33040
28561
89948
26159
30476
77778
14852
88028
42871
36541
321
12222
40946
76794
72751
39087
43302
50892
65675
70068
984
8178
71379
69482
25111
26876
69155
49601
31011
28525
66174
18708
97296
67099
11879
96849
63319
10038
71858
28927
13442
53350
72123
49865
21563
37987
49740
81492
54334
59682
70744
65870
56504
89420
1273
64719
66832
46752
42866
79657
38002
93124
67857
72914
58982
37408
15805
93236
3256
70838
36894
36641
51383
73519
93249
96733
61297
59712
54093
84250
84809
54068
45692
20541
53732
16017
42025
34650
84073
54481
7108
18713
71732
109
24926
21329
78141
27219
77885
83617
29280
42636
59754
47631
76508
83611
34002
91829
92657
92004
73493
73278
1806
56939
42460
81285
66190
43084
6707
32143
78676
46778
82962
59677
34239
47172
63343
81276
78885
44576
75842
44104
59444
3204
66792
81173
22691
40495
16244
31967
37212
30214
22185
7303
36464
11496
14552
3120
6464
21047
84955
92880
66548
90672
43073
53269
16625
77318
35637
2889
49383
17836
88960
58619
50865
25624
60926
39353
37869
71359
13399
71772
5594
15002
40978
77865
83986
81252
17033
48875
26203
95648
42969
35354
77657
23504
11645
8022
99053
78867
20897
69114
41870
95669
98087
18899
99723
78292
21635
7072
84042
73699
50457
23684
97499
32344
97242
9318
3637
50033
6533
89192
16115
7937
23510
60872
56034
52930
64450
90281
50749
85447
24773
95711
72642
47057
85631
24493
41259
24918
4963
52043
37271
15326
3966
57954
1683
13524
84910
58827
18745
21976
41241
2527
5976
94280
45901
53551
59771
56914
28818
24204
30001
76003
79482
31252
22058
61294
35566
82759
49778
24523
43514
24789
87681
34362
2040
2646
95967
35143
24478
16370
16699
21534
80911
75145
64619
86354
6028
80324
61025
83735
83643
91760
84162
74789
43799
57120
34540
47987
33426
8874
38645
31439
46456
58649
39459
39242
24355
43638
47233
19113
63004
4739
48954
93467
86859
1126
99943
11148
76341
90933
46015
51985
59381
32733
49643
51373
3064
87514
18571
37056
66307
25821
60291
95312
99518
69772
10855
8713
2148
24616
11425
32656
74108
79534
31023
2854
21964
82363
58908
90966
5851
17936
15020
50568
38053
44718
51923
20635
69178
69441
46697
78732
22871
64399
6207
61102
64993
57121
34180
91837
18218
47084
33551
88311
57974
29174
42484
35081
50667
28561
27538
43421
20131
76700
82384
38700
53239
83123
5538
42769
80607
82724
55528
43560
93338
63220
6946
69079
81736
2470
55809
7985
6930
70355
47680
43926
41347
74884
26978
95849
38970
57235
30917
81441
21317
65407
76513
45910
90083
61167
14090
23280
2377
39997
45736
22396
69494
68706
32127
54827
65165
70408
36180
46842
54209
11556
76946
2662
77536
70707
92207
11171
54440
93717
33194
13266
88109
65050
39875
72039
85292
49884
70243
12985
26077
86707
82053
26411
44686
35093
90428
49242
7260
8334
49791
68406
97541
45625
33543
12994
46411
3494
9936
27374
66206
71148
37579
42447
75767
39436
29000
87240
27136
78118
55723
8015
69859
1113
93276
87086
13823
24431
29591
78531
76563
46460
85205
2987
25978
5314
18727
68708
54404
92912
15993
11095
44958
30482
86345
67850
16115
35183
14483
31981
55445
32528
41318
49814
78438
94287
72264
56216
73378
6578
36419
64217
18178
97811
45045
51207
80133
81187
22820
8904
34512
91438
10269
49285
62949
20486
60828
83653
17540
81723
80979
17040
61613
57583
86879
25135
23090
10113
75939
5907
21385
59210
36780
23133
53774
58225
46000
84002
52179
21621
25203
17994
46293
84363
56714
49207
93996
97741
81425
79343
64990
91298
27205
23509
88598
55567
41320
66048
1655
25288
25285
28580
57441
67811
95603
67424
81581
6351
18819
42620
85857
32803
94322
25700
75868
89790
83346
38438
13477
26638
7597
39725
19976
58966
65944
2790
30917
86574
42617
49932
38534
49322
5347
36965
82707
25680
16880
4550
76390
3653
8313
38619
76464
78737
87682
7060
35918
58635
82241
64864
98332
79383
37867
44912
20573
62595
24038
76601
34654
68513
17809
99481
84693
24535
65235
64107
99903
33929
43664
37281
89558
94404
73357
53873
70866
81236
51856
82424
65691
74625
9540
96687
27066
35991
9820
70332
81416
62866
42392
36970
97451
77103
82997
82699
17657
26062
18120
63364
13316
1479
58073
63700
49001
5693
86889
40567
67485
19925
22473
17452
30994
54302
85444
22420
79744
84293
104
86725
93704
3272
75976
46238
68516
45877
43343
12905
41517
61851
41236
8405
28792
45068
81285
77204
59199
47419
35907
21199
16312
32245
24231
23118
24198
47017
94220
50888
37995
19930
24430
60142
25198
10121
93819
37060
48617
66181
93076
48729
86923
72660
75879
93211
53740
89243
73543
66501
1196
12294
21474
88578
18895
13447
70885
55710
64236
34937
84196
11231
85009
46358
37571
51950
20222
92529
79016
12402
90085
87171
15482
94114
11091
32060
27408
32077
97133
66365
34150
15613
32595
75844
58715
5827
28348
16594
65255
16827
96603
33040
67760
52897
5540
74843
33361
18824
99663
42430
28721
45542
96816
15820
82913
98315
97797
46438
65246
59610
69506
16608
1474
3872
87564
96406
76815
6381
49346
52564
99225
53379
93358
89116
21366
45652
85904
24465
44700
12754
60969
34565
54154
80072
24265
16908
56782
55901
57381
54988
22874
30730
82956
87957
52943
5924
76834
15129
19025
93988
38126
90044
53738
57592
53121
83768
85529
79570
13980
22116
43547
81044
78151
26492
80595
29896
79452
13031
87566
6750
26744
29721
97841
20668
51142
36211
5049
91729
87696
55977
42657
42707
2490
55538
98803
67002
1076
30412
64826
65039
79207
2501
40926
66307
1783
58580
47387
79229
20958
84597
14803
36057
69352
75458
51754
24969
89287
24981
13347
26557
84007
25724
19086
96912
1799
33357
93488
64458
88967
75276
27898
32761
72590
8136
86922
6470
59001
54008
7936
82601
58927
69827
67095
74327
75229
29833
10286
59489
14175
25689
72452
70992
6182
13957
33747
71287
46979
65630
85927
78121
95104
97400
7447
33748
86695
89352
70682
34775
53504
18771
29710
64853
55065
64753
62104
97378
60967
63294
63169
60399
44153
17573
16045
80929
71203
93077
86141
50830
518
52295
13314
81466
24356
8637
239
39326
15649
4290
20418
79772
65553
41676
94240
21139
22643
23219
6558
26339
69717
79100
64201
84180
99132
87679
16867
7578
72612
18295
89831
90850
76467
51103
1906
93280
8156
53653
67101
41133
55145
18905
3402
65327
51972
94340
97119
16925
26490
56885
96244
27654
71192
13321
31240
7626
582
30870
86722
97458
80513
27638
72439
16972
40437
77618
67023
77661
4501
9926
32923
51120
2435
6964
25969
10617
46148
31195
48003
87990
83002
35219
16013
13079
61671
34843
46208
27845
71540
49818
76477
92405
41575
41941
75654
25128
9604
5217
13048
44021
97949
87747
86658
1551
56335
50047
33519
30131
58028
89484
70611
40426
60135
85505
39779
39680
63993
45363
55089
62256
36602
55009
76061
29562
79026
64856
55224
81568
52707
65089
33425
47084
99620
30218
81321
45000
17223
37546
10510
33672
74124
89264
2722
50635
77407
92839
30519
9839
27558
79389
67929
48591
21927
64741
14465
41390
92661
82843
80963
22851
90045
46236
10662
86887
47196
13255
33990
54356
87041
66665
80466
26355
57510
33403
96181
65335
5901
127
40271
71248
28333
4244
58836
44894
55239
5126
59745
55660
58833
65179
36744
55850
93481
95470
16328
8779
4925
45586
25804
22820
69292
42421
5973
8606
47823
7583
16893
1554
68260
8090
10135
16913
68842
20061
65983
29522
65821
10086
19016
95453
30460
63951
20504
57749
86440
17420
11057
3421
63613
68751
1966
63905
69042
77645
88678
76166
61260
80297
44827
46633
38692
75260
70276
85152
78177
59788
91603
1145
84521
21358
38458
79168
37022
14059
44243
76047
43910
74523
44541
6788
40632
57104
71743
11436
92919
92977
69293
20087
90583
2851
74012
58227
42964
17983
39919
59594
11988
89183
1992
78744
43748
88490
3312
20511
84562
33214
34023
28554
92443
87031
55540
167
79915
17810
8460
19552
49115
16873
27589
26733
5115
9364
12543
64302
58409
10417
27353
69184
52491
6819
27510
1614
77475
68843
37884
28504
55684
21943
29968
3391
10149
33008
71873
10156
51956
90847
49509
62704
47382
85601
82402
77782
50744
16767
82574
63135
13921
84532
29930
88175
8461
44080
62578
29363
21236
27589
5538
7482
9556
63581
86266
58994
26705
48331
10422
8667
53815
49006
96341
35654
99036
43238
91630
50224
49917
24804
20326
23320
89955
30110
34062
36137
15239
65163
65679
41909
12129
37716
8706
57088
81909
24280
71166
24111
23348
26688
77131
12924
9112
97890
14473
53478
16957
41678
52234
16360
1647
16031
76077
83759
18532
94747
15226
77949
34726
67076
59360
39484
88813
80020
88877
72283
85034
53002
66979
97801
32879
19582
67009
85464
68030
75913
33481
51565
15584
40625
237
43806
81506
55816
14172
53669
83233
83850
37961
23804
55386
79642
30231
42632
91510
43114
26608
43337
7786
81521
70081
49438
39661
36325
64126
34136
7315
54305
47007
85615
10922
7596
10724
95489
41631
92341
13015
12578
19201
60640
55867
29208
92247
65495
28961
92212
62005
23420
41513
55834
15583
24425
90909
18706
79618
44045
41612
12101
30274
37106
12751
31641
20536
17921
97843
29648
10720
56599
65077
10329
13144
46150
11607
94978
86897
20081
70286
49391
43645
25174
92273
90669
50405
79114
53962
15602
40238
67680
61664
17834
66778
61168
52481
85970
63555
54742
14804
99836
94036
62397
76886
67074
3330
19224
36909
67246
7489
71661
33002
95653
81339
60425
76629
24051
30795
25800
97801
20438
60573
89982
75538
95121
73261
96158
52022
65238
60669
9013
53881
54918
73401
6353
69037
73281
79592
16520
52561
37453
48737
81305
59967
32791
21561
49033
31385
27501
51857
27509
75052
83835
31234
51515
23555
33062
32718
44553
61266
6398
34132
79502
46409
39070
7202
67898
76185
89727
83322
32508
68414
42355
31918
42899
58103
82913
12345
18672
32409
67853
85259
30076
52402
26728
94397
50655
35097
66068
54707
41643
94165
66711
7760
72788
62785
91783
30387
9276
47049
47504
7477
19472
83380
64020
4870
83138
98394
88437
3287
4828
94628
7252
79231
62154
10599
40366
43800
43591
28608
73863
75349
55533
28735
23755
6931
3263
12471
47859
54468
75543
44408
48017
96577
87506
85437
29829
41997
61532
15886
12096
45548
50799
72036
3158
58565
35203
44457
86307
24743
44325
11595
81484
57327
87137
7052
75416
58587
93131
43989
37412
67519
94568
45107
62980
46704
4519
51624
12474
44262
70403
9688
36935
91849
7695
57686
8340
24616
43499
62849
96425
34089
24671
80630
59279
89886
70184
35257
39896
91230
72411
44924
85869
34176
77032
40052
34424
5500
96230
48040
29960
39192
34885
42972
66309
96475
34440
83694
70883
55302
64129
88713
72905
20263
14255
21344
22911
88835
71213
83552
55707
34927
78931
41926
13972
95637
16428
34210
74690
72173
46171
29850
45607
80877
12925
42970
23890
15274
97771
21241
34183
5103
56993
59048
88244
83252
516
8431
33354
96544
89579
86203
81676
21306
58334
703
37771
69663
89063
46612
66430
97492
95690
41279
68043
49968
95282
981
53657
5656
72234
80567
36947
5062
64803
24916
85253
74608
28706
5650
96894
81946
57446
41538
96941
83557
64074
26029
68631
50579
54055
10352
62612
83788
43942
15617
51211
53680
5529
72362
19907
26591
40192
10977
13198
62782
13085
51441
77053
97443
1888
65819
65130
40537
39792
11946
952
56435
57418
61740
13230
9271
53336
72585
86515
84956
47898
75214
94368
25790
48
76535
7245
38616
91817
838
92268
62432
10176
17811
47081
6432
80939
30822
34974
94375
34409
23880
13473
76255
7446
90733
73558
93187
11649
94529
31729
6451
22341
31484
42081
26637
68038
96984
20592
3826
25096
77579
98804
64742
47226
17276
49082
7813
84548
31603
48651
92081
71899
67856
74579
80896
91050
34969
46917
26339
36551
51466
62158
5293
39867
84903
84230
43122
31506
81256
85179
85882
45826
7691
52764
7004
98196
57146
7119
59387
89217
88170
93696
8837
15677
98450
44658
9799
92934
55471
25920
9300
18409
32739
12020
90063
30882
25009
56008
88711
45276
40958
46551
50007
67619
96729
69419
3074
19862
58797
15562
70515
29259
9592
2959
46389
61972
34304
4412
3966
5616
52324
98497
19207
30405
41753
85842
20907
83607
30405
37921
3429
96982
51763
70564
62984
11898
89309
59352
43368
51812
57666
39098
2124
96800
94001
54601
33046
39824
58119
54853
5964
29425
64676
47886
9758
28533
95976
58466
9529
44075
68752
55787
53867
7069
53405
43389
93161
7898
69111
28460
94866
16445
3252
12724
66702
41781
28593
72097
23679
11086
16661
17306
59922
72503
70738
52640
11215
51600
26940
75045
19199
16131
96778
80735
33177
28798
49679
71506
10447
92668
58876
77951
1112
18974
59117
41749
28298
71952
89625
24234
99719
70425
20757
33411
11530
50806
87783
86623
30401
21222
80237
51047
64749
61433
60270
29209
61072
48240
8445
81711
86315
11069
20409
4345
82210
47423
2885
1796
2525
52877
42416
25109
69162
45316
45298
65118
8041
88099
72146
19013
50702
41833
15524
72249
12572
99451
94081
62964
83829
84279
61624
21110
93799
15774
54576
99478
34827
72631
26245
38801
56559
7933
41349
34136
66568
96053
29236
94689
98273
15963
19224
14299
32068
674
6518
94744
80626
7467
22123
89068
74288
88613
5200
57123
7496
67270
1306
50494
32194
48246
34944
69011
9137
18309
29869
56038
53056
15736
75587
24702
32602
73789
63479
32284
11009
67804
41001
44934
38428
20578
57372
59902
31851
45750
99220
77482
3567
33853
39592
39852
24103
10731
48796
78986
30560
23006
40483
40851
16310
30282
51427
78043
62970
8783
78434
28083
599
96089
20816
19537
7062
31689
1868
73157
82482
73012
67791
90231
59733
91636
87487
45323
36908
79362
1675
25599
42690
18838
94761
83925
70575
98419
87898
97914
42880
75961
76673
52122
90475
21212
61868
85581
59171
91523
46711
71841
78708
20534
99086
23727
55279
24542
2108
39990
73529
56225
41517
36034
18953
60431
3335
25922
56659
11688
80201
47827
27399
38152
9846
50142
46835
61665
94125
80407
18960
8611
72065
44269
99617
71263
45339
26639
71053
24305
79634
92250
13444
26221
30323
7790
84337
60225
65900
52815
41933
94441
87602
11609
73154
66000
68661
63194
12440
18756
61619
11669
62201
49299
47156
24074
50864
40957
22846
67950
89463
90476
55307
65811
12695
57062
44154
8676
15392
88471
71213
95891
20330
3844
33429
93398
38337
37959
82893
27644
6615
76603
22443
57334
16223
37744
30272
90197
64660
78188
11966
36954
94482
30414
3431
19693
3889
99272
73134
76814
40230
73233
97095
31750
12345
29875
5072
17643
82701
40295
21376
75168
25245
2137
48752
65680
59921
55917
68764
66894
99784
64341
57119
43258
71644
59293
37373
8232
96192
86190
21452
20641
38527
388
10427
82303
65037
95324
53983
29110
67561
67088
92009
32757
40779
45101
26765
55299
23752
43600
99047
23733
41574
13613
66791
16781
8048
99
9562
81071
75335
33965
7355
18903
41521
13624
67155
14773
52026
55795
95677
92872
55797
20231
41752
22712
2228
38052
56763
15094
89734
98389
46596
75594
1933
73012
13527
7755
92352
83630
11490
83171
3609
41559
63158
20660
32012
14442
12285
41699
73496
99703
9732
94319
11850
9428
56628
62649
35166
96358
53088
4282
91450
75691
25950
82671
19325
22361
33937
86725
14778
48496
73710
54802
19870
90748
35232
45286
44363
62158
79887
20928
56192
48277
39789
39151
1722
52195
61722
65494
41730
18201
44147
52391
14042
88727
40709
50468
58777
74293
28691
44547
67112
41122
65840
31547
39536
46118
84017
82464
64499
73897
93095
55622
53422
55555
93549
53381
92980
73864
21183
39488
617
84574
72408
59264
94219
8529
83538
29803
11878
74257
62524
92391
42701
15743
96559
44303
54586
55070
84011
92193
29908
24598
64102
94256
45056
8393
42779
83335
54751
7575
38221
88183
67090
59284
94401
95052
20248
63942
36163
16808
96779
510
64232
61739
36453
34408
13609
19277
33563
47817
23777
4783
29640
47013
94166
30617
37529
26454
23305
95651
57728
94283
55108
10442
72972
88948
80720
224
31961
41625
69371
52924
58196
64124
26674
4386
44842
66977
3793
77992
21571
37382
5938
20857
4309
31706
73606
3802
63834
62218
35018
77280
74163
82756
53181
445
26649
2999
16020
85558
20753
86047
43015
24907
67405
8985
6771
92438
65902
91123
92979
37280
40279
19604
47182
11348
46088
27052
81806
98224
83532
974
41870
35485
77872
29572
52836
47680
13070
13679
99020
32144
29580
99491
6007
64824
22246
11788
25507
18314
99230
92333
46095
9287
87916
73132
78259
17506
98717
39242
87210
43608
82741
60827
71877
97841
44234
99125
13536
36949
93746
16045
42501
91388
52960
42052
96324
50058
47120
82043
67929
94748
45986
63905
67133
1472
39274
59429
43980
50890
57495
32277
47325
14989
74146
92690
17116
12237
50189
63619
33802
48368
6751
87966
73306
85005
36976
31638
41004
3299
92991
62072
83145
54782
8892
6949
99148
16607
45710
22769
3220
93372
69285
27970
8721
32717
96991
80293
33727
46874
74242
3070
51220
57364
66721
90123
32341
5023
79272
43970
56149
92554
37388
27009
84327
51774
92233
30390
24257
52773
35139
90241
28916
97137
32512
5948
7030
62453
17085
40176
41914
90264
96457
5308
42438
34676
64855
66009
74573
13785
29053
12579
46922
31140
84398
84800
48709
59394
1855
50962
63637
3368
12043
71743
8067
84684
97165
3650
66948
15172
26799
21691
25940
51234
98464
65976
23167
46356
68914
41931
69034
43945
87090
28812
7549
77688
64674
76206
17587
71623
45169
93214
77532
57100
57463
59989
41736
48822
64794
16328
2231
47159
45066
7005
34134
58921
63453
88528
48179
53770
23221
27007
98817
98467
5713
41825
21318
36140
35430
74798
96320
2756
31147
89508
65245
97990
29005
30503
45047
52674
88510
97045
15700
60015
17381
11095
78886
62777
76178
84231
11310
13594
48664
13168
61077
50632
88817
58590
60582
55753
80443
86959
54329
87400
70323
80015
65143
5372
60836
41622
47187
29675
72991
56677
99236
651
15802
81753
36649
32564
22954
72165
45457
77819
42691
75159
67034
44030
91859
43888
86752
31093
10052
51888
25099
80474
74794
12723
54655
53891
63686
34498
91405
83572
74473
63915
33785
61291
38950
99580
47937
58358
91661
79222
22582
93747
79313
70534
41967
92566
21856
20315
50306
2042
61160
41593
6175
57210
58221
43430
50274
13505
24848
33091
35014
88425
756
45259
89354
79472
12008
77993
17328
50547
71738
40106
53707
3991
9103
39664
25220
80455
37392
68279
90782
53791
97230
60895
59166
13153
35824
35746
7552
49487
8176
44177
49388
88607
11204
85023
25012
38042
86722
63219
13463
39832
54190
97334
88918
46481
59198
5728
70199
62227
48609
26000
36781
16848
8290
47430
9745
64159
24390
61094
21107
22419
54088
57343
19963
98804
16742
25334
88892
65164
41400
34299
69044
77227
31582
1237
17362
54454
33297
74721
44371
62723
17214
89511
5966
67028
10928
71644
47644
46398
42266
98711
24618
88197
79564
44989
46241
4012
79858
66131
18189
34311
80912
3087
80836
34056
98042
9955
67250
56465
11661
35449
29269
77096
56478
12657
5064
25463
48297
36797
26661
16352
9360
35645
90827
98031
78147
62328
41782
59542
14601
65165
39160
64270
36691
14247
9667
1959
49263
89445
5856
76376
51114
59530
20484
70813
31230
7095
29864
58596
90111
78959
64654
50816
47144
66757
31537
98440
19941
47385
34211
91016
86585
38000
67126
19140
66734
45257
80426
92884
82496
13472
39513
33366
85042
1396
27674
79652
57865
42296
65215
78182
32647
67016
43544
46895
78655
94719
97617
31258
51614
20996
65215
94369
12986
58012
6467
8333
55597
6409
82068
39097
96558
63617
13621
41925
23393
98290
74555
9706
4339
45542
85033
41289
98744
2663
9315
22010
28489
30019
78994
33632
96396
86812
90543
35849
62539
56392
50630
86574
14403
40805
67606
93173
91828
29271
12640
11854
52679
70269
98909
37378
90173
1930
52292
50296
37804
20411
72014
13893
22805
90954
4660
38020
54080
31295
80009
52016
55547
22139
82121
53897
80834
24361
54118
27999
70246
7639
60093
48268
35973
20200
52579
9383
86446
54365
19032
52898
25791
87582
5750
80588
89325
3635
42670
72193
1019
23720
17485
49743
63872
2068
72510
55654
19135
65804
22746
36777
35315
3738
18565
51595
12913
33766
1471
42752
15804
3570
26354
42100
65233
4308
48694
452
57335
1985
141
59234
90133
16175
909
6214
10939
806
82430
82504
20114
6676
18690
33019
92103
30399
89704
17574
99696
79460
25553
24825
52452
8075
4421
56218
85218
3538
3080
72154
57682
27741
23251
17539
50901
43559
42282
68927
71736
80791
61575
70424
1143
21329
51216
50551
47236
8262
14221
37258
89083
8587
18856
13256
22160
84228
72459
78885
41399
51031
35204
14676
22775
30450
97243
60817
89364
23585
67663
55692
72814
62275
48703
698
6154
16929
93652
43512
8906
65782
71888
97011
50399
55268
89472
36011
2260
6184
38757
39042
15990
45358
75425
67314
86586
67474
46420
98089
88129
56777
17179
54632
92284
23322
71634
99926
5644
33453
83389
86353
86867
39227
81541
78510
29530
36432
59559
91370
21644
5915
665
10945
17767
17903
18165
89673
84650
3985
34149
33689
6363
26474
45016
24182
59822
99808
47249
40021
96669
43693
21878
73835
92434
72677
1079
58746
48925
51823
65334
47923
60771
73204
44599
14161
82070
32864
21907
61673
54064
12970
62859
67262
79796
98825
19424
93089
56667
85422
81494
38205
2851
53252
74635
21036
38486
18022
27461
10021
7594
83999
57078
44574
51659
55645
46032
13572
70801
87249
9198
83546
33489
75227
74043
93766
20720
22792
22715
60413
15618
31666
69376
57015
74372
544
71237
63343
39463
34968
96710
99948
81111
98326
99134
90540
77889
58646
69505
19370
72425
10880
66647
75836
63145
79367
48254
3474
17990
30150
51262
95528
21039
47854
94965
4302
87979
56799
5325
56456
11369
91033
83912
91456
21614
42987
69907
65349
74606
45427
68619
87060
1967
66393
44925
79402
84818
21813
5109
81967
37024
35487
15504
38117
8853
1112
31394
33225
46980
26056
34601
76390
71771
61544
3214
42785
57799
48975
61867
18843
28516
37022
86036
17461
1018
49232
58766
55410
41855
6801
3287
10144
19801
36202
39940
98179
66551
16380
40856
42261
81244
45168
80831
19470
39795
29646
7828
7486
94929
30096
81544
71175
77888
12274
53482
56702
37730
87659
86966
85345
79165
46379
40530
64211
84865
12509
63131
56024
33180
76407
74609
75194
47206
83802
29842
2333
36134
86291
90026
34424
14828
82969
49531
12812
12554
7843
91748
96227
6816
42744
72384
71000
43221
60409
53642
15689
27320
27431
37703
62273
99356
21760
72974
21124
27861
44434
31523
61932
83041
30248
81144
67777
75881
87025
484
4533
73907
18198
10682
72790
29553
8372
21942
34482
82057
76563
18490
31413
18834
26807
30342
37863
7251
50813
65332
14463
32766
62356
99829
55528
4331
68095
51579
47034
13037
4508
83121
77429
54905
95622
9200
68461
53782
11239
6624
18211
45271
30327
50003
73529
7636
39286
21797
74041
50606
19757
70129
34935
98043
5671
12773
60697
25384
14226
10793
6997
37808
80474
60224
32904
66
50211
75277
10618
53903
10855
61476
84918
84023
65000
2172
99494
18519
76330
6882
32367
74719
42592
94871
7576
86374
75294
12434
75328
73139
90844
7307
77782
38267
42791
8634
42673
5471
49871
85952
71956
30881
99542
85606
17649
51033
31692
68053
62080
52838
32215
94470
44713
76453
91132
36128
2736
87006
4953
4952
17622
76101
27967
28708
84815
79051
2141
19258
48767
18766
20323
7325
70479
12243
2433
42187
19759
588
89328
79761
9371
88511
84028
7498
13264
4235
95004
79533
36077
15746
61189
60529
26091
64335
63424
1643
48837
1358
52017
97065
63526
39156
45100
94561
69505
52079
77476
58452
14918
88533
4642
8475
84761
80017
91669
82966
10518
58051
41647
99781
68571
14965
43354
13431
59561
69470
42857
91823
85899
22949
68725
61085
69603
17411
65547
91885
77665
31039
15431
25697
47109
72280
52183
64439
26961
58399
97850
71935
79286
89452
76313
60629
6507
53596
83615
61984
97171
24696
19721
4020
7366
38149
11385
44411
19966
55861
80822
32586
48901
56339
39868
99281
80626
10800
14312
96955
69990
31263
28096
39531
32689
1550
2065
14897
1483
27134
46949
68580
38371
64768
55283
82071
19916
17843
21927
94198
37894
8402
47895
39016
82469
61756
7171
98627
75
64627
81202
94390
43182
82775
90745
64941
54163
49022
79779
4466
50410
57639
31147
59671
2924
26001
18623
8873
25537
9480
25094
71667
16976
80489
81548
22587
22937
7628
6539
7217
10376
95859
50839
84174
71184
73665
76946
41413
97455
38105
28145
60283
95514
93729
66812
25772
30906
46273
86632
6387
21534
37071
28444
52096
21118
29142
54377
83776
60185
80858
59980
72598
36761
68156
29022
32798
73954
41226
60661
76260
86626
26598
23665
2353
24330
10589
17359
21460
82706
65025
44016
35635
519
1191
22345
24830
84535
62942
96790
12121
29406
94910
22315
6378
24775
46740
29360
45817
66762
99313
98667
90857
16047
23866
651
39748
69707
9964
79016
65376
39023
23261
83291
96703
50421
78975
79977
93273
11757
42034
97007
86223
11106
89810
81180
84231
40274
98395
73279
67846
60193
38344
30550
20640
50404
90833
51231
70599
9808
20163
80825
40223
871
63546
4786
28739
54480
24122
57335
74896
77624
78123
1060
73747
31101
32149
57021
45888
69427
91468
90013
82566
60142
25298
78709
15109
24695
39987
25344
82102
68106
96055
84637
92765
89576
30010
16645
9954
91246
66893
93224
1227
27291
34479
12795
31417
60524
15077
3096
95147
18718
95870
16610
12719
67817
3717
48358
37826
44229
35378
30741
50512
13388
19074
85119
33830
46776
68343
34822
57620
34586
14113
9264
17860
76223
25933
93870
5023
15815
58310
5479
99866
14940
83072
97933
20107
79741
93708
27522
66415
84630
92619
32986
41152
59753
97215
9749
38309
34421
25798
83083
28073
53677
49166
9886
84452
10200
18880
63754
29416
58732
8125
83053
91967
5199
26109
86653
5599
87746
91937
87037
92564
91831
78885
55455
8401
66613
65037
18816
45154
34775
51192
93009
16710
13007
32003
82332
74720
85313
31276
99731
28509
96341
37359
87515
67434
56917
99579
43257
9122
78977
71634
80554
22021
82081
12915
79338
95707
38692
83660
5425
57379
50414
94902
3991
57993
72380
99134
96660
76445
27966
32639
36895
15278
81023
45417
3374
86313
57824
79640
36043
9670
35895
82592
44535
74600
41941
65008
43635
35575
26026
40767
95490
42064
4225
8870
63233
25444
86910
63632
5738
91471
34874
44052
68155
91763
10471
58261
47952
72713
15964
44015
41122
25295
36270
51165
98254
84174
28281
57027
45162
49575
23964
50605
47739
30347
39409
46599
25754
31648
7025
15135
45246
35703
73068
38159
44230
49063
27691
28418
71383
14806
59696
71989
42417
13116
53184
80272
43801
98681
68288
62398
38544
48341
73169
53980
53714
17432
19480
63154
54383
28254
78464
19841
33680
39109
79888
39166
73653
67343
21000
34979
56615
64824
37688
44409
31664
69310
55035
49393
66073
80119
59459
6108
36220
31567
59614
18264
37767
62584
28263
15166
19761
5972
42279
20511
72344
45721
62987
22842
22770
15828
24028
83594
19406
39066
18922
43685
8412
29120
5531
14568
32784
4552
69603
64708
8442
88009
14587
37390
57064
89130
69897
60824
344
94575
34835
36469
45358
13631
333
16519
15738
52808
15719
6479
8328
17889
92692
53788
80022
66850
63692
8405
94459
62103
36845
66310
83273
95489
14685
31853
1583
84460
68831
59881
82398
62898
87810
63601
19653
14995
40204
99090
34527
25633
20327
62410
4765
45714
68607
60254
61665
95866
83853
40070
84434
56960
69618
90590
46591
20887
81821
48711
94113
27
69830
73654
60003
18840
28193
74356
44972
36032
1191
1013
18921
70717
7421
36726
22915
31027
76584
50179
76330
68598
15659
95292
18860
7372
46670
68786
42084
20150
83218
61585
90259
51347
37969
65021
35052
9361
78286
17745
53871
77022
72198
4306
66513
13535
91882
41329
9786
46373
66856
12223
54813
76538
4068
36366
96700
45651
17061
83697
71254
38285
31414
70659
78436
17996
58636
98424
17247
20483
55705
19342
61720
52308
12442
42551
32713
68627
33901
14684
45201
28361
9968
36609
35726
50239
89352
2145
99728
18171
165
69687
93414
9360
84258
2677
79872
43615
37531
39864
24108
77292
73376
81283
66699
90297
51451
892
30740
39594
38984
21818
41793
77662
96776
15121
65492
59319
7095
8047
92531
85370
85665
12680
25691
56509
44911
10948
48607
35907
669
56909
80963
43937
39539
82266
49801
33456
89066
16036
31628
19099
57950
54319
45009
59011
38449
41106
98347
12456
88192
46052
22510
21747
33559
50166
43024
91926
61847
75343
71494
66637
94374
18687
20955
23627
57746
77554
74834
38317
95442
76251
64220
88868
86928
30340
33109
1204
66471
9474
96339
57393
58851
84703
19877
15865
74158
71193
78165
16869
28853
2294
68200
71632
85285
95888
85037
58636
26863
98969
88416
75472
11045
21369
15175
19690
67362
94595
17164
97099
32634
16697
29329
80933
40594
69104
97656
70347
8085
16375
21677
21658
85028
24797
91201
50783
60353
60767
21978
30299
41066
54898
19978
29577
46653
42784
28963
71416
86006
18361
41059
3618
9046
60810
74990
8943
50254
20924
51686
1880
6273
77887
21937
85675
14783
2410
25789
68042
26840
87139
88357
59014
89845
30290
81763
99351
83358
83452
7868
92959
74929
99477
81491
41745
88127
41410
18809
6352
99978
38391
60616
41215
9971
99467
85134
77364
47844
21255
90066
51424
12323
50382
48565
4241
58002
86656
68828
97575
72564
37894
11983
22296
11511
62346
47968
96527
82609
59657
54083
77153
97223
96299
85908
33163
30738
76415
75270
54233
59246
94013
34948
93007
64689
27437
74808
64503
25653
62069
59041
51091
35987
52189
59217
86465
18445
57930
82812
17071
25535
18272
81923
64398
44761
46002
71837
36598
50448
55594
14157
62852
69338
59931
44164
48931
52139
96808
47102
77386
68224
71166
13084
805
65655
23983
25290
1567
63736
63759
61158
16550
70263
21540
11254
50206
40675
15418
45492
24458
21285
35430
81424
38853
43782
84817
34253
39399
63187
38561
53277
19538
56455
5146
74450
1686
23910
2482
43734
72766
60702
83919
90953
72198
90462
75309
58809
55755
78361
9027
16771
83743
65747
65909
14508
6931
93553
61041
54568
48675
6658
34324
88976
6670
56398
31770
69445
22764
43407
88454
5896
94288
67974
49065
12956
25311
80114
86989
49139
41287
46528
7871
78387
15513
76644
48583
8661
80843
74937
7536
87276
25088
11690
67288
57652
93553
29419
95361
7188
47133
27110
34232
60932
49421
89494
16409
738
81247
53514
65551
14604
6105
29196
69556
5865
34895
17099
36563
16948
63410
89532
69798
47354
81028
27734
22206
70573
74024
32194
16806
79610
71949
48300
43709
15813
10516
74518
69729
60684
9428
45269
21529
95376
88578
5700
28248
57542
71074
20546
34526
50244
46513
84251
19886
82592
92947
24554
85395
46818
80980
16713
93554
61455
8429
50566
72343
35321
38988
17614
19364
31991
43338
10297
67023
39443
66133
50685
94679
74569
67300
90733
98710
77239
11097
51318
56419
73595
1360
92224
44732
13281
86383
30278
99615
10280
81854
47814
27151
42053
85312
58661
2216
86668
80524
23831
15690
2602
55264
34109
56140
80908
80886
1721
36913
24434
27170
28270
4581
33776
10846
41133
89659
4664
1254
15504
85564
66451
31569
24259
66716
16415
89026
82853
81749
29536
82594
81416
82753
48464
11523
21245
76486
83333
83205
97881
8500
76142
53801
97954
16117
9365
90043
1982
11180
63485
75680
10319
78537
53152
10977
34431
1181
96627
78732
20696
47991
98231
75220
98908
84997
48452
29527
72674
96134
71432
59695
93899
24396
74492
39123
88534
69336
79402
71656
25784
1859
40075
98808
47962
82232
76374
87549
3170
92254
78723
72093
48007
17530
63198
48135
12476
40769
81803
42956
44293
32066
17605
9856
74772
47088
19421
20330
73483
69108
55739
52448
83865
55826
92574
98849
56985
76910
24926
42814
25630
53203
16548
75836
85916
33518
27697
55136
78603
69978
35564
24552
87311
77823
77064
47248
95811
90627
68680
23681
71588
46866
83043
93248
67862
68771
86937
43075
61253
19396
70424
72365
67278
48860
21758
85749
866
65670
27800
14082
74083
94097
4597
86118
48249
3510
87835
99498
82638
20625
37835
64494
46948
60606
38791
18945
89727
37948
96933
37823
79944
43076
67301
85859
63893
95618
63826
86683
4613
10263
32391
6895
96023
36161
91574
78522
68940
55794
70754
8291
31188
54257
261
47152
8974
94887
33274
18493
81722
62172
4139
28490
27546
57898
52800
7014
21565
61435
70033
52552
54225
90135
43167
79557
61843
20766
6983
91692
86530
57907
29471
29378
7708
60263
87147
65100
12392
60827
9595
44907
96424
41823
97949
99536
13863
50374
46977
73611
16698
65829
25474
46331
52082
54690
94637
42116
9274
74073
69120
54621
33477
9639
50450
32570
48759
58941
87495
845
57236
96111
43670
15263
6720
78841
75566
74486
44009
83577
52701
37492
96010
79882
73057
20059
45876
79890
54123
68680
96360
23803
4097
35362
37554
87347
2964
1742
61214
22155
48119
25957
88857
64985
44226
10703
5811
76729
42009
15923
18412
97143
55652
64564
76528
26238
13503
14838
28614
68264
21759
97421
1460
99241
45837
41032
21842
43947
39102
34831
22256
73329
73645
1069
97916
58256
52804
76428
7211
40554
10106
25495
32810
7272
24326
34795
45595
79103
5344
60831
38613
48900
30492
30573
23241
31234
36076
17810
4738
8920
93763
43836
79385
87453
26512
75874
20387
93295
43757
21705
44745
76943
499
43915
78257
6725
10027
42215
60863
64247
64925
77264
59503
77450
46081
34431
80687
52192
24363
50939
99952
88308
84659
54820
50409
91075
26972
89132
37557
14035
24250
19861
72551
94088
41644
50953
41116
64824
46874
94918
50299
59001
66404
72425
20228
36129
67099
39356
13091
96088
68058
64721
16502
64716
12315
7906
23452
62309
53088
68660
76025
90972
34263
8285
65080
1743
69807
65447
3066
27457
51799
15060
12182
92259
41752
43667
95042
33713
24929
39768
80060
98455
32334
22525
58724
97311
60070
57283
56948
30831
40738
31342
7703
21163
46584
88430
17095
11222
29068
45293
41097
17073
24546
38858
15103
44478
80751
77401
3514
5542
83767
94151
61515
96391
90178
26779
26263
21824
94072
71198
79645
77877
83609
83123
49814
28230
66818
25812
43672
35405
71319
87452
27509
32682
47669
16594
97967
47676
30995
49104
10523
13517
40625
25052
57686
28555
22387
18974
14077
50547
63284
31966
90604
36248
33204
19009
64895
62355
33379
50009
80198
88732
56265
27948
29918
49857
86539
12611
69988
85436
97894
23316
26264
46104
25322
19079
89119
35171
17573
79666
12438
72335
99482
35959
59196
90307
98837
23071
60796
285
17496
54660
82376
87207
51422
41865
11252
20737
89336
5315
10697
92901
44667
53636
6241
18328
494
26904
96669
58022
72159
28471
6929
52605
17252
93615
25107
75980
47633
68441
90678
45326
23209
97467
26217
48396
32120
43351
29749
74018
87054
87174
69935
56778
92347
82729
51271
71780
61586
63260
41508
40455
90381
24067
78447
33338
13994
29434
98334
80753
4532
17313
53015
27351
87371
197
8048
91426
81502
85618
38963
14963
93498
64718
67854
15336
19779
42321
7486
74611
36860
6945
5115
27381
84286
64197
3198
33076
69921
81977
59188
43678
52286
20946
91594
2791
79649
48677
44506
36990
90522
60937
87758
25395
5289
58541
94922
58406
63620
53200
66329
21535
87385
817
89287
65271
73737
85665
52706
46924
48057
3869
58290
55367
31458
19659
95514
54643
2519
92796
72543
7341
57947
645
20311
63700
1856
3299
11918
27383
18342
25217
64554
33829
7048
51797
16130
2161
86406
64337
93802
46549
94241
61797
16577
57996
40425
42833
99186
92465
91272
46508
49422
26293
90356
75139
76113
64828
45443
47710
49932
15223
36226
57285
84229
59333
22543
30870
28063
87647
57779
15143
88634
80181
37121
36511
25295
45302
35375
8915
82335
52377
14012
87828
52718
19227
2142
93880
89964
40288
81107
54554
10369
66444
27368
37382
52736
72449
93381
73081
87818
72888
31154
92074
94659
72613
88161
22822
46004
62585
30311
25411
69997
97062
71654
58833
80319
13082
15510
5391
91980
78156
36717
676
64945
77130
59676
42545
42766
74140
11883
77540
78441
10608
57643
88186
64648
25201
41635
29606
10578
6708
97046
88892
32522
15766
97925
65663
50426
36363
60475
97257
7589
43067
22953
76980
55688
94923
58869
38876
72325
91934
3184
7418
3286
55090
96168
35593
46686
15860
74631
79798
21201
26097
65207
84989
85570
24298
59367
78522
1553
19134
74869
96125
57530
76220
33308
88436
94940
19030
8482
81538
4732
79920
25231
89948
86025
62183
13465
5476
84168
99072
47048
10399
50371
20740
22232
88397
90117
65027
55333
31674
92524
93025
4333
67708
57855
95376
44090
54073
65355
220
49858
14757
48615
18750
68782
16428
70639
89295
84084
8076
15802
5878
1600
72471
40897
42186
13373
62874
52448
6886
17988
23446
2479
91226
2321
16777
19929
94859
14417
6985
19899
40825
82155
71822
57919
15639
57410
42216
21422
95399
90384
92698
75610
43884
63810
31137
5903
93549
41694
61239
24164
45372
12309
16230
30868
48491
30101
87168
50429
45555
86220
94328
81850
94739
62344
75083
31899
4362
47498
86733
22982
41029
22539
47708
92925
97257
42016
65586
28824
29503
68072
25376
2174
2543
36088
36477
97453
1136
56753
61779
51345
94913
84242
77320
44801
67419
5208
35955
15122
45260
28244
33464
80238
88283
78535
535
92393
26728
27369
69066
63406
56287
11196
86228
28705
27019
19928
74703
42312
87039
59167
62570
19979
66944
16041
31241
72655
15882
83341
54914
97469
25234
21656
29955
18421
821
64170
17671
93972
69588
93830
48890
33711
31701
47566
63802
91291
93982
27244
85485
25831
45642
22050
50564
48946
62222
71984
45436
99628
48712
27152
21498
14132
57749
82558
87814
83076
43864
93055
4670
12934
39693
98175
26432
34110
65107
11497
67170
22783
5180
54264
87464
28712
17946
37918
25848
26174
57883
25252
23310
30250
26052
24860
14307
45618
82831
98582
82713
40061
84196
86613
6149
59862
27460
79990
37130
29288
17432
95115
94463
1342
88919
30029
63342
51967
46519
7101
27568
34901
7626
31840
82331
39360
59608
22499
1007
17744
67071
90175
54387
75544
90167
74081
5788
40652
99869
61676
30482
54244
1162
48360
32876
50442
72
16391
59885
16923
75489
37740
33935
53681
41712
30553
54029
72114
12650
23913
38322
1640
3619
10598
6630
96008
31684
92506
26327
56512
463
48446
70050
14288
80348
78983
58665
38870
20069
8017
87919
65218
50547
45791
62222
56377
66965
43010
83999
43978
8
90760
72042
13749
12190
45921
7303
28246
80220
86749
29571
3964
49347
28323
33460
85041
70603
52547
37153
80725
56908
32384
22336
58802
18945
55020
68765
12168
66771
73642
31896
40729
88078
42511
37017
15827
39061
15030
88326
19367
8810
9484
16387
74841
43187
72146
12398
12439
39102
92430
22719
35418
45146
49783
2087
79939
29501
97008
48961
85543
1079
9693
71438
18461
94816
56447
57161
14941
57071
69620
45684
36788
92051
21197
26704
56289
55215
33565
12614
12730
4583
79820
58810
7674
45904
53316
30188
31204
32592
11145
37272
36304
6399
21219
90405
3576
89741
67666
45450
63473
65623
94201
39423
68243
6103
90185
39513
30767
35222
49041
53919
72473
37347
53718
77932
47529
46866
68900
73716
35485
80160
44637
7219
19566
95806
61089
90642
92790
93933
69073
3923
59113
90680
6094
93651
21776
28688
92560
72870
76045
9563
37850
70189
48541
59255
10939
1656
50332
62275
55263
63812
35983
25708
52501
71388
85756
58937
64984
88054
53133
80038
11389
23680
44869
84770
55435
96540
25743
39090
12246
83889
65207
81157
2079
9360
68119
43733
6109
40613
56745
32942
3944
95679
96211
24301
97567
81428
80614
61988
51397
12609
21946
72262
3148
84886
9058
26981
25170
325
28814
18156
40977
68752
66649
29482
26628
33432
28705
15770
51668
94499
52742
26236
39297
28581
99996
32568
50476
28049
45192
47723
21635
8338
6883
46374
10694
56766
85310
22966
31058
21301
99971
48297
78302
62699
44079
10582
79209
18466
98109
51915
17865
52070
69610
36090
18487
85845
51474
8701
89683
41023
15855
35464
59816
33334
85910
29706
58184
97609
52569
4939
21671
39827
28509
13485
31582
40034
56519
57061
10348
54588
14453
80281
32766
91148
83948
83001
31493
54863
75098
12452
1455
89187
24280
21099
32872
59753
7305
1150
27590
54767
35089
31676
78393
325
24034
99253
15991
14125
58302
78088
53381
45984
86173
80544
82248
78613
17667
14025
1105
87087
15629
5138
79872
80437
97457
77075
90546
73813
89660
91165
58694
64651
2438
88518
15420
11279
16465
92700
54514
37401
99074
59391
24459
10904
92015
83941
9998
70412
37991
2785
82927
98032
38144
49636
26825
61735
57688
52403
65394
75796
21880
81769
49091
52740
69497
87366
79764
45234
56036
82485
77950
1352
23793
63263
22544
81660
81041
73272
17518
11550
57458
49462
65372
67275
28031
10388
52020
19104
22589
72658
72784
80044
63180
6544
54188
33571
96459
66684
51244
38800
13289
58830
24909
36534
72731
28560
29411
4626
72622
82901
64123
36098
33916
80803
69670
38458
90990
53397
72974
77629
5085
39976
10899
14962
43088
50633
87207
10745
88829
91499
42495
92649
79082
13520
41815
12563
81471
70699
9648
40239
56444
98752
66938
67189
70527
50115
49862
19281
53035
46230
15016
1457
13417
33056
60732
23020
61447
50743
19179
76926
97425
53401
98965
71514
64585
39902
82903
38119
80909
81659
10653
62999
92503
58314
904
17017
15765
37270
92799
81511
60491
58013
11288
93800
51138
7158
86088
60748
88411
95144
78950
13840
18377
70542
98911
4191
1280
32886
10222
60942
97253
29984
62640
61468
11112
50636
98770
86839
63417
48699
18148
60975
79997
59440
2745
96930
17111
94107
33587
98739
64444
23666
53178
92275
93128
87635
53407
83539
40960
88943
93633
67838
52025
60778
78634
38271
12890
16332
51102
66976
52582
17400
78387
57563
98504
22762
38154
92183
5514
2288
32660
21650
327
27705
86333
72083
8434
75958
6337
66481
55733
6109
10810
84672
62057
95709
54471
10094
68775
47577
6276
36809
67671
2930
58806
35229
23273
21796
74094
99956
5838
16651
95550
28197
77151
50216
80697
2178
96362
33350
34396
73999
38018
83981
47237
76375
39497
33007
68802
7686
20013
88109
70480
64783
38408
91409
77509
21986
81882
31920
74958
79711
2883
98706
17313
31163
46318
85718
96367
20534
34293
84212
47095
91140
548
23717
96214
46938
91802
47463
83090
75861
78165
33227
7716
8406
39830
95521
85410
9913
22218
30075
12950
29970
76765
86528
75818
57390
29547
80293
51248
54192
44919
79510
86756
67013
76366
28042
58850
39414
21743
90434
41609
73492
25103
29795
39798
14248
92287
54512
66238
55150
12482
94765
68087
88318
2912
94753
31747
47785
18865
31585
21063
19251
96247
96770
28511
14789
18829
1238
44070
35921
27404
89837
71446
73517
13011
76238
46353
17941
61440
34189
36533
77899
41188
6055
28199
31404
52062
14578
28593
57314
76614
88801
39343
20876
1593
40082
80309
11703
1608
49154
68610
57638
2182
50151
82502
62934
64389
22543
64819
44180
58263
26923
45648
62426
17160
45574
88928
74938
90268
13767
92662
55010
35447
52709
97433
53292
19589
40096
82909
99050
18683
79199
57017
64807
34783
52420
67488
42806
72045
70262
90448
6721
39042
51647
75750
57058
69537
96513
53729
73692
78895
36641
33072
23965
98332
75641
44492
99789
54176
54029
9882
82189
84350
345
41653
56731
9230
54247
1930
28258
99102
72507
76304
8385
5377
53857
41815
74186
47770
43625
33868
21503
74621
4089
41755
61336
38546
61492
87489
32717
54612
65655
67612
30543
33215
23127
62690
71778
4856
89802
44166
48477
78996
33953
33264
41055
4179
5610
91635
90261
21622
73226
48425
51269
29434
13557
93455
78340
99681
65717
91208
13489
15462
85316
95297
77594
20198
59642
68115
87377
96307
69812
35344
46711
15473
10837
30016
85675
27673
5528
5813
45800
81169
73194
24293
34949
90637
39058
45728
258
95641
95336
78243
92583
76609
49913
64946
20889
20530
23549
13727
20019
53542
81572
99428
80274
82595
10961
93061
12252
13395
78794
97763
45379
36798
32971
96175
83566
845
31166
38942
66433
10642
8931
29003
9536
23244
22909
81380
22038
29756
30072
63135
25259
41830
88936
43192
20538
24733
93687
6715
79856
44195
77153
13714
57639
19211
43560
6590
47207
97986
17015
96278
30272
99213
16645
81707
92949
85872
94332
82234
6711
63734
95994
87763
97713
21757
32321
56224
52943
56572
69940
13102
36619
48233
78913
32707
15283
79420
97527
5866
15019
15298
306
23731
59242
86195
80184
32388
60486
40313
80772
37954
64642
58632
39662
66847
71060
49217
28708
10924
76986
63111
2209
12163
19737
98984
88945
66595
15076
88752
89000
52145
15213
81334
61300
10105
34874
66743
12819
34891
18874
7696
25380
51800
49628
70932
80987
87436
18043
75420
71639
62503
6231
99659
4543
61649
55467
15234
38682
60042
17844
38844
13670
11383
15060
19959
56819
27021
52762
6322
79380
875
63900
54464
97870
59844
79527
77429
41441
44390
50465
46887
31219
48988
68301
91838
42555
77123
59128
61084
86120
90528
48480
41647
68790
57347
20898
50350
20251
28909
22561
40711
96262
99809
80417
92373
94519
30969
36261
75230
44057
40382
19193
5450
54115
91215
4884
35585
33420
31962
35102
45944
15816
68342
95934
29425
53177
71615
78124
86996
61544
53012
67990
76001
31420
58976
42336
78490
38168
66873
65815
81753
13434
85899
14157
88256
63558
92834
71728
97146
45877
57356
76836
24538
38892
36588
13223
54753
