100
58455
65511
29053
43496
1335
53547
29133
1884
75714
29
46495
73501
58120
35129
44664
14321
95196
925
53346
44433
20176
2521
67765
63463
23749
31136
7858
65319
21512
70105
92028
25676
85191
19722
5128
60672
29812
1879
65375
80213
74027
30416
19875
84358
15765
58138
23452
76204
90407
36428
80461
89710
3660
48398
54281
55903
56338
1505
74166
55898
3213
90584
94154
34176
13144
67228
83708
70546
22658
76451
54786
34246
178
46574
55023
68598
63082
43271
81712
79681
14783
23716
96281
27435
94012
51759
43934
42644
53501
60080
8166
18244
10247
70252
54821
48376
34538
6648
45395
13634
