1000
75360
72506
14680
16288
45631
61844
30484
36885
36458
55106
91940
17432
93335
49173
5487
75363
4579
66355
61375
30361
85765
45362
32218
15876
31074
66727
43908
52459
73702
23656
73583
56347
22552
74219
54337
81748
67381
35823
91346
20243
69587
7912
19116
5762
80830
33829
54527
98565
56678
37770
25370
46658
57451
97776
79053
48093
53466
40697
1175
62584
76859
70072
98653
45874
87186
62842
27078
5299
42967
95868
67010
99972
96386
88152
78872
34041
53321
69735
91157
16450
65886
13178
1617
85639
49689
88593
96127
22621
42983
28131
14917
883
49894
10893
20851
46534
34921
4183
49442
7144
60899
22044
45304
52720
87596
87024
14700
57237
73149
6095
48908
34182
45518
96669
98062
24538
36148
23661
177
60640
93023
33508
95034
54357
15303
96109
77616
83020
76733
90612
70783
71548
30005
95981
21872
94197
9268
72291
52908
44379
72967
43678
19126
45987
54206
18895
55465
4653
10810
10389
15751
22393
92293
37870
34238
24067
65897
27269
64201
69091
68907
41062
73266
46838
79422
869
167
79176
22767
88275
2615
78563
55743
34818
50969
35153
95892
37069
47398
31341
87970
57750
75210
7182
24815
98822
8054
25138
64799
57486
33670
7565
13044
1030
71870
45404
58601
21461
91457
1492
84770
55862
55750
56943
94755
83406
51407
74032
19832
34969
80244
74024
2234
76278
18726
53376
69922
50532
74820
86757
45443
91435
96897
90326
56054
42572
14384
43700
37305
44073
14822
94044
47268
72502
87058
90737
33594
44901
85222
24037
20593
22934
93201
66187
8522
78070
94287
38402
2261
3730
75684
52172
11578
85355
22574
98319
90162
64310
81411
82241
5610
56585
97153
28792
57562
12206
54095
5227
86164
26321
75010
35644
38057
37866
58278
5374
82066
76785
57690
78753
91789
45708
34611
78697
37263
47045
37200
1550
52904
91427
86368
65603
73904
48436
73156
16760
58267
25548
97229
39756
36681
86247
1178
48391
57415
43230
80297
53196
18410
87647
72546
29982
3777
40322
58374
37706
66870
35868
25091
59089
27130
75669
75482
62428
72888
10630
85346
8031
87310
39663
39643
47729
39675
34824
1947
90881
9174
29051
96892
35324
33412
27440
10279
86707
98810
27988
36561
14636
15086
62750
28372
19069
41001
95343
27794
5417
53575
35733
84055
91755
77931
58250
87328
96615
19986
33758
73350
80775
69150
11920
78509
41491
63240
14511
50123
82607
32783
25687
41572
8986
66906
90178
46982
18685
67991
55320
55157
91336
87290
17874
27423
96141
58683
61572
29092
67944
72769
96318
69231
24801
58475
34989
28409
25494
64377
68769
79129
90424
56905
26962
28619
34318
77642
32203
38673
84194
26887
87033
2236
81013
65672
52743
81406
88464
53430
6450
36554
57311
63489
87336
1249
18747
43592
67971
82662
5192
13617
11687
92156
21961
17696
1916
35727
18257
72916
54438
19010
30915
81788
48478
46510
99337
672
37593
19770
75057
81349
26273
64144
74369
27926
23205
38873
47465
36255
7143
10154
62507
8067
66300
91878
28085
56990
97218
83734
2490
48663
74057
61367
63231
42105
24214
98269
35262
24552
71242
24096
1320
56930
30987
49105
42839
72170
71883
9386
84866
93533
75346
12580
43421
65146
57204
88780
98726
11934
36098
76290
42766
71131
59799
96935
74587
62564
25359
615
41803
89888
54067
83774
51712
89975
7106
11495
500
72626
52889
97884
93929
17806
21981
24451
57982
22587
10559
1161
62875
14985
18348
99856
8897
76879
31963
14715
47491
43199
89599
29465
36036
69569
88008
96011
49757
85600
17701
54182
99195
76010
37303
47274
26691
56766
23011
13087
80298
38433
54088
55133
88587
93915
20324
23708
84759
72781
62413
61520
53511
29361
81177
93546
99103
56795
76570
65823
58039
44231
2410
62846
4832
99351
47770
58276
24253
3420
80965
78623
48541
91042
17075
84617
82978
71807
94941
99934
68287
36021
74574
41978
53281
11711
90903
34400
76205
65080
24819
6039
78208
61608
77432
5983
97377
29989
58497
89424
16779
96085
24931
54007
64944
79083
30367
31350
92227
67057
71682
63432
71482
14097
43434
18527
96495
26223
36147
26378
76609
28248
39382
37302
50973
28783
35527
34897
70861
25579
95252
57062
23495
18391
10561
4997
95805
21539
26374
44881
1576
93373
56587
31916
20405
24818
95543
11418
21910
54184
60842
76647
73641
439
28451
88066
56107
32121
46019
83707
33379
14088
35368
35348
52689
99282
20070
30165
71481
57703
39068
82570
35330
59777
32263
5911
55181
56308
9013
98716
57347
22193
35484
25185
4692
56103
1779
94598
12447
53300
54795
69345
7085
93793
7737
56252
1714
13012
62234
60895
86395
47182
3984
9591
56854
70603
57876
68753
29996
67002
13521
16297
19687
2162
57131
44782
71215
90002
70682
978
77888
69308
84303
91554
28198
33287
92817
9557
56981
79150
72393
61384
99030
69896
58219
98928
68578
25495
69156
86593
13102
85646
90303
57851
14876
11314
49403
41041
38724
17214
48039
59098
49393
52449
33554
32891
46999
71472
22627
42859
93968
62575
12449
28641
31933
26077
40433
31382
11995
19413
78397
8394
86808
11302
72161
74877
37920
12186
62483
52377
36797
73126
48290
28663
62985
70337
78122
58724
27830
17566
80748
61564
77213
73482
70866
92489
71712
36269
90847
95562
67657
42627
74453
65929
47491
13341
43456
76691
72890
12628
73118
50019
59075
13438
87438
77189
93747
85899
70144
17233
49098
51098
2325
28894
60316
67375
62670
15561
69039
41330
51247
87892
55182
80722
22741
73786
5587
31450
40115
30419
92919
65801
84614
38008
63260
14164
83051
80007
55830
57375
38318
39414
3271
21907
74063
65880
85942
45071
29452
93305
38648
2428
64979
12608
33249
14593
65241
29367
85595
75624
49625
61000
60199
70179
26844
53196
71117
71629
54256
20258
2442
38317
87906
39071
96880
50149
34232
51368
85817
52702
39363
53978
59334
1046
76954
81758
99600
20448
20496
12881
26078
26175
11036
51186
25990
69549
56240
65249
68473
2473
21743
88897
25857
77591
730
12825
50518
26289
72664
22017
80729
81711
87117
58654
73958
38977
33643
15202
91038
69809
83612
87356
79659
33725
14962
41539
30611
53010
55797
76644
5220
43644
7767
84690
57410
19373
35178
40105
98840
11107
30752
72295
80529
68852
93991
1217
89440
38330
83081
40615
83431
29509
26254
98627
13027
19208
3577
30438
3444
54973
35073
22673
95308
52408
36144
14219
67500
