19 72
1000
13 52 650
13 58 694
7 56 680
11 54 698
13 52 651
7 54 696
12 53 682
14 53 693
14 52 684
14 57 674
9 53 629
14 58 686
12 58 675
12 57 616
14 52 634
14 57 692
7 60 685
11 56 637
12 56 629
13 54 617
7 52 681
13 59 680
15 51 605
9 55 655
14 55 657
11 51 609
10 53 632
11 56 634
8 58 630
14 60 651
12 53 674
14 52 605
12 52 696
7 53 694
11 54 630
14 60 662
16 59 638
16 57 638
13 51 652
14 54 633
16 60 601
14 56 650
11 51 639
7 55 677
12 53 691
16 52 673
16 52 694
14 59 684
10 58 649
7 54 602
14 59 694
8 55 656
10 52 621
13 54 608
7 57 620
16 60 620
10 58 619
11 55 685
9 59 641
10 57 606
15 59 636
16 51 650
8 52 642
16 58 671
10 54 677
9 51 615
16 52 648
9 52 682
15 53 604
15 51 622
16 53 693
12 53 661
13 60 616
15 59 696
13 55 610
12 58 675
12 59 603
15 54 665
7 52 668
12 58 616
7 59 655
7 51 656
10 57 668
14 55 693
7 51 614
13 52 659
12 54 670
12 56 658
10 53 688
10 57 615
11 56 632
10 58 613
12 57 679
7 54 682
12 54 658
12 60 676
8 60 692
15 54 679
13 56 608
9 55 619
13 51 614
12 56 603
10 57 604
15 56 679
8 53 697
7 51 678
9 59 637
13 59 625
15 54 676
7 57 695
9 51 661
8 59 630
10 59 602
7 51 620
13 52 632
16 58 670
9 56 686
11 52 697
13 58 626
8 52 663
11 56 657
11 57 686
11 53 631
9 52 603
14 51 613
8 52 687
16 58 622
10 60 678
15 58 693
8 52 654
7 57 647
8 56 645
7 54 608
14 57 603
7 57 678
15 52 623
10 59 614
12 60 655
10 56 629
11 55 631
16 58 699
14 59 686
15 51 616
11 57 651
14 54 643
10 56 656
14 57 630
13 59 636
13 52 640
7 56 656
9 57 648
12 52 660
9 58 624
8 56 680
10 59 681
7 54 686
7 60 615
16 55 621
9 51 674
14 58 618
13 55 683
13 54 652
7 59 666
14 60 638
16 57 602
15 58 619
16 52 695
9 54 662
14 51 639
12 57 683
16 55 610
13 57 653
15 59 691
11 56 681
9 53 618
8 51 687
14 55 679
14 56 677
12 52 672
7 60 649
8 55 657
16 57 641
14 55 685
13 53 611
13 59 685
16 52 676
9 51 638
16 57 626
14 51 692
10 60 665
12 54 691
10 52 619
16 52 615
16 58 631
11 60 632
15 56 683
16 51 691
8 56 614
11 58 622
16 57 695
13 56 645
10 59 612
11 55 619
16 54 613
15 56 696
15 60 644
13 58 689
16 60 628
15 51 668
12 51 637
15 58 628
8 57 673
8 59 694
13 59 628
16 53 676
7 53 607
13 55 640
11 54 646
15 54 671
8 58 646
9 55 676
12 59 616
16 55 690
13 55 690
8 60 695
14 51 694
13 58 673
13 58 676
14 60 644
14 57 626
12 55 618
12 57 657
13 59 608
9 55 687
11 54 607
12 56 686
13 54 683
9 60 660
11 60 689
13 52 648
15 58 614
14 51 637
14 58 637
13 53 681
10 60 684
10 57 662
9 57 648
15 52 675
11 60 688
10 56 658
15 51 665
11 60 627
13 56 625
8 52 695
12 56 627
16 51 620
15 57 681
14 58 690
9 59 684
10 54 616
12 53 607
13 60 658
11 59 630
8 55 616
10 51 603
14 59 650
7 55 640
9 52 607
11 55 649
16 60 633
16 53 621
16 58 603
15 59 676
16 52 623
14 60 699
7 52 654
7 51 636
10 60 659
13 59 619
10 56 671
8 53 634
10 56 677
11 54 617
11 59 609
16 54 624
16 53 640
11 59 697
14 60 681
16 54 681
15 54 611
16 58 622
13 52 615
7 55 604
13 57 688
9 54 694
16 54 669
15 52 608
10 58 637
9 52 699
13 55 670
14 60 619
15 52 688
12 51 623
10 52 631
15 54 663
7 52 687
11 56 679
10 60 679
14 55 638
11 54 605
12 58 692
13 60 687
11 53 679
9 57 662
14 54 640
9 60 687
8 52 686
9 56 613
14 55 635
10 59 629
9 55 656
13 52 698
15 57 610
8 57 688
8 52 635
10 57 661
10 58 636
16 59 651
15 56 604
14 53 679
13 58 676
10 51 624
9 51 642
8 53 670
13 59 674
10 51 655
7 59 638
16 56 665
16 60 605
11 60 654
9 56 651
12 60 657
15 57 665
16 54 647
13 52 630
16 54 666
12 57 659
15 58 616
9 59 648
12 57 693
13 59 613
16 54 602
14 56 618
12 55 635
10 58 632
14 57 662
10 59 675
8 55 695
13 54 669
11 59 625
14 58 671
11 60 604
15 51 681
7 54 678
12 58 694
8 58 645
13 54 691
13 54 679
14 59 612
14 58 640
11 60 670
14 58 682
16 56 615
8 60 640
7 56 619
8 60 606
13 54 693
10 57 639
11 52 615
16 59 609
14 59 676
14 53 680
8 54 644
16 59 621
13 53 630
9 55 651
16 58 639
12 60 669
9 52 678
10 56 675
13 53 697
10 53 690
13 56 692
10 58 634
7 60 636
14 52 698
7 52 680
14 56 697
16 53 633
12 54 691
11 55 650
11 51 638
10 56 632
14 59 675
13 57 648
13 55 654
8 58 628
11 52 656
7 55 677
13 60 627
16 52 662
14 59 634
11 59 661
7 54 696
12 55 679
10 53 690
9 57 607
8 51 622
13 58 646
16 53 650
7 54 672
16 54 660
9 59 611
14 55 676
7 59 651
9 51 686
8 52 677
14 59 608
7 53 628
7 55 634
15 52 693
12 54 660
16 55 668
10 58 633
11 52 612
16 58 653
10 51 640
10 51 664
13 57 653
13 57 617
8 53 692
15 59 669
7 51 668
11 52 621
14 51 621
15 58 682
7 58 608
12 57 695
7 59 616
9 53 667
12 60 629
12 54 654
10 59 664
16 57 676
8 55 695
11 52 648
10 59 634
7 54 674
8 51 654
8 51 690
15 59 695
11 58 681
7 51 608
7 53 641
15 54 633
11 60 642
15 57 694
11 59 643
13 58 662
10 53 608
12 57 647
15 56 645
15 58 649
8 58 601
14 51 617
13 57 655
8 51 700
9 58 700
15 58 662
10 55 606
13 53 676
7 59 653
8 52 632
16 51 636
8 51 637
8 54 623
9 58 617
11 51 601
12 59 628
14 59 605
10 60 632
16 54 683
11 51 664
13 54 686
15 59 652
10 59 668
8 55 664
10 57 629
14 60 629
8 59 680
1 6 36
2 4 57
1 2 29
2 6 17
1 1 38
2 6 32
2 6 2
2 4 48
2 1 42
1 4 18
1 2 5
1 1 46
2 2 34
2 4 54
2 2 37
1 1 37
2 2 29
1 3 40
1 1 23
2 3 39
1 3 14
1 1 50
1 1 54
2 4 51
2 3 27
2 6 9
2 4 22
2 5 36
2 3 20
1 5 1
2 4 17
1 2 5
2 4 32
2 1 2
1 1 51
1 3 51
1 5 28
2 3 32
1 5 23
1 6 57
1 4 18
1 5 46
1 1 32
1 5 23
1 6 46
2 5 21
2 4 51
1 3 1
2 4 21
1 1 28
2 1 4
2 5 1
1 2 5
1 6 4
2 2 11
1 1 31
1 1 43
2 6 34
1 2 9
1 1 12
1 1 36
2 1 9
2 2 42
2 5 47
2 5 27
1 4 48
1 4 47
1 6 43
1 2 9
1 4 14
2 5 28
2 1 37
2 5 60
1 4 37
2 1 28
2 2 7
1 6 8
2 2 53
1 5 23
1 5 22
1 3 5
2 5 44
2 3 36
1 3 3
1 3 46
1 3 43
2 3 15
1 4 56
2 4 5
1 5 10
2 1 47
1 6 18
2 5 12
1 1 41
2 6 57
2 5 28
2 2 5
1 2 27
1 6 19
1 2 43
2 4 54
2 2 46
2 5 41
2 6 57
1 6 21
2 1 16
1 2 43
2 3 59
2 5 52
2 2 59
2 5 13
2 6 33
1 5 35
1 3 14
1 1 15
2 3 3
2 6 13
1 4 39
2 1 19
2 6 51
2 4 27
1 3 14
2 1 34
2 1 35
1 3 22
2 4 3
2 1 6
2 6 50
2 1 57
2 3 53
1 4 27
2 5 4
1 3 53
2 1 17
2 6 32
1 5 42
1 1 7
2 6 21
2 3 33
1 4 47
2 3 46
2 6 34
2 6 57
1 5 30
2 6 29
1 1 28
1 4 10
2 2 36
2 2 23
1 1 44
1 5 43
2 4 31
1 6 58
1 6 16
1 6 11
1 1 33
1 5 53
2 6 9
1 2 50
1 6 36
2 6 20
2 3 42
1 4 1
1 1 17
2 3 19
2 1 51
1 3 42
2 5 13
2 4 19
2 2 42
1 6 35
2 6 13
2 6 5
1 4 60
1 5 52
1 3 15
1 4 13
2 3 38
1 2 24
2 1 39
2 1 13
1 5 46
1 4 57
1 2 48
2 1 3
1 6 56
1 5 44
1 3 32
2 3 2
2 3 21
1 5 30
2 2 36
2 4 18
2 5 11
1 5 45
1 1 11
1 4 25
1 5 29
2 6 59
2 2 22
2 2 17
2 6 22
2 5 51
2 4 45
1 4 37
1 2 7
2 3 52
1 3 56
1 1 58
1 1 38
1 5 54
1 4 26
1 6 44
2 1 29
2 5 38
1 6 10
1 4 23
2 1 8
1 2 41
1 1 40
1 2 37
1 3 26
1 6 3
2 6 44
1 5 39
1 1 20
2 3 19
1 6 59
2 6 26
2 4 11
1 4 21
2 2 40
2 3 35
1 4 36
2 2 47
1 1 43
1 5 40
1 5 13
1 1 29
1 6 44
1 3 41
1 1 5
2 3 29
1 1 34
2 1 55
2 3 37
1 2 32
1 6 38
1 1 55
1 3 57
2 4 54
2 6 57
2 1 57
1 1 41
2 2 8
1 2 59
1 3 59
2 2 51
2 3 13
1 6 9
1 6 37
1 2 53
2 4 52
2 1 9
1 5 2
1 3 48
2 5 11
2 2 15
1 2 4
2 6 60
1 3 55
1 6 54
2 2 4
2 5 16
2 2 53
1 4 57
2 2 46
1 2 48
2 5 34
1 2 46
2 6 54
1 4 41
1 5 38
2 5 12
2 5 51
2 1 47
1 6 58
2 1 23
1 6 39
1 2 11
1 1 52
2 4 32
1 6 15
2 4 27
1 4 47
2 6 28
1 4 45
1 6 39
2 5 15
1 6 20
1 6 10
1 4 41
2 2 59
1 1 47
2 4 37
2 1 13
1 5 43
1 4 51
1 2 20
2 5 40
2 6 48
1 4 47
2 5 48
2 1 50
2 3 32
1 5 3
1 2 41
2 5 56
2 2 29
2 6 5
2 1 45
1 1 24
1 5 35
1 6 18
2 5 36
1 2 44
1 6 27
2 3 50
1 4 6
2 6 60
1 4 35
1 3 46
2 1 47
1 2 54
2 6 10
1 4 49
1 2 34
2 5 38
1 6 27
1 6 49
1 4 39
1 3 48
1 1 23
1 6 25
1 3 21
1 6 6
1 1 38
1 2 58
1 5 18
2 5 42
1 6 13
1 6 17
2 2 9
2 1 19
1 5 33
1 2 55
1 2 60
2 6 32
2 4 24
1 2 2
1 4 43
2 2 53
1 6 10
2 3 12
2 4 19
2 3 44
2 6 35
2 3 30
1 6 56
2 3 56
2 2 31
2 5 45
1 6 48
2 4 41
2 4 42
1 4 60
1 6 36
1 4 23
1 6 22
2 1 14
1 4 4
2 4 12
1 6 20
2 2 18
1 6 32
2 4 29
2 3 52
1 6 12
2 6 44
1 6 35
1 2 16
2 2 27
2 3 30
2 6 34
1 3 21
2 4 4
2 3 39
1 3 44
1 3 57
1 3 24
1 4 31
2 3 14
2 3 11
2 3 54
2 2 49
1 6 48
2 3 10
2 6 27
1 1 48
1 4 48
2 5 33
2 1 60
2 3 54
1 1 56
1 4 40
1 1 29
2 5 16
2 1 6
2 4 30
2 3 19
1 4 10
2 5 36
1 1 51
2 2 2
1 1 36
1 6 30
1 5 55
1 2 41
2 6 10
2 5 55
1 4 41
2 4 11
2 5 49
1 5 21
2 5 36
2 3 49
2 5 50
2 4 35
2 3 27
2 2 16
1 3 31
1 5 39
1 4 23
1 3 12
1 1 11
2 4 53
2 4 39
2 1 16
2 1 34
1 3 5
1 3 20
2 6 43
2 1 38
1 5 13
1 2 6
2 1 18
1 5 28
1 3 22
1 5 2
2 3 8
1 2 48
2 2 43
1 5 49
2 1 36
2 6 11
2 3 50
2 1 52
2 3 23
2 1 57
1 5 24
1 2 16
2 6 29
2 5 33
1 5 27
1 4 29
1 5 37
1 4 52
2 3 29
2 1 25
2 1 12
1 2 21
1 1 5
2 6 7
2 5 13
2 1 30
1 6 3
1 2 3
2 5 22
2 4 48
2 2 60
1 3 12
2 6 24
1 2 59
1 3 3
2 1 60
1 6 26
2 6 40
2 4 53
1 6 56
1 6 49
