30859 30 500
28525 30
18675 20
25813 28
8313 4
14682 30
14993 28
24331 2
9289 12
22811 1
27399 3
1750 6
17268 1
29285 6
804 18
27705 11
19396 27
27506 12
16529 17
21760 8
4193 20
2772 11
3425 30
30111 7
28513 16
1648 22
21814 22
10475 11
24135 3
18115 22
9321 9
20081 25
22874 19
5079 28
6953 17
4416 27
28745 17
11251 18
1371 3
19930 23
69 13
11360 30
526 16
26639 4
3215 25
16030 7
3226 16
22110 23
13412 5
29285 16
16917 25
23079 22
10636 6
7989 12
238 20
18136 14
285 10
8367 18
8101 17
14921 20
20349 24
25860 3
14671 13
27522 30
11650 22
22070 11
579 26
4093 21
14020 24
15345 8
26632 28
3268 23
9539 26
19003 22
16299 4
2197 5
29999 14
12342 13
18428 22
15095 30
3992 29
6151 2
24445 8
28579 23
22529 17
17582 14
18923 24
636 17
4835 7
16082 25
16648 23
15826 30
29539 10
25557 7
24467 28
10383 21
4327 1
12445 13
20495 28
23847 3
992 22
22593 7
12395 24
20603 15
21518 2
11474 22
20445 4
21933 16
28398 23
15778 10
16242 7
23988 23
23170 15
18346 22
2196 28
10265 25
18867 12
178 14
15813 9
27726 20
29839 10
25246 15
27897 6
17982 6
17200 3
18623 11
12401 16
20709 10
5939 12
9444 16
2784 14
8682 7
3374 20
5483 2
11425 7
2472 23
27536 19
23942 19
28122 1
1921 17
29482 20
755 24
5076 14
12114 6
18117 6
10389 19
13545 2
9572 18
17220 17
24700 18
16675 10
2940 2
8968 26
13166 27
30005 28
3037 7
18259 23
14188 29
21597 8
25683 19
29233 26
23164 7
14678 10
3891 12
11733 1
5932 17
22488 1
10563 15
26841 13
6714 13
484 14
20241 28
10318 17
11120 28
1054 30
12231 17
5440 23
27093 28
6148 5
13935 3
12013 2
13485 7
24130 11
22684 14
7045 8
26582 19
18842 9
22069 13
13641 7
29098 22
10316 10
201 14
2094 23
9695 15
7690 20
765 8
24352 17
11857 23
21205 7
21702 30
26393 20
10386 9
29838 12
8396 16
17405 27
5857 4
28012 21
3092 13
9457 4
28407 5
27949 2
18501 15
5384 11
20027 2
17656 2
5923 21
4028 11
27374 15
28855 27
10438 8
22843 19
26196 22
6254 7
19452 2
14417 20
25423 13
2763 26
29169 17
16369 7
18887 29
21768 4
20428 23
10010 19
696 21
191 3
29037 17
12381 15
13385 29
24927 22
2025 19
485 15
12854 4
11174 23
26134 8
7189 29
12953 30
15304 10
2772 27
18451 4
15993 18
9626 16
3795 16
11359 13
6899 3
13961 21
12044 26
9516 11
11009 13
28557 18
3246 15
1495 8
30368 21
15227 9
29857 15
84 1
12810 9
19278 28
29095 11
26314 12
8119 9
204 12
3216 5
18273 9
17532 25
19198 15
16552 4
4137 23
30325 7
11981 10
9343 13
14845 25
606 7
11030 9
14646 8
14118 8
11196 12
14843 22
6878 15
140 28
7408 4
28869 22
30007 9
1157 3
26501 23
348 15
19098 6
26718 20
27895 3
17395 21
24935 18
5414 27
3047 6
827 10
8561 12
17707 7
25535 14
30534 24
8048 2
21513 25
25342 5
10309 16
29464 27
27172 29
27954 29
28938 15
1494 23
12043 1
25075 9
28881 16
9708 29
6750 20
1572 12
16927 12
8168 19
13637 15
26060 6
14468 25
26696 4
4298 21
3972 8
25131 9
9775 6
27038 14
18873 2
19774 12
27675 26
23107 6
27671 19
551 13
26628 8
30596 17
20636 13
20625 18
12960 6
4533 8
29055 20
5218 23
23134 15
24631 27
11378 24
22051 19
3148 12
26663 6
19025 11
13677 1
29309 9
14074 13
24676 9
10063 18
6332 25
9219 16
30211 7
19069 28
15409 9
21965 29
22295 15
26878 21
16167 12
4789 13
22463 1
15769 13
13437 5
10384 15
15695 30
30121 12
9944 13
27180 23
4362 11
12889 27
22639 9
17379 8
2380 3
29762 22
8383 8
3196 8
431 13
16919 7
7575 12
16178 3
25693 18
9042 9
11979 29
2151 23
18345 22
14369 2
19627 8
21265 12
18589 10
30548 18
29939 30
2503 11
16149 21
16128 2
9913 16
9303 15
17720 30
2844 6
16531 29
28784 21
23760 12
9250 30
12516 4
25212 24
7212 22
2562 25
23453 6
10813 29
17602 8
1308 27
19119 8
10518 29
9312 27
10169 22
12748 17
13202 8
11259 21
3043 13
7933 25
2004 1
20743 21
16047 21
9172 30
1994 21
22683 27
10999 26
3488 9
21778 20
10772 26
3136 10
5689 13
12449 17
10552 11
21029 11
12986 10
29055 13
11863 12
22149 6
23256 5
8258 19
26630 21
10933 7
24372 15
26234 23
25168 7
19923 30
16324 26
18474 6
28689 10
15680 29
4406 25
10681 12
18600 27
7213 27
25198 30
27582 10
2014 4
17470 16
20170 21
19090 11
17480 8
10472 16
19817 21
19852 4
19195 1
20955 18
21125 13
17547 8
10032 3
23640 8
21262 11
23708 24
22183 27
5020 17
22340 27
7606 15
7172 28
21640 12
7246 11
1784 27
5514 2
28864 26
9980 12
8935 10
9720 18
4738 9
2766 23
18723 15
14384 4
29483 5
1103 5
11094 5
