2147483647 2147483647 999
8079 12866
30955 32188
4243 28516
6668 7527
25153 5730
14498 496
6255 12297
11870 8524
32144 7173
19345 24969
19937 32067
1074 25224
26969 4103
25006 10103
14414 17868
17779 23573
12007 17119
18491 12709
6981 6586
16920 4015
10864 24609
18244 5242
20483 31230
9638 8521
31895 13821
12068 28248
20209 6119
23723 25236
11243 27840
5631 11038
26915 1183
10820 20094
30309 11856
17736 14247
12761 20651
28054 29871
21228 15794
22331 9547
6143 7020
5974 21772
8914 32389
1121 15707
12207 4770
20290 11061
4950 27782
8465 1191
11180 25062
18855 10761
12066 780
19179 12026
1766 4654
19676 10015
8140 5259
18014 666
24059 22859
26308 13900
8023 4628
3105 11211
30898 22892
21070 13602
6578 17105
1723 75
896 20634
3319 18029
32309 27532
32765 13014
30981 14395
7236 15798
16681 26151
16005 30369
15246 21650
842 31427
3391 10530
21307 4832
24211 13371
26664 13587
9494 16154
5845 26178
8248 8114
27017 14180
29880 11847
22357 23154
4814 30923
9253 2862
21275 20475
13704 18327
30289 2617
26687 5159
29602 6184
12935 18386
16874 18185
7974 7103
1947 19673
27959 31428
23916 31270
24758 19620
4033 11701
4043 14600
2777 26069
14551 7742
23993 2945
27967 14259
32732 21305
7419 12337
17815 20381
20189 7129
12110 4558
4514 5600
32601 29572
29114 32265
17076 26351
32727 4582
14440 26703
13367 24014
17341 27986
15026 16797
21788 28209
29571 1327
30150 25737
13526 14490
25143 23546
6421 23597
24408 28801
26099 3116
13927 22166
22581 11337
935 18693
24643 20195
17351 30860
7026 21502
19475 22841
5646 31749
6492 27010
8747 27201
8616 20257
20265 21272
5274 26038
19976 20998
13984 6938
20081 9053
17118 13700
8319 15804
32734 24414
10066 1873
29428 5349
26707 8910
24178 20355
17220 4140
30353 2796
7950 7458
31002 32762
5962 24932
5079 12617
30349 17052
17853 9618
2420 15401
9942 27592
5747 26266
17136 17653
1628 31465
29448 4049
2481 19831
24948 21031
18091 31947
9426 31720
23559 20491
7603 16396
17555 310
775 7980
26492 28455
18760 32737
24916 29514
20583 28890
20966 22299
1143 28863
15034 9571
23834 22473
14950 21298
26542 16158
12443 31899
18488 493
5867 12594
23821 13390
6747 3142
28994 11223
16813 5343
10713 30205
11370 8566
6568 22577
14001 15223
10248 13750
3522 15991
13891 30532
330 12085
12219 20575
7532 1618
28890 32372
22931 27344
12477 23992
26618 6220
22944 28609
29176 27899
31752 12257
19725 23398
18610 20805
29869 15333
15678 17106
21710 14813
28571 5307
12595 22713
9265 7138
13686 19625
6866 28404
31192 8989
15966 6467
2249 30464
9016 8034
12598 11445
108 12674
12693 29138
3996 10127
1969 31903
32687 8970
28981 18253
26169 29349
26875 17142
23465 5024
11538 15960
11829 27878
6545 31825
22406 8166
25630 13850
8483 2866
1085 1347
9118 23258
21594 29042
3200 17031
14229 7643
22261 15702
20559 21119
25399 28538
4984 23844
6331 1424
17559 1559
32542 11713
9878 5284
31182 1690
27987 8018
4728 8107
15335 9183
32309 26593
15284 8958
18804 9635
6193 15315
22181 21679
27509 810
7083 1459
26500 4731
18943 7083
18525 2718
19875 765
23231 1614
20173 15958
9151 14431
8784 25922
29963 12735
21706 28814
31227 2862
15504 28766
2397 28349
15962 2061
18429 15624
12461 19399
26614 18995
2572 23528
4284 28325
17885 23059
15333 26503
11293 5138
4794 17147
26563 113
6273 21533
6133 26841
11656 27322
18414 24109
14066 19154
31146 21094
30529 8144
12118 29743
25511 26500
8058 10304
524 4324
32740 15483
7134 19079
4948 12487
20893 15581
26089 12720
23330 11311
25678 8379
178 15962
14756 18058
6342 24651
8238 2740
5784 1849
4286 19810
30061 18853
31971 16042
3237 3091
32719 20395
6276 15749
12810 6509
958 24508
3033 21878
15812 22318
620 17451
10705 16070
19402 7405
29363 15198
30077 25583
20314 2813
14845 16857
1058 19408
16605 14622
11488 14058
13751 21790
7086 19131
25049 12027
22647 8530
13484 25659
3393 28242
26344 23330
27453 24758
9338 28877
21648 25668
26928 27918
22239 32466
31786 22539
17053 17724
13825 3477
27412 9248
32180 10825
23348 30816
10327 11881
2847 13141
10106 29304
25200 1747
12890 18839
4943 21729
21962 28066
6710 24373
5855 4362
28288 29298
5214 12912
12214 2336
21222 3590
23449 8815
8158 18598
22767 18603
14108 12464
25358 894
5978 12452
8745 12777
12633 20355
31838 2049
24018 23269
27515 11369
17954 5850
25492 12691
11185 3969
5701 26294
14886 26730
7879 15502
20556 17837
25269 14806
27586 10951
13212 15238
9061 27447
32069 31948
23678 2269
3265 8908
9900 7181
15417 18456
27280 8566
3954 17390
22330 18870
3363 10548
14934 9913
24823 14644
12054 21205
4704 17943
20447 28070
23586 16675
22195 2731
28826 28852
22625 28061
14034 2556
1646 12435
19527 10874
9154 12247
22388 27963
6162 22405
30502 6100
19985 12009
23167 6938
18518 15766
19911 25512
6411 9798
18422 13838
10331 4981
17666 4825
30105 20924
30953 24135
16177 13294
10109 18375
15695 7412
11506 11570
23377 19305
808 30156
7149 17140
20409 8441
5154 28521
18114 1215
10464 23967
28274 30719
31606 9743
3924 25715
12480 25905
23900 31846
32524 23958
9651 4151
11985 8134
3394 16267
31246 21463
11264 597
30339 210
4348 17799
30355 28101
31530 6037
3316 30888
21229 8366
7964 32496
12392 25274
12907 13301
31365 32018
24601 260
27329 28673
7134 19268
446 7166
14691 15177
14470 30887
23659 25210
31392 16253
16320 23075
13525 1634
32480 14425
1215 1491
20069 30353
21782 1765
20277 9727
29370 13569
26733 3504
26240 20319
21518 3686
8125 30275
19045 26679
15251 4090
30780 15844
29950 404
11203 29178
2461 14174
25659 14763
8001 14630
12392 362
30263 17966
1972 32584
29781 13548
2595 3857
21703 4744
21243 13349
2199 15890
18991 23832
5117 31622
8335 17673
29804 14978
25266 3779
23385 3265
20127 30101
18889 2143
22590 12273
22690 4555
2177 24519
14765 18827
9041 11423
15726 6579
16443 25465
27044 7971
16855 14436
27806 27267
22524 1504
31044 21760
30885 9717
22497 25795
31649 16656
14257 32054
17662 11936
3374 22262
10803 17268
2331 31638
32272 10707
29773 16665
28518 8025
31804 302
9846 13460
15437 2089
19738 27234
4061 30662
28085 18696
30989 6556
21724 19731
10320 23906
25025 17903
28853 32485
29028 584
13557 4037
20600 26148
6460 24819
24598 18109
1464 2027
22819 10272
17890 31664
23170 14470
20623 1420
11770 9589
1205 388
28646 9878
26366 10909
1439 23125
11279 28370
3754 20539
7061 1744
15520 23819
6164 19831
15841 5278
22382 4881
9976 1406
6198 26704
1740 4677
24498 7433
4492 1204
3250 28339
3672 13970
19220 8862
29616 27722
13330 2035
24221 15684
10066 7535
20641 9727
10411 22238
24672 8179
20152 15962
18699 23336
3615 27969
1168 30102
28063 6391
23682 19515
28379 12129
7626 16895
14312 16156
23307 6215
18840 10113
27094 13659
20100 19546
1683 29816
20187 18785
19242 23476
21742 24956
25716 21398
20087 9658
12901 15473
13996 4109
16118 32133
21768 3525
14291 27091
7380 13777
22217 5828
31096 9908
25837 120
4995 18504
17549 6127
23163 27958
11736 5850
24422 4145
2637 13631
19477 10485
6884 7375
819 21763
21757 13831
13585 20505
8716 11017
29999 30835
28162 15415
7306 23236
12410 17045
1192 499
23720 31708
26468 1686
25602 31837
28537 6703
14252 25244
17873 2601
29860 10408
10123 30352
9906 12091
20686 14483
19981 24214
18513 13499
5069 31003
22438 5353
22805 31655
15433 9746
3324 10165
23916 21945
30016 4916
4736 2863
21929 23075
18051 22669
8766 19954
1036 16238
10283 16025
13848 1389
22893 14709
10642 21602
10051 23013
7076 8795
5973 1960
24768 7516
32673 16117
28781 5847
5417 15959
25042 10986
14686 13903
9476 8027
12874 22184
1295 13907
14721 21912
16070 28893
3525 19611
14411 32030
29564 1807
9565 19538
20434 7824
9316 3211
19118 273
8254 552
9046 15551
711 32022
9185 11670
1066 26057
24416 26815
8939 7673
9931 432
4272 12573
24749 1282
8146 4264
12175 17681
32167 22534
4902 21590
17805 21589
28732 18819
14519 19428
11102 10595
9911 16748
16970 4720
21199 12048
4119 1585
25079 29974
10274 27738
7598 30819
29628 11170
6017 11448
32405 29794
31068 1711
7655 6386
3732 4467
24162 4035
20912 9282
25819 31548
2811 29604
11699 21334
19402 31336
22280 3318
21133 30307
24990 23309
9112 29928
5260 25970
25263 11014
28582 4474
14675 5508
22702 14429
21967 7326
28473 26440
20225 14204
13155 1345
30953 19318
27442 31423
30195 17162
29387 14085
4356 6297
25431 12098
11335 20708
15538 13162
20660 8522
32218 13522
10853 15807
22546 23182
32152 2700
26841 32650
24707 11721
9870 30315
17883 15514
27616 12067
9251 44
19959 6742
17845 3694
10596 26224
3473 12944
4553 29315
15593 24892
4168 4833
1384 13463
23724 893
29766 11254
32090 9218
525 11104
31222 22961
21288 30408
3284 13051
30000 9479
32549 10466
9462 18075
7134 6672
26960 15394
25959 23476
3748 30868
31241 31776
20278 11075
21268 4900
13361 3476
19155 15400
31607 20603
5425 5643
3624 26040
5927 25791
21492 8403
18669 12448
28449 27608
3804 32665
11611 3027
13605 1013
14655 12554
31284 23814
22694 20221
21474 17784
17329 30750
23389 19314
24729 14672
3031 28274
28724 12577
16369 16101
30534 24264
6630 23433
28813 25821
17016 26755
5002 15322
10907 23616
15377 4182
15330 15884
16016 18683
9133 12915
13599 28748
9488 29019
4427 32281
7554 477
32418 15549
10314 22504
25086 17950
3241 12180
402 21602
25288 16967
8630 25201
7008 12682
8818 22575
22059 17321
27084 15990
13070 19980
9938 14038
2563 26968
14694 13068
13768 19269
19148 10307
23881 25149
25332 14860
26574 3770
1672 6431
2020 5725
10678 4559
2317 11469
954 1615
19495 11861
3890 20647
7836 26684
17185 18548
22607 2787
20672 26722
27714 8609
29193 20330
22535 11359
5377 6604
7660 14066
28616 19916
13798 2619
18785 22572
8505 21248
834 21612
3309 23177
12187 7364
12017 11514
16487 24029
18956 18804
6963 10835
1159 14314
7601 18924
32156 8387
24316 16533
19869 16948
14761 18720
23780 24412
27281 16320
15742 1308
20577 14400
29590 16572
6110 15366
22691 9279
24825 27595
1361 13442
10390 279
28208 7447
796 27519
7967 17891
29629 1439
16758 9849
27778 7637
22774 29493
17182 20162
25458 25
9839 25473
18234 30055
24787 17317
15434 12802
29488 8949
7223 30597
21698 28903
17621 15392
25507 17373
31145 15927
21020 15393
28690 13753
7341 6818
29238 16192
21726 1900
17581 23789
19652 17385
15088 10497
28498 17625
9856 5692
20837 28690
3286 23030
18317 31225
20494 23550
3228 7868
13906 18486
17649 13141
31751 7659
27266 19006
23738 22773
28075 26612
16073 4242
5816 814
28113 10243
29747 19674
4059 27876
25071 31708
16709 16204
29905 6277
882 8105
22369 981
27185 15960
25364 13937
13294 26887
599 29539
14491 29131
10075 27284
23388 27648
25507 1801
27381 23268
27727 25824
7412 11762
5926 11017
3997 9984
7269 17605
32410 1559
10569 14048
5727 5910
3934 3246
4703 32005
7302 6343
4592 22330
26568 1410
20479 7214
7902 28978
10611 17949
8317 4643
7778 11615
28514 7763
14838 11401
18977 29424
3357 27203
29613 14230
10228 25831
30886 31045
15857 7135
32102 31011
24786 29371
24777 10999
32329 10772
16320 8033
3172 2597
9621 21979
4286 6946
29947 12912
28264 1887
21981 4926
9877 802
13283 16813
30727 22084
6596 15212
2365 25482
30030 3888
2393 18885
4151 18731
29651 31403
18849 11086
25312 25460
23663 11583
7328 820
15946 25
18186 2811
25457 4583
28312 25518
29509 19678
19377 13732
14736 3676
29402 19968
24729 4516
23453 32209
16360 19031
27189 20203
19417 27313
26622 10883
29155 4489
5791 19852
28070 23559
18933 9941
25270 22306
13502 31455
18218 3297
21514 27007
27362 10573
9570 12600
10140 29496
5045 19542
1462 5297
18182 17354
25025 28482
17112 21449
24266 30704
32597 15907
12647 22256
26944 26212
3971 18217
29857 5036
20714 29037
11818 29774
3219 16247
30571 16171
16049 25252
22970 3789
17272 2674
7136 21059
