42210 54 630
203 42
15460 45
25924 10
19507 26
1878 12
19163 8
31318 10
37495 37
7226 30
18490 12
23678 5
38680 10
26140 49
22508 28
13838 47
5482 43
7383 10
15822 8
18403 15
6616 8
15267 5
27742 6
16139 35
35431 26
29064 15
14148 13
33634 1
40819 21
40540 52
16351 5
22536 34
24089 9
27490 40
6023 27
34911 37
32945 10
14333 46
7125 4
21341 24
10373 1
8712 30
30537 23
11556 29
4948 15
25157 54
32417 13
2228 45
24997 18
26964 19
22949 9
16250 16
919 51
39551 9
29978 30
38014 22
24519 29
13191 10
1986 46
35759 45
21130 20
26072 19
30265 54
28756 18
36437 28
25668 11
3898 32
30511 54
40503 37
37080 28
6064 39
36803 51
8817 40
36313 18
16498 44
16375 7
27075 11
37260 11
17596 10
30886 30
39812 22
12468 49
39841 21
19816 46
2677 33
27609 14
19922 25
10119 2
16233 41
40892 24
20273 45
33040 39
19191 10
595 28
8049 15
1357 30
11911 7
29651 16
37735 25
11364 51
8173 50
21933 28
35395 20
14347 12
10692 11
953 18
28764 33
39415 1
10376 40
16898 7
21201 26
39093 47
9325 12
4086 34
16003 45
33017 24
25369 40
20952 16
22264 40
1006 35
35925 7
28364 7
45 3
32032 24
30014 13
8258 37
40350 37
11524 39
41817 41
485 22
20105 42
28874 33
39132 7
15676 21
40664 31
27799 1
4415 3
35155 15
3650 14
8084 31
39559 52
13497 35
12524 26
18894 45
30114 11
10351 28
38123 40
28113 41
8607 8
29431 24
30038 31
5356 33
35078 50
28988 31
9523 31
7631 1
16953 10
19339 17
17313 10
14370 29
16959 28
36399 9
760 22
18363 18
36057 42
33439 50
20182 8
34909 16
31164 9
28737 6
14651 26
29186 26
41046 6
2612 45
13617 44
15096 40
40474 3
8137 47
34600 35
30123 42
29184 52
31240 6
4620 21
28406 29
17937 34
22278 18
850 39
29707 39
38336 50
14672 8
8479 2
17768 49
7538 37
35124 25
40006 29
10130 38
38808 32
16480 8
25021 6
3978 18
16042 35
8699 54
19188 12
9026 34
36230 40
12561 2
14877 17
40848 8
31459 38
27082 8
28805 18
32412 39
5607 28
15125 53
2360 46
1522 16
41510 54
40509 13
21141 5
9842 5
36413 34
27851 8
9518 39
40143 3
9884 47
31574 23
39863 28
2815 30
13378 29
1035 21
32387 43
40489 33
21334 50
12591 23
27441 36
33303 9
14848 34
40006 49
17251 5
35432 46
4677 19
22956 8
12455 43
38895 1
35776 22
22597 52
5738 48
35464 1
4519 3
42090 19
1435 27
39008 49
6196 38
18603 31
26655 52
26053 20
30881 45
29006 24
39530 1
5609 53
20733 45
33887 8
30036 40
7218 47
35456 31
4100 5
17934 17
29425 27
19397 44
7741 14
32241 29
33103 51
14498 23
4293 46
30026 16
21832 23
17092 26
21297 12
7789 37
40495 4
27287 2
38190 1
9950 3
7683 10
37669 44
41629 47
34457 41
15029 30
3546 37
41229 9
4342 50
38257 18
5761 52
3535 13
16279 41
30755 7
15168 27
41881 49
21954 46
19777 15
18509 31
17951 11
39688 14
36458 38
41424 34
32387 30
9917 21
6241 47
26349 46
31629 9
12097 36
21851 4
29639 24
8325 43
41040 3
27946 10
20321 47
35550 44
18044 19
14944 29
40287 39
8184 25
36813 21
4427 10
8322 35
20080 39
42188 47
37191 32
12202 45
26306 6
39131 12
37294 22
33578 24
14535 6
29989 5
16435 38
34301 48
10246 40
17711 44
27699 32
24265 45
129 26
32803 27
37528 49
26373 2
26979 28
15191 5
11378 25
23031 54
33962 18
15296 12
2014 27
10806 28
6995 26
38963 43
29388 21
36620 46
35334 46
548 21
5379 43
4422 50
37134 6
37435 35
41043 1
12129 11
36365 30
4092 10
38947 40
36946 22
20271 9
2912 33
5699 2
24318 3
10518 3
10176 5
29446 36
631 44
10351 14
32279 1
6744 42
40811 36
38803 37
32439 6
5216 47
6407 47
40918 32
7782 42
37913 1
24988 43
11663 10
5746 47
9146 25
22455 24
38052 35
37600 31
645 29
38871 49
6233 23
15707 47
11618 48
19309 34
28783 47
9998 1
39131 50
8329 19
30437 5
21672 35
34499 40
30525 1
11822 17
33896 47
31150 9
37015 26
20351 19
1830 54
21873 19
2315 47
39343 24
35235 13
7535 23
2736 51
6405 28
13883 6
6241 32
23062 13
3296 35
28704 38
22903 33
40226 45
26327 44
2467 42
21465 24
4103 12
12658 5
9578 31
26386 12
10884 43
38080 54
28666 32
15711 40
35881 10
10904 16
14393 2
27836 49
27763 20
1649 2
35216 7
17646 47
26521 44
26630 49
12785 18
10763 10
9724 3
3031 48
33821 9
7174 23
15763 24
2076 16
10374 1
14121 8
37585 27
40544 4
39189 41
39428 51
24593 8
1534 18
25024 3
3037 8
34908 42
22194 23
3086 31
31079 29
31498 1
39874 54
20887 2
35012 28
39722 28
16293 41
1642 54
10961 32
33145 14
37695 7
11293 24
4026 7
11944 3
37772 32
554 17
33010 26
20633 23
29734 4
35004 38
17789 15
20687 38
3335 43
189 50
4788 13
40176 32
35601 21
5841 25
15210 9
9461 47
24287 16
11835 29
22524 14
516 31
14931 28
26625 41
17023 41
25695 15
24009 39
33960 17
30797 52
29071 3
33582 27
27749 12
38726 21
28153 10
30786 10
28471 7
30945 25
26090 45
7744 36
38905 11
3525 22
32029 25
6336 47
23599 35
36220 19
20804 54
38971 13
38716 3
35163 53
785 49
12003 42
5735 35
26939 15
21049 4
31664 9
15407 13
33185 37
33458 20
37287 22
22317 5
32264 35
31735 13
28102 36
27486 29
7978 14
3238 50
39410 23
31461 21
937 22
31102 29
36973 54
11156 14
35924 11
40242 5
25100 19
4842 29
9691 33
31398 2
30731 9
9839 21
3498 30
1253 1
5745 16
30583 18
7347 10
12922 1
27377 27
23797 45
26739 31
36917 36
36960 29
36254 31
23235 33
26917 7
3406 26
28600 31
26500 18
19269 53
4904 20
18387 9
37919 29
2983 36
17792 16
35805 43
21289 29
24510 5
3528 34
18733 25
22769 30
20803 37
40517 36
27002 11
40209 6
13793 28
36470 27
16097 15
21748 48
33143 9
34346 20
14488 7
35894 50
20533 18
14413 6
29231 12
22137 54
10947 17
36616 5
17530 37
8510 26
30 18
5711 18
8663 41
36323 18
4015 32
29962 54
38614 2
3110 32
16778 14
22700 17
24010 28
14738 1
32837 5
24099 27
39709 29
22580 6
9673 1
19056 18
29180 21
