47591 42 852
13863 24
33446 3
26413 33
30943 41
5758 9
4969 18
19645 5
43536 40
9299 33
22631 15
2361 23
21807 19
26753 20
20942 23
42993 37
10667 6
34023 20
42809 18
22759 42
44583 41
37450 3
41270 11
9236 11
16239 11
26492 21
29237 39
2325 30
35979 22
12675 7
6159 8
4427 17
44666 35
12025 32
42329 25
34107 42
12502 23
18576 21
44924 36
35655 4
9953 42
16546 14
14831 35
17673 37
7994 11
31185 15
32796 3
39971 31
26368 39
27916 8
22494 41
1173 39
11170 6
40523 20
4375 16
36083 15
12844 13
4855 14
31249 37
47491 14
45926 16
11935 1
43567 23
38100 21
11238 29
28640 24
25105 13
5213 31
13695 12
37780 21
30764 37
16860 6
28694 41
26479 24
38867 13
41047 7
11712 32
13224 28
8697 35
4038 27
22763 38
18396 30
496 31
30071 2
32596 28
25886 24
24791 13
5887 30
29309 17
30963 5
1776 28
40558 5
44658 17
31629 14
21109 5
12162 14
4863 4
11051 19
45493 35
9769 14
24622 6
6253 9
9849 20
5041 28
2113 28
25110 2
30558 1
38418 34
37933 19
2010 21
10875 16
15643 1
12259 15
30140 27
22685 23
18871 34
33524 27
13755 20
36848 5
37764 34
45325 18
25389 20
1559 29
24793 25
19302 8
35460 11
30761 24
36806 19
20103 20
13682 6
36334 7
34529 18
47282 12
21547 38
41435 35
6288 12
34827 2
10346 23
32799 20
35208 22
8347 4
38581 7
18276 21
24360 25
19165 36
4544 35
4057 19
31664 40
45697 15
36245 24
34365 7
24774 19
4889 20
15785 15
8060 23
7773 22
16473 30
46619 12
33623 36
43760 29
15828 22
7670 26
37552 20
30556 37
390 9
2747 3
6312 20
38585 39
5396 14
39585 4
5204 19
21144 9
46904 31
33100 9
21746 9
39252 12
32092 8
37671 16
14281 33
1664 19
17574 18
42186 20
23058 2
14648 26
6668 38
41702 38
10633 6
8971 42
47093 3
5013 2
2692 4
24239 7
10394 7
23644 2
5785 9
8398 32
4920 27
23610 19
35123 4
36635 29
42231 2
39350 41
14465 40
45446 2
3906 28
2809 19
24025 35
33688 14
3963 17
47122 25
39737 4
16756 24
4693 28
39897 3
20542 27
19422 24
18455 14
11816 21
10536 26
12167 13
38800 28
5220 22
18046 30
28949 6
34057 23
8946 40
4751 4
38095 19
3384 21
27019 1
32453 28
42219 41
96 39
43241 30
43991 10
26455 19
27098 15
24440 39
39754 37
40528 7
42367 35
9984 4
31116 10
33951 32
26899 8
2005 20
8737 1
15441 37
19939 27
37065 35
20920 13
13038 41
26310 6
10943 36
28887 16
25311 11
33790 6
17999 1
14884 1
11219 25
45370 42
15343 4
9968 18
13835 19
31199 40
1577 4
41495 33
37185 3
38171 26
43848 42
288 7
9343 21
28838 42
10423 30
46187 11
22156 33
20753 13
8214 3
29054 23
38537 10
2710 40
2327 32
19244 38
19161 33
8647 18
45372 22
43906 1
40233 12
16051 25
21943 9
28515 9
21604 41
2002 27
2850 5
38823 36
17060 41
14099 16
19347 6
14183 15
19774 37
18300 19
18787 7
39246 29
44380 12
47173 31
1732 23
11844 21
9768 25
29895 26
7356 20
39617 34
41259 30
17842 26
42336 20
42456 10
2417 35
44325 27
825 8
36100 32
17341 15
46790 36
3813 33
2282 5
32210 32
41846 4
15706 36
11704 29
34186 30
29618 29
23071 5
28746 42
23438 41
8152 6
14090 13
16594 32
23826 29
2699 3
44283 40
9652 21
37081 19
14682 40
7749 23
10451 28
35643 23
33130 11
18176 16
44222 20
41769 16
13390 8
19469 33
37957 2
7339 32
13490 4
6135 7
47495 18
17892 13
12231 14
44384 13
23561 36
11813 1
27699 26
46352 25
21001 39
14112 36
12700 8
11307 18
42157 39
28130 9
3008 14
19981 21
37890 4
13514 34
42550 17
29610 18
18658 10
45626 11
28262 31
40785 6
37692 41
37712 41
45741 30
17416 22
46268 22
25240 3
5895 31
35740 4
1814 3
12997 8
10336 23
43662 30
38470 27
3621 24
17780 7
39508 14
33846 28
17218 6
1223 17
3885 37
47288 40
6866 23
24816 2
12994 3
11555 14
3158 18
2469 12
9873 21
10466 35
11857 25
42419 7
42633 26
326 16
45412 18
45220 5
17858 34
22135 5
2770 6
30464 20
16176 23
344 11
16176 12
2467 10
27809 25
32401 20
27595 10
21191 24
12345 16
26894 41
22484 32
2490 34
44759 8
22833 38
16688 26
9146 1
24204 29
313 24
34408 12
33261 9
40139 16
39181 4
29658 26
31494 38
15680 42
16664 25
36753 33
22749 23
8293 15
33737 42
26328 1
10374 10
25662 30
47314 18
37980 29
14418 4
22991 29
40816 5
18437 6
23571 14
34158 41
19245 35
31537 38
9577 26
8399 8
19124 2
30965 28
4098 14
18802 32
38140 15
4786 25
100 41
33547 39
27238 36
15884 23
10871 25
11374 30
40369 30
43105 13
1147 17
35707 3
18377 23
3846 3
23472 7
11541 3
16078 12
5674 33
36289 3
19680 41
15892 21
17928 30
22459 7
43366 28
41899 23
10311 41
27455 18
19127 39
3210 39
34965 4
22084 11
21465 36
28132 21
14076 36
18015 30
10313 11
4147 8
42061 38
7832 4
45472 15
37004 5
12555 24
15133 14
16212 8
20442 19
45517 35
16728 31
28235 14
29843 31
1195 7
22489 16
20245 31
16885 38
32158 24
27287 4
37879 11
42571 25
31819 27
25405 40
22798 31
1630 14
25852 28
39817 16
21180 34
28059 4
31184 35
23564 30
2553 33
11319 21
1249 20
13963 21
2852 37
31617 20
269 16
16137 10
20591 4
1029 26
35477 7
44195 25
46884 21
33349 2
23195 29
34504 20
38957 18
19766 32
31521 25
11798 14
27503 32
28465 30
38199 35
32195 10
24759 8
5226 12
12690 11
45912 20
18828 30
12407 19
36918 19
12799 25
6686 5
6878 14
36360 10
32752 9
18248 18
13567 27
25720 32
15084 10
36341 21
28320 9
12534 5
29047 29
2933 32
30826 25
34632 20
2945 4
6797 36
12407 34
45901 40
9221 17
33942 19
18682 40
31077 30
40900 24
42250 2
16742 5
16438 6
40880 26
27192 39
15147 5
23978 41
41257 7
31033 5
8439 25
16658 21
31989 34
335 16
31698 31
25099 1
34791 32
15267 14
39618 27
27393 2
1540 8
34088 24
38401 4
10365 37
13097 7
9420 41
42165 1
21897 42
17093 1
43206 36
44221 22
23977 30
8903 19
9230 17
3225 14
22364 32
37130 4
23358 2
34562 39
44559 37
33602 22
628 39
45515 14
13670 32
38957 8
12459 18
3983 8
41672 29
14794 19
16255 33
31717 24
47474 21
3828 23
4409 29
36507 21
32328 20
19366 38
1607 2
25524 27
13189 17
44849 7
5614 32
5207 41
42322 22
663 28
14329 24
38805 30
27634 32
11378 19
43904 37
33238 41
19977 38
21576 1
42769 38
16741 40
15636 32
45243 19
34682 20
3062 24
35426 24
1709 8
14903 13
13307 39
4504 13
42370 17
27808 2
17477 42
3992 7
35648 33
45215 24
33637 5
37762 1
18639 5
26154 9
4025 2
28250 1
44951 10
15299 4
19144 13
41309 7
47419 22
42119 24
33252 23
26219 2
1229 9
11102 28
23016 42
22697 23
6742 40
11373 27
18291 34
25833 31
6457 6
46302 23
4978 36
32473 24
40344 29
39729 37
33129 1
31090 2
40147 21
23638 13
6785 9
30319 1
19284 15
31347 20
12185 31
30979 17
39659 17
29384 34
42166 18
36759 5
2991 15
30787 18
20985 9
8398 21
28099 40
9130 5
34364 15
46890 16
34020 14
41571 16
3336 1
44264 18
4266 29
14664 20
39216 33
39312 25
28003 26
35108 27
4410 13
40887 20
22963 2
22530 10
39916 36
32642 34
44321 25
7205 3
13096 13
16441 3
37351 31
38132 31
27329 24
46842 5
33276 10
34585 1
42309 35
18706 33
26849 14
9478 15
32706 5
16966 32
11584 19
45850 13
18940 25
38806 11
29854 21
26466 12
17631 15
40034 41
47502 25
20776 3
6935 31
20137 2
33686 24
44261 26
1923 13
3227 41
8002 36
46819 34
2063 11
10059 30
7307 42
34991 11
1170 23
21134 35
19808 31
42498 11
12220 17
26050 26
29223 28
44262 32
11860 26
16351 19
26205 18
4272 14
42561 6
17035 40
34654 19
9717 16
44098 21
13955 22
10119 13
15462 5
33036 24
15083 27
38620 25
7917 40
11551 2
7651 19
26843 16
17220 29
33882 16
1562 11
25886 8
25304 36
2125 17
16286 9
46383 27
7819 7
385 13
11236 42
31269 23
14719 40
25134 20
45184 20
33776 25
3978 27
15966 24
46014 26
29587 29
47098 19
44021 16
47476 14
29393 28
2203 42
39351 8
36277 15
15969 33
34847 41
9078 32
28208 14
38890 26
35297 42
32472 27
40167 36
38572 24
26315 17
32935 17
5669 21
18330 42
38509 6
40779 5
14559 6
40935 34
