11298 67 953
635 10
8411 31
4654 35
11284 10
3428 8
228 14
2705 36
10367 21
8440 36
10469 27
1328 15
4776 47
1371 2
2017 65
9070 7
6752 41
8052 66
10295 37
2133 27
6444 13
6151 41
3606 43
3078 63
7718 13
7069 5
9682 39
2073 20
2546 44
2953 5
38 28
3124 13
8224 29
4805 49
6635 31
3220 23
9276 25
2216 50
7642 57
6081 31
7389 37
2880 60
321 45
2717 49
9914 4
5036 57
1183 10
9185 33
2134 53
4510 17
7304 28
3366 14
4963 1
2456 12
9191 20
9330 60
3429 43
2512 57
10001 51
1626 46
5794 28
8657 48
5925 18
2361 55
7337 63
1184 54
6817 59
9500 64
5694 26
3759 27
6696 13
4967 44
11253 10
4309 3
5787 10
8641 25
7407 17
905 54
5027 38
8779 43
7556 35
3146 62
6927 32
6130 39
5478 47
363 51
188 28
2260 47
11142 17
9617 65
7172 23
11181 8
2494 67
117 8
2141 34
3898 65
7877 45
10415 34
5326 5
536 13
2734 10
6457 26
2587 37
5003 40
4738 35
185 28
6996 2
8143 20
5806 5
10681 31
2506 21
2899 26
852 66
3418 51
6945 50
175 65
298 56
10983 19
5802 60
218 32
3746 1
5955 35
5333 9
9897 26
2611 55
447 34
1651 58
4192 5
391 31
10773 15
1357 48
1383 10
5416 58
237 17
3335 31
3352 4
7338 17
3382 48
9497 51
4391 62
5188 37
2401 48
7994 52
714 52
7873 41
7610 52
7967 33
672 6
7153 19
3058 62
1572 63
1780 41
2151 14
5813 55
147 16
2350 34
7633 36
1691 25
8946 22
2527 54
843 24
5954 40
8227 47
6028 12
10286 3
445 51
8489 49
3 1
7481 18
7004 61
10368 4
3375 59
8454 65
3415 42
4801 37
2920 6
804 7
9533 15
2125 15
3019 61
1407 7
4645 5
11054 64
8347 48
7493 20
3708 29
1400 65
7244 52
10576 3
10019 30
8743 9
1009 8
5427 46
2480 34
8185 10
11283 57
5417 25
2658 66
9122 28
9068 49
7714 44
6980 12
9508 59
2613 5
10034 58
10006 40
1651 34
1736 62
11146 27
5822 42
6974 49
5442 43
6438 46
1435 29
4138 43
1548 44
1137 5
8279 14
10406 62
912 47
7281 35
527 46
11184 52
4570 12
1862 67
9694 6
8896 31
5486 67
4304 56
5277 14
10431 55
2291 46
2114 54
2064 64
9643 28
2447 44
7179 2
9982 13
10098 51
3508 5
5434 46
7233 49
8997 2
8986 50
3260 40
4538 60
10029 59
11030 38
1166 35
8393 13
8706 62
7703 4
7710 25
7629 23
6635 65
9670 28
3290 8
5873 49
9558 20
2394 50
668 44
9524 64
9140 31
10730 42
10174 24
5132 65
5024 10
6043 3
11266 32
5273 19
10624 44
6107 39
9519 27
4753 37
8801 25
6228 63
9601 47
5294 43
4267 60
1476 53
5892 60
7041 48
3262 3
9602 59
2056 16
773 60
10886 49
4292 35
3079 8
6011 4
889 36
7293 26
2353 21
8153 3
4796 12
480 37
9025 12
9286 11
4026 51
8095 58
2599 34
636 65
9131 56
10226 52
6884 17
3490 24
9818 20
3865 13
825 5
9162 5
10407 5
8181 65
5153 47
10036 25
3860 42
2712 29
5930 4
8723 4
8656 19
1842 29
8720 20
5331 65
10331 22
5696 37
8732 34
8035 34
11069 67
8249 47
1214 27
10457 48
6549 14
6119 3
9501 44
3649 40
3048 9
8088 13
6434 11
80 44
7005 37
120 48
311 6
1835 59
9638 7
1476 65
2911 46
3422 64
516 17
8561 18
3875 65
6576 55
10083 7
7251 22
7935 15
1879 39
359 4
8538 3
10701 15
7572 42
10559 16
5780 38
3412 27
7398 7
4021 48
459 48
6628 46
2122 54
3928 45
6038 45
8598 22
5278 14
9444 11
7339 65
369 22
5719 64
8569 62
11008 61
5950 57
9960 37
8665 51
6306 9
5854 27
6151 28
5536 64
5681 42
2565 49
7826 21
4061 26
6980 65
1983 46
7989 63
11289 28
1537 61
1222 54
1686 67
1991 49
5578 20
5357 44
9283 27
3551 55
1944 16
5334 12
10072 1
6441 28
6799 44
7432 42
855 32
5335 46
1460 10
1286 31
10045 32
1374 14
525 5
2058 66
10789 21
10803 54
7712 2
8575 58
4271 52
861 12
6308 45
1720 25
2036 18
1507 25
6805 48
5665 33
9021 24
8833 64
4871 28
8588 57
7291 36
7818 12
7802 14
2720 29
8272 24
1430 54
5197 51
8160 7
4004 58
896 55
8126 22
1351 1
9490 21
11027 63
9921 24
8099 44
4062 17
10604 60
4154 32
10861 64
9033 58
6901 41
3332 49
9284 66
7885 42
6181 8
1803 16
7993 39
2736 25
1853 23
7155 67
10750 53
3726 35
2863 41
4534 10
9661 67
7810 48
666 7
756 33
3336 7
856 52
10334 1
1339 20
10108 17
5638 59
5042 36
10827 34
8519 37
6260 14
3780 47
11235 8
8441 37
8861 47
7251 3
8987 67
4273 34
1340 22
7913 66
3467 64
2279 32
4181 34
6371 7
1472 12
9096 17
8993 67
236 16
9781 58
3991 6
8146 59
1931 23
5824 20
7867 14
2519 9
6365 12
10744 14
447 13
9950 18
10153 55
4997 21
1985 7
6604 27
3295 66
2819 28
3158 33
4627 46
1108 10
3138 36
3007 11
6223 60
3425 34
8960 42
8021 52
3635 31
5341 47
2288 24
3702 20
2426 53
3015 28
10118 27
262 9
266 57
5831 53
1676 61
5589 18
335 7
9719 34
1025 26
4575 5
2822 51
10725 60
8308 53
1282 64
8437 22
2341 49
785 2
10977 55
26 30
1788 54
2366 48
2031 28
3985 8
3564 32
6974 16
2345 25
5501 11
7138 55
4296 13
8769 12
78 2
5806 52
6239 6
4554 55
576 59
4501 64
6308 20
5758 27
11061 7
10059 27
7476 33
1032 28
1366 65
5247 5
5567 15
10726 1
6629 47
8234 10
7239 61
5495 58
1581 59
2837 11
3484 7
717 66
1502 4
10700 65
323 3
10397 27
5707 56
363 30
5013 40
7427 31
9530 3
6038 10
1663 31
3174 7
5710 33
4196 40
6646 44
9159 62
9090 54
11169 37
430 25
5076 65
2922 47
6330 63
7002 9
3560 30
10170 35
8517 50
4517 16
8326 12
7336 7
624 41
6127 36
1260 58
8470 67
7436 17
5942 35
3657 15
3007 60
10338 51
4781 47
8226 60
7291 31
3964 44
2735 23
7852 11
3832 30
2699 51
3737 30
8100 30
5533 8
8359 58
9532 10
897 49
7657 2
6814 22
3070 19
1045 45
8283 67
4855 18
377 29
10014 39
6868 35
5642 53
1458 8
8681 17
3519 32
1791 60
9698 29
1618 32
10275 4
8720 16
6767 62
11244 37
6591 8
2662 45
7326 52
10543 29
8521 49
615 46
1454 27
9015 54
3025 15
11064 37
10764 13
9404 63
7262 19
2362 21
9647 49
4672 22
4310 41
1741 46
5398 13
3930 10
3870 51
8613 41
6060 13
8229 42
1997 20
4612 47
282 52
4007 3
9319 19
3881 38
5664 60
8084 46
887 9
8036 54
4831 6
6029 42
2291 43
1378 61
6494 32
9862 8
7030 34
8945 67
5525 9
9136 9
7552 2
2761 16
243 48
7456 22
4419 7
6488 17
10391 30
8862 13
4864 48
3082 13
5446 22
10571 48
10775 33
6973 48
3103 53
2073 2
7366 51
7021 48
10287 36
4474 57
9056 57
6217 61
10070 55
3214 44
4373 45
11241 14
5783 59
126 49
3236 45
5787 60
9341 56
4055 2
5868 6
9324 45
7681 54
5237 57
6303 30
6640 29
8988 25
1232 18
7898 34
8014 63
10550 25
6606 32
5660 23
2772 16
1203 64
1190 56
3168 62
9568 60
9680 67
8962 55
7609 59
8757 8
6790 53
2528 49
2927 38
5393 39
370 6
6012 14
2754 41
8198 11
6666 28
945 43
2375 36
3592 30
11119 49
7979 19
10481 59
3863 66
8946 27
5479 13
2544 35
10 34
1236 28
1354 10
10471 28
30 54
3045 3
9555 6
9601 33
5771 37
7010 45
10330 43
9775 5
7435 51
4159 4
7226 19
238 25
7035 20
5424 54
57 29
8221 34
3016 66
7373 17
9418 16
63 47
3825 43
3838 37
5873 19
8999 58
2647 59
9549 15
3674 3
3798 28
3683 51
5386 53
2660 13
6661 32
9594 16
8617 2
4296 44
8471 27
4007 26
8268 14
179 38
9011 36
8155 32
2873 61
791 1
1415 21
8300 60
5047 67
2817 32
2503 51
2498 53
1567 64
8012 21
4747 11
8512 40
4540 36
3233 52
8024 10
10308 25
1605 51
3309 9
6880 3
1281 59
8512 7
9895 22
1105 40
11239 39
9436 11
10558 44
7006 58
4176 24
10971 35
6834 11
1599 42
8345 8
6451 63
3426 57
3091 62
4148 8
8761 59
3777 47
5183 3
10429 16
4771 27
690 41
2470 49
7668 60
857 14
7197 62
5249 47
3092 63
1345 14
3401 1
9839 39
472 15
10251 12
2657 36
3501 3
10162 8
11138 64
11119 33
3958 21
9002 45
4164 50
4949 14
9241 63
8260 53
9940 61
4261 66
4727 64
3658 67
6316 61
6545 47
4775 20
10823 17
1439 47
5534 9
4695 32
5429 24
5840 23
5132 8
1194 50
5259 21
5226 66
5794 35
2249 25
452 31
1765 7
8564 3
3775 24
3086 28
10889 8
2878 53
906 30
1439 54
2310 20
5902 49
11272 23
10978 58
11209 61
6553 58
8606 29
7436 54
1584 55
6254 22
3918 43
1814 2
1446 17
9559 10
3114 49
8759 5
1472 65
9827 2
10500 52
10003 33
1233 53
3855 47
10401 5
3238 32
10935 15
1566 20
5976 24
857 18
8678 46
8155 27
2250 14
1161 29
104 55
1295 67
1150 62
11104 64
10955 17
5082 12
8538 40
7617 4
1262 37
865 44
8072 36
6958 65
6193 43
2603 11
3542 5
