50
5 12053 16962 3584 29734 6654
72 21457 14369 22532 2963 2607 2483 911 11635 10067 22848 4675 12938 2223 22142 23754 6511 22741 20175 21459 17825 3221 17870 1626 31934 15205 31783 23850 17398 22279 22701 12193 12734 1637 26534 5556 1993 10176 25705 6962 10548 15881 300 14413 16641 19855 24855 13142 11462 27611 30877 20424 32678 1752 18443 28296 12673 10040 9313 875 20072 12818 610 1017 14932 28112 30695 13169 23831 20040 26488 28685 19090
97 2589 25990 15145 19353 19314 18651 26740 22044 11258 335 8759 11192 7605 25264 12181 28503 3829 23775 20608 29292 5997 17549 29556 25561 31627 6467 29541 26129 31240 27813 29174 20601 6077 20215 8683 8213 23992 25824 5601 23392 15759 2670 26428 28027 4084 10075 18786 15498 24970 6287 23847 32604 503 21221 22663 5706 2363 9010 22171 27489 18240 12164 25542 7619 20913 7591 6704 31818 9232 750 25205 4975 1539 303 11422 21098 11247 13584 13648 2971 17864 22913 11075 21545 28712 17546 18678 1769 15262 8519 13985 28289 15944 2865 18540 23245 25508
18 27870 9601 28323 21132 24472 27152 25087 28570 29763 29901 17103 14423 3527 11600 26969 14015 5565 28
43 25347 2088 2943 12637 22409 26463 5049 4681 1588 11342 608 32060 21221 1758 29954 20888 14146 690 7949 12843 21430 25620 748 27067 4536 20783 18035 32226 15185 7038 9853 25629 11224 15748 19923 3359 32257 24766 4944 14955 23318 32726 25411
25 20355 31001 22549 9496 18584 9515 17964 23342 8075 17913 16142 31196 21948 25072 20426 14606 26173 24429 32404 6705 20626 29812 19375 30093 16565
36 14736 29141 30814 5994 8256 6652 23936 30838 20482 1355 21015 1131 18230 17841 14625 2011 32637 4186 19690 1650 5662 21634 10893 10353 21416 13452 14008 7262 22233 5454 16303 16634 26303 14256 148 11124
17 4213 27109 24028 29200 21080 21318 16858 24050 24155 31361 15264 11903 3676 29643 26909 14902 3561
89 24948 1282 13653 30674 2220 5402 6923 3831 19369 3878 20259 19008 22619 23971 30003 21945 9781 26504 12392 32685 25313 6698 5589 12722 5938 19037 6410 31461 6234 12508 9961 3959 6493 1515 25269 24937 28869 58 14700 13971 26264 15117 16215 24555 7815 18330 3039 30212 29288 28082 1954 16085 20710 24484 24774 8380 29815 25951 6541 18115 1679 17110 25898 23073 788 23977 18132 29956 28689 26113 10008 12941 15790 1723 21363 28 25184 24778 7200 5071 1885 21974 1071 11333 22867 26153 14295 32168 20825
76 15629 28650 2598 3309 4693 4686 30080 10116 12249 26667 1528 26679 7864 29421 8405 8826 6816 7516 27726 28666 29087 27681 19964 1340 5686 6021 11662 14721 6064 29309 20415 17902 29873 17124 23941 32745 31762 28423 27531 4806 12268 9318 5602 31907 24307 23481 1012 21136 26630 24114 26809 4084 23556 12290 21293 29996 29152 1054 25345 14708 248 7491 13712 5131 30114 16439 7958 24722 29704 6995 1052 25269 7479 18238 26423 27918
66 17659 32498 28486 21196 7462 26633 12158 12022 1146 18392 13037 3925 10647 29458 6602 30807 4098 27830 29292 14600 7278 20799 18352 20448 13882 540 28315 4575 8762 9567 22336 18397 31418 19897 25828 13851 26816 24230 4449 16925 658 229 24520 10940 29560 15147 25162 1655 20675 792 22361 31754 16398 23146 8714 26946 21188 19569 8638 27663 15075 24515 11521 475 15615 20528
34 12570 905 9464 19557 28962 14161 30524 12549 17469 330 31923 28350 14333 22925 10910 19737 16336 18337 1278 12393 7636 30714 28164 31591 19949 19135 2505 13337 10004 16337 2623 28664 9970 25608
68 19281 7085 9152 18373 28652 8194 9876 23826 28396 7572 6249 14640 29174 18819 943 32611 1941 20289 8419 5565 3805 7585 16216 31450 1615 2609 11064 9166 16893 16074 13509 30300 19695 9573 15589 13161 31172 17968 27358 26031 26268 19426 28510 10422 30774 8779 30910 23552 4182 25391 15495 5764 874 1364 14902 28255 4460 474 6972 26821 26122 25547 21577 9789 25605 30195 27594 7950
43 754 2481 1012 11672 23439 13428 5912 9762 5967 24408 4415 1908 17223 11759 26434 5204 29486 4319 958 5945 26806 8166 18700 11367 17692 21787 28532 30556 30974 3447 5021 18283 26222 29331 2376 28583 26948 12723 17982 22018 14776 9220 31111
82 23856 19490 8925 4324 6486 19677 15969 11643 7534 15677 22668 31068 21991 32196 7783 16828 7727 29426 15871 10697 17612 18703 11027 11408 5545 9508 7185 30238 24237 26443 21313 22501 8850 25128 2111 23650 28149 11192 1454 15869 681 27465 20267 17713 19793 18634 25472 20972 22830 24901 28442 5177 13877 25770 702 14364 1381 16590 8823 2237 8023 32179 16595 20169 2327 12042 31310 28182 11058 7926 9487 1670 32528 5651 2258 7213 9860 25783 21286 2742 8610 4472
28 18434 5841 20718 3503 14867 24865 10938 1881 9257 22750 28614 18598 28458 2661 26063 32756 20807 20278 19489 19435 6365 32075 7586 1386 7833 8360 13330 26048
28 29492 12433 23840 6766 1735 19810 11599 11837 21892 31982 7328 29352 11369 31244 21794 6608 9252 11647 17432 9535 7208 3264 3497 23243 27649 22015 26841 189
0
12 30648 9523 19851 24474 28633 29891 27200 19854 9990 25697 4919 17780
78 12931 32544 3340 13487 899 22525 8483 5538 7492 6193 28252 25011 1560 15834 1840 31497 2785 18529 31540 18805 28791 13392 13210 13549 21578 26979 30971 9277 73 20193 1620 21497 13826 31276 19790 6582 13578 11159 20418 26489 159 3449 12924 9072 10380 27008 27967 10208 6477 18503 15370 32607 14196 12074 13722 12611 19019 28761 11056 12890 31163 16683 13716 19932 25452 2741 4954 6813 2862 10396 15460 20615 10904 2599 20136 4680 9198 27032
87 32584 7240 3517 17006 8670 241 18882 25249 3523 31758 12105 29621 17095 7296 9916 15678 10178 13579 25058 27577 12750 14007 23729 24081 2995 2678 24676 27753 20899 11784 15565 3093 13608 6172 11243 29929 7514 10168 5055 11191 5973 8922 6748 5651 10986 2144 16446 31577 26517 14629 29916 5874 15791 15469 22912 8146 30693 9091 9815 26949 26857 20640 26052 236 8551 9487 31226 28162 16955 23183 8394 30180 16097 3065 27065 2513 9261 12578 21078 16878 14140 4611 31947 2445 170 29975 13489
50 6149 3333 13865 22214 17282 27007 27432 8896 16367 28522 4882 31810 17641 7231 2187 6705 6479 6321 6538 31351 19447 24208 9646 22276 25759 30189 30422 27666 8486 3455 2028 29614 4860 29253 11777 31348 12503 10861 22431 29082 12455 14197 22106 8752 15821 17296 26281 26021 24455 15947
24 18318 9135 11376 1774 29859 24998 12074 9253 6922 10635 1643 28888 8153 13232 4747 28680 19926 25678 6450 14801 24961 14199 20855 26363
16 10573 31561 23245 6473 28274 1550 24353 1181 4287 2699 18110 18643 17465 7172 2529 9981
12 13476 4381 8247 26890 16671 8805 32372 30032 3989 9320 23165 15431
58 11293 17206 26578 16948 2206 27171 18166 3396 16697 31020 23694 15529 14788 30109 17984 11969 28978 21617 4015 16626 3684 9168 17906 25928 12097 28118 24390 15199 11785 14486 19199 12420 20710 18271 15813 27415 6085 318 3580 1331 7267 8387 13444 23186 14507 4360 17827 28074 26431 7152 30271 10268 4693 19885 337 31311 17604 12677
6 7768 29022 19413 5000 542 17537
38 21388 7355 13289 31647 3181 13093 16584 10987 10761 20493 8217 9501 17482 29447 15665 10753 22104 15084 19095 13525 30221 3964 21781 4872 8106 3656 3343 22593 27080 16080 14868 21411 13713 20968 3251 27216 12079 28768
40 31531 12933 23779 20663 12259 26653 27936 2095 24365 11874 7720 26835 25680 8976 18455 5725 4071 24808 13559 9156 5602 17832 7905 10440 7375 21562 22885 21962 21080 1836 10797 31202 10508 10080 5340 12076 9058 31493 7740 8546
74 24773 19097 8880 23335 11072 23400 707 22955 20666 4141 23588 12481 17168 28315 19396 16225 1009 22012 18136 11455 18762 25043 742 21 17922 24512 9248 26018 27368 23717 9714 17650 13290 3335 12759 3169 21895 5303 22640 21979 24199 29105 24791 18661 8681 3652 8753 24033 32029 15987 7042 26253 20083 11420 15814 32718 12244 31063 7229 20652 18864 4769 30470 15005 21047 1594 21487 24326 3276 21323 6540 7679 23990 32588
10 29271 17945 29221 28470 20183 23589 23955 4978 24779 5006
62 20135 23487 27196 29033 2088 12935 19779 15993 14790 24962 18965 11001 19105 11807 24567 2669 3134 32671 1457 12998 3545 13597 14218 8838 14844 7372 8563 21028 29264 28801 14723 13490 7604 31601 24227 11197 23692 19771 20363 29301 22363 7721 3565 17421 23445 18610 495 16741 15022 31812 29151 23015 8055 3393 8738 15279 19882 1608 12654 3822 32707 24245
38 144 22290 31339 23154 24604 4623 22225 20078 21724 31981 2330 29733 28223 20594 29130 18846 4987 29445 18805 8616 5750 20489 27338 21963 28135 14697 32209 21630 23224 1908 26737 24474 31920 27372 10293 3855 6734 9561
56 27606 8184 7075 28382 14119 6741 30432 24684 12779 12279 18283 20667 30836 24125 24118 12737 18028 32119 20577 10737 14091 20556 22795 16060 21901 8793 3432 2136 4580 14875 5907 21184 28074 8719 26790 20476 30041 3351 8329 16290 22974 23072 3591 12189 15787 31490 3239 14893 3053 17063 10681 25903 27005 24176 18479 1695
39 32468 13998 21083 23639 29515 27621 29993 15826 15722 23838 24828 12581 24399 8978 11891 1023 26943 24834 14243 7349 2702 8707 20502 25141 10687 8346 15891 24637 18413 11400 22816 31690 13162 8935 29126 19410 19877 11382 26260
89 26705 13874 2663 20722 32195 22566 16360 6038 18588 7811 28245 9467 32425 26867 13189 10542 13063 21547 30502 29617 9099 25023 17226 31203 30048 21051 1570 8636 9458 25967 8456 9405 11531 29962 26819 7975 10556 7531 31495 8044 30591 26803 3388 18915 7450 12319 6272 25791 29383 10133 1775 24642 23569 18300 17954 12078 3585 2257 25333 893 10490 10103 4750 17233 10722 24271 19611 18990 30338 21641 23258 19047 2352 9658 479 25302 32683 18990 10002 15568 4422 16895 6135 18008 12361 16742 22194 23699 23188
78 4042 31357 23941 1847 7469 16345 4380 31913 14964 25710 20061 25385 20073 27504 9462 32703 28102 11069 5154 3529 31552 32074 19149 3730 2244 10844 13049 14118 24065 26363 19552 28773 18470 29731 6747 7511 5869 14398 10498 7103 27352 25679 28053 13043 14522 31088 1563 25834 9850 17022 7240 21911 9492 5651 28580 15477 27616 29876 19178 5220 14615 22348 26798 32179 31635 16857 2883 1662 18902 28262 19420 19770 19022 9273 25841 12686 28888 3917
17 1892 13698 11267 11749 65 10389 6932 25619 16081 2003 29130 13028 18631 14589 23152 18630 19172
64 6407 12295 25428 29681 18490 26610 26177 31071 25236 6459 20643 16840 27633 27037 23893 22630 20274 12993 28782 32203 17461 8290 19662 22307 20997 31151 18423 8890 16717 6640 28703 5566 4883 23661 22659 18245 20386 32651 32765 19601 16840 17209 1497 27283 29250 18058 8421 175 30581 26787 3271 4287 27999 12504 24979 2138 10700 530 2461 12118 205 7540 18828 24459
22 14398 3760 27098 12935 10481 30614 19567 18493 28596 19161 7746 10538 7670 20538 21476 21555 24917 16371 16760 5752 13758 15433
55 29065 726 2401 3034 12759 10393 30548 27273 18792 16193 12933 30137 17103 3690 28211 13694 24668 32627 7498 989 15248 3879 11647 11149 30931 669 30875 25598 25449 25436 24599 20123 1443 1731 18154 22861 4434 9385 23967 10816 11393 16704 29866 30953 30308 28223 18684 30792 22667 10048 32469 13930 30811 19814 16090
27 23743 1604 10599 16474 7195 506 5158 17589 9858 27809 17889 11447 40 3818 9364 17975 26 25089 2503 30066 26412 6840 12570 14676 25395 28641 29986
51 21109 8187 20083 21085 23390 31250 18686 4755 11381 28128 25502 24277 30862 26424 3565 3872 832 30885 14428 6646 20889 6478 10883 24925 21265 31260 5045 20778 5821 13855 2520 12927 24773 25134 27251 22675 13336 16334 21001 2737 9310 5974 7590 20356 1071 32080 10935 32145 17282 1825 18718
73 4712 13037 4998 9905 7162 1717 8692 19539 28047 10946 19103 30231 24115 839 25858 20829 2645 3394 17199 19645 14272 675 21862 32072 13773 2480 11238 26897 3542 29608 19203 23277 6125 20134 1401 9078 18382 20169 20736 27478 17939 21138 18721 31426 10663 1677 21575 6724 25981 27700 7961 28862 16002 18448 25095 684 24016 15137 9507 13993 21284 2944 30259 821 7058 24643 17668 10677 119 29857 23041 8891 25264
23 6915 8072 17929 841 4715 17615 12536 14957 27759 700 13452 5093 24241 11829 12448 5227 11798 16224 10324 12274 18133 22885 15038
70 6862 32629 5084 11909 14878 6923 27085 29400 23024 14193 23105 9412 15765 5767 15407 10677 13784 704 14790 9834 10891 621 18085 27734 25190 20542 17998 22086 32018 15621 30424 22597 21376 24254 29669 18108 12927 12493 26068 6366 9102 2438 12600 10819 14318 2290 14984 16339 2556 25808 4632 21478 26814 13787 7239 28074 25020 10827 2554 1988 7441 16798 13642 19002 16321 30104 13946 7056 18509 29833
8 19761 6533 20686 14804 26385 10142 18842 17260
61 31620 4343 9578 1187 113 13063 4591 5934 20415 656 29761 25012 28411 11959 16251 18738 13370 26124 5507 8007 17584 10951 23101 14489 24958 15441 1790 17013 30412 14855 21060 7093 8472 25402 32676 13543 7373 6266 27651 15275 21528 532 10761 5469 32503 32729 17107 27892 2451 17953 28392 22570 13519 19472 23407 22494 9505 28440 20383 14262 21409
7 18038 4360 5471 11171 20654 29947 11514
23 21229 489 6766 17887 29756 26632 7470 25739 20666 8522 7283 8160 17553 24705 27091 1259 25386 31687 4629 42 28317 22045 12356
