419
217 650
540 1166
651 998
495 1009
302 741
919 1040
17 929
328 840
827 1369
925 1907
649 999
271 474
369 894
63 573
786 1002
425 510
439 775
622 1142
525 1379
332 768
946 1575
373 1091
790 1782
99 463
489 955
316 1098
177 243
642 1238
755 1098
445 611
283 478
644 1445
704 761
258 1213
810 1334
906 972
22 668
991 1877
711 986
784 1246
996 1813
904 1840
116 573
668 1588
285 693
938 1687
449 1306
307 431
406 552
678 924
830 1089
90 278
724 875
881 1809
69 414
402 1039
575 889
60 377
250 905
732 780
40 781
618 910
302 824
765 1376
526 1195
223 982
790 1784
198 932
604 1412
165 1102
970 1962
198 701
170 433
581 1264
435 1089
414 541
676 1592
207 735
437 1144
770 871
466 864
947 1659
783 1231
837 970
811 1093
650 856
655 788
743 1423
457 1452
638 1333
655 1038
102 903
379 692
114 734
386 1372
248 707
677 934
967 1375
806 1697
378 557
237 532
828 1349
10 760
168 291
947 1167
25 690
487 519
653 749
824 1700
122 1064
963 1306
243 956
588 612
443 1155
904 1218
76 756
513 889
538 921
130 891
63 155
799 1115
739 943
741 829
804 1586
76 490
756 891
100 962
578 1330
311 923
999 1101
268 274
330 819
762 1447
490 742
714 861
3 427
980 1101
592 624
456 1276
725 1526
448 547
413 1063
979 1009
727 963
771 1722
432 1213
113 242
836 1371
432 1236
405 725
556 1132
880 1457
929 1660
490 1375
614 1129
644 744
254 758
263 994
263 950
459 625
995 1350
420 448
640 662
511 1143
829 914
167 1060
28 221
561 1487
592 677
824 1617
478 721
713 1669
573 1014
497 1447
611 725
405 440
931 1864
429 1145
244 1098
332 832
511 642
449 1277
952 1144
360 1175
886 997
200 361
693 774
716 1292
987 1593
563 949
238 1027
702 830
220 1164
380 765
20 651
962 1612
876 1765
163 1058
58 997
822 1357
500 635
56 974
462 1121
366 1346
746 1305
798 1364
47 593
462 796
654 1146
515 1260
430 693
642 709
291 794
714 1636
674 1405
998 1231
428 1389
651 736
464 544
75 517
884 1648
558 1119
874 1520
635 1482
26 641
881 1358
839 1821
828 1111
10 51
955 1205
102 106
916 1588
166 419
664 1281
736 988
725 818
805 1437
101 758
676 1252
695 1564
106 936
45 271
244 934
767 1609
314 417
186 926
523 575
928 1643
712 952
953 1038
596 680
843 1438
267 1261
284 620
942 1036
436 999
193 343
567 1424
271 425
401 542
721 1678
148 383
35 209
792 838
818 1805
931 1330
203 280
765 1263
609 1265
585 686
267 386
429 1359
516 1177
776 1075
839 1447
82 421
941 1026
150 605
532 1269
13 369
42 746
351 451
418 1210
679 1201
927 1157
936 1176
543 897
517 1177
846 1665
297 505
667 1467
969 1653
569 1382
529 781
896 1221
755 1360
518 991
927 1904
462 684
755 947
69 496
759 1456
98 380
369 619
323 411
163 541
798 857
659 1287
796 1450
30 97
360 1352
44 969
706 1040
717 866
453 1443
4 955
928 1704
624 846
510 538
581 1105
219 539
465 682
810 815
661 1470
266 1199
665 767
943 986
12 922
576 722
655 1102
800 1765
398 1145
335 940
663 1583
710 1657
399 808
159 876
95 786
679 1058
112 320
69 885
87 304
613 1254
888 1417
634 1392
716 971
390 655
961 1410
896 1667
123 792
784 1211
57 189
666 1027
317 732
107 794
171 599
18 180
905 1157
510 1238
828 1112
853 1658
596 1562
435 1158
999 1909
114 314
77 867
163 770
758 1206
445 1362
871 1157
321 332
842 1625
970 1258
259 504
301 687
562 1031
187 282
212 354
154 898
963 1609
583 1098
290 891
199 592
394 717
491 1126
181 371
614 824
644 1359
659 1149
239 484
130 1069
656 1015
200 1054
296 932
855 1523
288 771
883 1644
294 309
905 1471
891 923
778 1677
78 783
141 889
715 1249
533 1089
375 807
524 1477
818 1616
733 1034
457 1263
669 1171
935 1784
264 1042
309 581
548 1150
455 1434
956 1197
276 950
487 1223
