295
482 1324
903 1717
593 596
880 1691
496 1065
382 853
498 732
850 1767
834 1533
589 669
217 445
459 1081
478 1464
982 1431
891 1495
497 1333
791 1223
544 1151
850 1190
864 1708
276 497
623 1574
736 1184
32 694
276 1157
581 1072
645 1460
94 754
514 841
442 978
858 1147
887 888
95 847
743 1470
147 188
264 336
879 1175
207 497
782 1566
144 428
300 960
918 1059
420 701
44 707
283 897
968 1751
974 1721
337 671
945 1765
296 1144
421 1199
8 618
132 530
760 1518
713 786
742 1251
741 1697
449 753
238 292
367 947
464 1321
623 801
656 740
25 633
624 919
190 455
967 1399
520 1509
791 873
664 891
568 840
156 248
949 1078
193 925
944 1715
398 697
108 584
671 756
455 723
823 1204
829 1213
272 1115
538 1525
360 418
315 603
831 1802
257 663
212 1135
970 1858
24 214
297 1265
953 1664
236 1120
800 1487
512 691
98 866
116 841
220 385
828 892
400 828
976 1018
484 626
820 1686
817 834
821 1036
442 447
742 1542
301 516
134 203
853 1358
268 1083
661 1536
120 900
748 883
376 1219
421 1098
470 620
696 1163
24 544
867 1376
22 538
608 793
48 852
428 933
135 502
470 762
353 397
824 1218
264 831
49 464
665 879
814 1020
917 1239
63 282
123 815
600 1095
929 1576
930 1073
137 501
664 980
778 894
265 280
140 329
743 1316
6 644
790 1313
35 885
255 970
709 1507
445 711
882 1122
188 1060
461 1082
811 1382
133 156
81 757
17 162
392 853
835 1058
514 1409
604 677
2 789
414 1101
189 950
768 1287
159 543
925 1867
981 1539
407 1044
754 837
89 952
224 484
846 859
902 1560
304 394
229 455
424 483
644 1644
515 1389
955 1467
771 804
668 1614
893 1295
508 650
747 1348
272 1056
655 1409
521 1116
744 828
579 1245
356 651
968 1155
564 1227
191 874
496 1144
640 916
99 229
313 1045
817 1522
697 1152
410 692
899 1786
90 994
932 1180
886 1707
729 1280
245 1090
584 1417
27 966
761 1447
472 656
369 716
520 1330
9 1003
78 852
382 648
891 1387
908 1877
42 123
243 715
315 518
317 762
901 913
445 975
272 910
533 739
398 1342
653 1609
423 514
646 1041
563 1300
157 1004
610 1033
959 1203
172 661
680 1057
731 1545
955 1412
593 1388
473 1373
264 903
676 1123
120 263
505 635
257 551
851 1094
400 561
354 801
568 734
933 1067
137 894
942 1197
635 1385
554 1507
897 1055
434 780
613 1503
39 64
198 976
485 504
731 1662
137 419
986 1857
476 695
981 1638
611 1536
411 975
815 1115
612 877
625 1520
361 701
912 1822
904 1045
105 433
656 1098
212 1017
933 1441
750 1240
62 744
144 185
474 1162
117 654
641 1159
431 860
135 518
78 656
483 589
291 401
464 1415
573 1441
440 879
992 1251
529 1350
375 1275
24 209
