65
550 607
948 1509
711 1054
228 446
277 439
447 1056
823 833
325 528
597 1548
137 618
127 484
964 1573
503 1199
841 1068
213 1080
271 672
760 1699
33 203
813 1161
520 1164
674 823
289 965
81 801
977 1112
57 214
531 1429
230 507
58 635
621 1455
65 91
122 683
14 546
961 1802
367 1094
395 512
596 648
145 507
269 526
113 453
604 1440
390 1039
130 872
649 1077
50 189
754 1113
333 758
666 1269
151 250
640 931
506 516
958 1449
361 918
737 1370
957 1623
937 1855
651 1320
344 366
210 886
453 598
795 1501
847 1007
873 1343
861 1677
251 679
328 1020
