337
875 1266
660 1579
253 798
435 590
755 1353
607 621
492 888
628 1194
356 380
760 1424
222 1184
305 554
179 404
404 1265
925 1682
101 869
173 1097
742 857
126 857
899 1852
274 1151
92 220
471 1114
597 976
435 443
976 1610
959 1494
283 1277
903 1335
177 362
710 892
229 455
276 1218
263 286
219 478
195 522
71 456
141 757
928 1165
917 1116
230 639
886 1687
437 683
526 1276
496 749
106 739
496 1458
15 595
992 1446
323 1202
138 991
864 1684
612 1133
673 822
297 448
371 1078
6 78
954 1423
995 1914
285 621
211 308
944 1610
216 1030
959 1397
156 320
962 1677
297 489
92 545
401 847
463 807
954 1540
584 1169
309 1023
195 910
94 980
343 1320
107 587
647 951
583 1477
380 1291
467 529
34 416
471 1374
226 985
502 1436
647 1340
44 235
313 533
813 997
128 1082
611 829
576 757
73 1061
819 845
640 1170
436 1075
145 1078
885 1059
789 1106
411 766
113 199
388 621
535 1277
676 1316
525 1294
916 1033
458 1110
727 847
230 936
353 743
737 1621
186 1087
577 1171
65 160
678 1632
13 541
160 980
196 667
843 938
501 754
552 659
368 843
358 1165
21 999
311 668
653 1546
684 1071
384 1072
363 902
701 1427
350 936
932 1553
780 1511
992 1370
324 916
189 357
206 474
138 496
23 217
972 1714
344 371
718 998
77 820
454 1050
813 1738
326 1322
391 758
965 1748
30 552
753 1382
115 758
525 1350
488 1294
528 610
674 711
91 208
478 1393
83 720
869 1766
681 902
606 1165
252 413
580 1191
211 496
833 1512
596 1265
989 1451
257 1173
265 821
326 1216
310 608
447 1176
409 513
811 821
967 1134
268 819
614 1412
583 1359
530 991
568 764
439 683
547 1324
567 1320
912 1532
868 1275
186 935
81 799
932 1066
432 1263
187 434
718 1407
496 920
638 1217
125 143
479 937
324 1223
930 1883
486 1161
978 1839
715 1439
961 1567
863 1744
205 675
116 940
552 692
836 1105
680 1313
268 795
892 1136
689 1478
393 572
683 865
708 1437
411 693
93 822
647 1018
418 547
270 1018
194 987
291 932
342 960
940 968
21 817
422 1319
421 674
66 360
529 790
443 1383
983 1233
585 692
725 1043
731 1070
735 1226
786 1206
671 1555
794 1089
313 962
94 309
291 452
488 997
237 923
66 512
478 917
451 840
453 488
957 1227
240 394
971 1586
103 686
853 1525
571 1051
757 1147
991 1624
255 419
770 982
412 987
78 398
919 1572
413 1068
439 902
60 822
411 1245
512 1106
570 1510
999 1745
263 1028
746 826
392 673
465 1424
515 596
824 1454
371 524
329 1093
660 1037
836 1136
808 1236
612 963
642 1219
980 1878
799 1137
54 387
460 794
517 660
475 809
386 782
131 201
852 1808
837 1408
622 1419
203 556
822 1099
926 1256
477 661
656 1299
125 664
517 1501
834 1024
241 336
7 923
195 243
964 1651
930 1479
512 1045
30 707
475 1375
738 1277
911 1753
420 902
718 1664
518 978
251 1094
890 1628
16 482
823 890
311 824
614 1054
369 1171
860 1689
33 798
889 1495
397 983
703 1423
454 941
416 556
979 1103
725 1667
677 1191
549 713
943 1582
91 956
513 1357
576 717
653 1221
807 1086
44 888
652 1210
906 1167
