607
752 1056
504 1031
509 514
580 1472
425 876
878 1280
835 1387
772 992
899 1609
521 1465
121 654
680 1266
912 1544
432 942
945 1582
448 1163
217 719
828 1001
401 1190
30 639
149 875
260 947
158 814
538 678
41 572
645 727
100 130
453 885
528 1527
538 1524
227 854
131 1099
887 913
70 197
237 309
819 1101
794 945
688 1173
615 1443
360 1180
32 388
872 1388
891 1535
951 1089
774 1179
860 867
156 1153
920 1567
721 1537
587 1081
869 1058
572 1110
233 669
394 1142
465 1110
283 442
299 609
403 1137
432 745
89 706
578 1221
434 859
985 1372
788 1297
952 1783
776 967
370 801
31 385
717 825
101 583
394 996
539 550
544 859
908 985
232 850
272 1261
784 1517
931 1572
917 1813
432 469
943 1539
281 858
221 262
727 1545
579 1094
579 1432
808 1039
332 842
19 748
943 1718
929 1802
482 1338
668 1634
272 1189
482 908
476 1071
717 793
859 1453
594 1516
922 1496
708 1073
387 1282
302 557
475 491
142 637
106 355
569 641
689 1609
16 160
612 1505
701 1409
933 1098
278 691
886 1006
155 920
868 1201
120 309
471 574
150 816
719 1178
543 742
51 706
291 399
186 660
565 797
722 1554
339 1280
48 669
967 1133
271 512
537 570
967 1758
420 875
991 1199
5 417
960 1754
839 1407
993 1803
214 1056
740 1199
77 1071
497 1036
245 361
151 1024
330 1206
183 640
906 1035
721 1587
533 887
847 1582
223 478
547 817
86 1070
379 1265
816 996
636 1107
916 1209
124 373
224 1041
133 722
485 1369
964 1673
425 1367
773 1405
459 1145
468 1021
456 698
683 900
183 880
206 450
242 338
990 1690
103 764
418 451
91 229
697 920
397 1148
8 644
305 764
705 1204
107 477
90 945
14 384
342 798
313 512
525 772
866 1684
934 982
162 539
958 1446
815 1435
385 764
837 1751
234 656
766 1694
197 680
73 147
387 1097
867 1086
980 1477
567 1309
512 594
753 942
371 959
807 1322
60 637
64 192
467 789
910 971
882 1688
385 1142
64 78
437 1335
958 1054
119 568
302 704
881 956
882 1347
365 857
909 1865
469 1098
987 1097
571 875
290 1228
159 1057
292 1257
812 1367
221 1177
160 474
772 1265
519 863
811 1195
308 973
256 797
932 1850
728 1081
783 1175
971 1104
907 1731
425 673
89 232
226 298
132 239
786 1181
249 762
189 336
223 1074
119 1062
875 1328
807 1692
200 547
396 1027
670 998
106 837
1000 1821
964 1378
856 1602
901 1154
272 306
584 719
822 1567
658 1148
75 302
666 740
935 1552
925 1254
417 766
13 16
372 921
303 370
322 362
828 1025
728 1556
881 1428
738 1234
892 1518
245 357
61 935
381 1036
489 1486
190 974
253 357
45 418
880 920
361 801
734 1282
839 1046
86 969
526 1223
902 958
448 1350
999 1997
249 1208
316 403
547 940
917 1651
721 1013
998 1491
389 1289
435 1366
19 527
277 576
737 1188
581 967
783 992
469 729
16 237
718 1425
354 356
958 1726
362 552
424 647
997 1845
248 1063
83 257
335 1303
714 1505
202 579
207 567
562 775
563 1493
287 731
456 619
540 1354
105 1042
150 356
724 1373
853 865
168 1010
874 1255
299 312
208 1153
872 1631
863 1837
764 1379
129 496
598 1370
551 978
935 1847
905 1772
174 1088
909 1600
449 1103
377 728
908 1603
842 1733
850 1271
352 785
199 952
981 1486
944 1184
900 1470
828 1669
232 418
971 1782
227 580
385 1158
13 106
990 1143
46 448
268 987
461 1406
855 1347
799 1235
105 970
791 1286
114 1082
921 1029
314 412
810 1318
245 399
614 865
753 1012
777 951
676 706
937 1642
482 1475
764 897
152 408
833 1262
439 689
232 906
822 1692
484 1330
443 920
591 1307
884 1033
15 819
961 1231
260 506
48 534
745 1052
206 1006
256 352
869 1680
763 1158
833 841
309 1246
553 1223
698 1285
167 816
276 1207
2 152
616 624
491 769
878 1479
695 858
594 1178
522 1348
851 1612
861 1326
376 618
763 1272
573 1485
33 874
280 650
849 1298
634 1606
766 842
194 272
412 624
713 959
878 1236
396 733
156 739
798 1590
815 1808
981 1816
535 1516
498 643
467 591
421 1177
467 968
761 1451
955 977
615 1594
777 1629
11 607
341 843
574 1169
618 1302
812 1677
606 1346
759 1081
119 676
703 1661
920 1136
143 527
558 1339
173 1033
87 746
211 395
170 766
456 1329
347 1069
834 1688
588 1242
637 1000
512 1438
275 279
501 1324
93 538
409 1197
66 602
102 111
783 1676
330 896
180 836
14 317
816 1244
537 993
368 1354
185 1183
532 1188
476 577
225 718
490 1133
556 1259
189 690
104 270
107 285
611 636
581 666
56 651
417 786
476 1095
529 1512
104 674
887 1153
806 1372
298 502
871 1375
558 755
71 443
158 208
18 565
57 429
391 1092
788 1178
48 568
606 1004
303 956
622 1085
670 1336
248 650
725 985
851 858
465 620
251 451
200 687
448 1419
757 1281
952 962
215 963
27 770
267 1031
224 703
701 1158
330 1330
484 970
626 1150
515 917
113 196
469 616
966 1400
681 1235
885 1672
286 563
260 610
949 1119
48 698
262 927
642 1432
84 503
484 565
617 945
258 912
382 1008
672 935
543 784
287 962
340 357
469 1129
485 720
145 986
772 1022
968 1496
333 632
189 822
434 1305
613 891
912 1456
928 1212
592 1246
516 1311
599 607
351 568
346 782
734 1357
22 666
423 483
258 552
252 631
773 1415
937 1288
826 1698
421 452
298 478
608 1184
35 388
937 1931
775 1166
217 780
636 1063
522 1438
943 1741
699 1277
683 1241
541 1321
601 1481
689 1629
799 1626
242 537
116 762
330 1147
321 1312
521 939
380 870
959 1194
604 1425
260 1070
391 1073
403 506
731 1263
33 656
819 1292
417 904
294 348
428 1356
980 1406
126 1089
773 1059
553 844
292 905
529 1518
672 1446
157 1038
