311
270 380
387 708
780 1587
500 1051
403 864
807 1639
222 279
206 822
512 759
574 1273
398 450
398 659
916 1443
395 724
166 174
812 1604
342 386
297 677
435 817
402 913
507 858
109 742
878 1665
967 1200
337 474
437 1434
152 678
161 906
763 1635
826 1156
477 1034
335 819
898 1099
832 1818
995 1578
522 1073
778 1637
668 751
847 1614
558 966
100 487
795 1094
692 1378
432 936
160 506
93 271
529 1149
368 742
28 698
642 1165
883 1784
356 891
372 882
734 1614
229 669
943 969
324 967
383 1037
596 924
72 343
619 787
725 1336
10 913
68 534
261 1117
136 570
952 1413
398 1015
728 1051
132 597
106 162
513 1499
482 1290
267 337
104 192
21 765
216 879
324 673
899 1103
814 1274
489 1377
423 963
517 1455
96 581
354 1348
923 1338
469 704
484 502
53 707
646 855
824 1167
190 783
5 602
288 544
993 1970
659 1033
868 1811
707 1172
957 1237
259 1168
74 363
395 1285
706 1354
932 1414
34 913
350 472
14 153
492 1220
20 799
561 1261
734 1452
513 802
322 493
702 898
17 541
453 507
624 1191
80 496
911 1729
448 1167
522 1000
78 174
120 1035
536 1429
65 88
373 895
321 1126
650 1192
342 1165
315 1015
885 982
484 497
135 515
449 531
477 1039
952 1853
998 1857
50 777
719 882
923 1920
887 1275
174 544
277 1003
30 877
968 1122
859 1372
470 805
512 800
655 902
681 1095
902 1462
840 1045
722 898
506 1216
374 405
185 996
530 672
134 1025
999 1875
771 1513
17 115
254 828
218 1146
662 1655
730 1431
576 742
958 1027
338 485
364 506
511 688
216 718
570 682
153 953
137 192
949 1949
752 1105
819 1367
654 960
129 1054
106 595
726 1347
285 598
858 920
569 1451
659 926
811 1654
544 677
107 451
719 1332
19 498
626 845
190 606
760 1607
326 1168
30 125
621 758
567 1152
595 1114
348 1238
271 1213
547 596
13 182
111 574
928 1734
66 161
214 576
98 885
572 879
303 1253
13 516
198 835
976 1431
511 716
914 1422
429 571
590 1323
914 1702
302 821
59 860
436 1181
846 1362
619 1402
32 625
445 1277
867 1087
24 798
573 739
860 1140
949 1919
239 959
873 1653
5 115
548 596
651 1350
811 1563
844 1755
680 858
719 1652
564 807
637 749
825 975
766 1406
204 1120
85 776
349 910
39 650
88 948
694 957
408 561
65 1038
644 757
968 1199
490 521
955 1810
758 1147
267 1060
770 1324
728 839
532 1126
520 1214
73 214
446 917
866 1335
637 1405
745 1445
798 1228
17 646
406 970
735 1609
524 1500
132 819
363 1073
879 1332
953 1920
653 949
149 323
358 647
51 909
498 687
764 1196
324 551
530 888
631 1564
5 242
464 899
938 1179
295 548
729 1325
697 1697
809 938
615 1234
136 342
583 803
488 585
567 1252
197 808
59 341
701 1100
966 1472
556 1478
572 707
117 984
812 821
334 600
812 1383
493 528
140 838
864 909
839 1504
129 760
967 1089
