526
564 1216
718 1481
774 1505
110 381
237 1114
600 1001
361 478
106 596
147 782
274 885
769 1222
617 785
354 1289
696 710
602 1449
614 1228
68 264
645 1308
772 1711
341 709
611 777
269 1089
883 1735
457 896
953 1580
486 582
467 553
615 723
264 777
549 1458
511 1082
893 1415
548 1247
169 646
3 467
165 168
735 802
898 1171
984 1778
624 1140
159 425
356 622
560 718
630 1474
711 805
831 900
136 355
490 1245
768 1735
871 1406
557 1085
129 445
104 747
810 979
478 874
280 483
522 810
375 585
832 1778
185 600
462 585
491 1177
747 1266
919 1481
178 832
983 1828
179 953
882 1291
435 1368
336 393
912 958
666 775
44 105
245 834
886 1148
997 1329
866 1705
81 119
786 1372
309 1017
713 1316
398 1389
94 268
669 978
831 981
258 1175
792 1369
186 322
572 1191
748 1734
104 862
89 1038
551 870
505 566
829 946
836 875
927 1597
782 1326
983 1239
355 1296
451 874
977 1193
877 1374
872 1618
619 974
764 1704
456 1418
25 710
825 1326
335 1281
197 637
928 1318
90 183
285 1113
265 291
565 713
530 1033
865 921
328 630
387 1128
66 1019
217 650
897 1040
330 663
54 1049
616 1141
932 1378
838 1730
814 1046
645 695
224 314
503 1050
625 913
359 585
126 674
410 826
109 1058
796 1316
306 1252
986 1463
725 798
716 1489
181 198
272 925
770 1085
689 1150
961 1194
746 748
223 422
839 1467
683 995
3 57
635 774
355 712
265 1228
2 638
196 1195
262 1027
21 536
173 1028
806 1169
746 1293
127 1086
535 1293
308 784
904 1888
62 538
951 1772
406 753
866 1735
587 1302
616 1216
293 450
352 413
483 734
247 690
80 343
548 735
494 589
807 1205
355 486
261 410
515 1477
689 1623
507 1317
112 172
326 821
522 623
687 1134
786 1573
688 1609
791 860
65 470
13 418
252 1003
667 1391
505 558
25 234
370 778
72 582
438 1365
641 1356
545 1180
503 1300
97 287
895 1623
446 1401
308 389
350 374
716 975
183 1123
775 988
26 1006
19 878
265 1255
679 1116
589 1197
575 1499
638 1272
24 622
717 1160
767 833
917 1349
28 590
502 884
357 570
636 798
371 971
490 1212
276 1155
3 558
704 765
755 1366
255 1070
634 1355
144 567
976 1739
225 462
665 696
732 1248
883 1764
910 1896
726 1325
565 1068
157 310
880 1402
715 1003
656 914
607 1375
459 926
568 1190
88 424
593 1047
144 216
88 484
818 1726
559 863
40 695
373 783
952 1232
950 1327
104 936
233 809
368 519
125 520
522 651
813 1317
976 1103
171 307
333 504
105 847
937 1678
788 1208
417 462
306 703
645 1346
874 1284
398 869
184 368
27 866
457 736
565 1392
960 1125
226 556
226 1096
587 1312
324 571
448 1061
394 531
774 1066
810 1395
761 1546
714 925
669 1662
774 1036
275 545
600 1440
865 1081
404 1057
823 984
799 1016
324 444
453 1122
254 404
13 885
615 1437
3 892
356 682
432 614
403 1172
408 1337
196 701
725 1411
442 1072
91 512
85 88
537 1429
217 283
58 930
30 468
115 283
35 277
456 570
183 225
967 1373
414 449
260 1202
694 1161
698 1248
611 981
543 1197
66 941
861 1264
688 1680
224 912
14 441
941 1722
528 719
416 901
596 1087
153 499
702 1657
167 625
586 1347
679 1246
239 447
552 1386
643 930
892 1067
116 907
528 577
94 889
311 822
755 1038
604 1496
803 1502
719 1167
899 1394
515 1287
497 599
283 668
589 1082
52 974
537 1005
282 860
746 1038
946 1668
979 1522
170 692
438 760
732 1104
629 1119
711 1268
579 872
757 1220
771 1054
962 1959
688 1311
909 1103
323 332
292 334
391 748
26 539
115 155
518 631
40 92
716 919
879 1496
97 531
311 928
153 306
941 1227
456 531
686 1584
802 968
816 1558
147 595
432 1170
177 1142
325 661
307 369
466 1247
113 1026
564 1214
289 920
240 890
804 1713
155 680
817 1680
638 1586
288 604
824 1381
645 1589
851 1263
767 1135
373 476
508 865
761 1754
446 861
726 1009
189 470
671 1058
816 1118
242 1237
786 1276
328 671
511 922
637 1324
456 1420
862 1413
958 1705
256 1031
249 1077
834 1133
445 1059
909 1307
717 1112
66 153
239 542
748 884
726 1140
1 849
109 287
603 1263
164 402
134 193
216 318
644 1440
845 987
982 1459
371 831
86 931
827 1534
993 1891
323 1088
233 327
775 1453
361 825
941 1265
573 920
414 544
112 578
642 1175
440 1121
50 213
7 335
399 1320
225 547
680 1238
463 1155
519 591
417 797
376 1084
918 1605
153 942
930 1837
154 348
111 306
705 1660
46 746
401 800
708 1025
130 585
528 1410
122 760
179 353
144 836
845 1070
289 307
368 950
175 1143
868 1371
865 1278
859 1522
620 909
643 1176
980 1888
786 1651
426 1037
997 1265
785 892
815 1683
800 1093
689 1199
410 624
932 1226
135 516
797 1592
363 617
779 951
469 1161
531 887
588 905
364 814
356 1222
822 1631
677 1077
68 827
147 756
944 1140
60 99
19 612
155 331
245 1179
731 983
963 1531
