852
940 1035
981 1400
257 582
225 340
3 231
795 1005
420 887
766 1722
690 1564
891 1780
246 351
477 1132
133 414
856 1716
836 1722
601 1600
695 1475
319 359
111 478
561 598
936 1867
948 1517
808 1786
517 577
92 928
898 1087
883 1093
995 1933
206 696
711 1541
884 1037
601 1475
108 134
557 627
345 425
496 854
23 678
827 861
1000 1761
145 186
194 911
746 1611
690 1517
998 1583
909 1756
845 1234
857 1744
255 677
323 588
826 1725
106 1008
818 1551
44 781
271 580
776 1152
737 919
664 808
22 350
968 1658
750 985
228 1217
67 307
611 994
998 1359
892 1518
253 399
809 1136
78 963
332 755
961 1576
271 947
359 1206
493 1128
253 522
168 1010
219 923
933 1122
802 804
227 770
179 490
517 686
880 1744
472 851
263 693
204 588
506 525
119 576
492 892
54 142
982 1693
587 806
724 1539
637 1398
33 772
66 1055
661 1580
37 349
562 1245
962 1215
23 984
449 1092
671 965
429 1065
439 1119
725 1165
171 911
275 500
330 1310
511 821
835 1130
752 1263
188 1146
493 1012
358 826
69 904
426 502
906 1869
623 1055
456 865
309 1020
202 640
170 407
312 1274
950 1692
658 839
431 1242
883 1867
336 679
595 1143
184 1065
149 849
303 779
281 975
225 1019
46 658
460 512
766 1582
1000 1692
702 1236
889 1619
751 1655
215 468
229 488
37 276
325 1005
916 1404
598 1269
683 1281
231 426
43 373
400 1079
598 736
776 1674
99 346
559 1082
380 1122
284 813
845 1705
545 1180
766 1052
19 883
729 1508
257 1077
941 1589
878 1130
141 532
931 1320
501 1301
660 1189
665 1230
786 1783
541 1457
983 1746
386 1195
250 512
840 1347
415 891
607 643
692 1235
51 528
5 962
662 1210
348 1106
535 788
773 927
547 1189
443 625
682 1592
250 473
12 895
575 1560
979 1628
5 512
997 1265
530 689
898 1055
193 994
662 677
174 688
741 1631
572 614
336 596
416 1226
90 552
779 1275
14 342
663 1085
392 887
204 215
328 1324
226 684
784 1339
17 775
903 1048
220 819
927 998
964 1164
934 1762
542 614
56 644
98 737
779 1683
555 738
461 882
315 643
111 641
739 1281
681 1462
313 1124
41 649
646 956
607 1283
306 472
356 1210
492 833
816 1523
851 1096
829 1674
46 53
430 1159
523 1147
610 1322
22 680
960 1024
974 1838
296 1050
974 1073
845 1672
274 666
442 710
139 185
243 269
12 289
117 1089
635 904
165 243
359 1190
316 845
1000 1537
483 714
401 1102
390 920
309 892
679 1141
362 479
551 1197
299 383
922 1106
918 1634
921 1727
853 984
813 1745
153 198
385 1174
353 853
722 901
411 1326
790 1198
430 764
242 1041
381 909
702 1485
406 685
791 1673
594 1212
46 614
14 939
488 566
276 520
349 489
852 1251
745 1490
549 732
150 806
774 1308
929 1477
586 847
760 1101
454 1065
793 795
846 1577
526 1444
847 913
73 996
277 864
296 430
995 1471
883 1123
444 728
173 417
138 944
726 1397
291 1250
455 829
595 1593
989 1798
29 579
528 1394
860 1065
325 346
803 957
198 1182
871 1065
729 1585
772 898
788 1250
687 1020
959 1295
453 1299
266 833
928 1344
405 977
115 853
150 905
719 914
365 1097
391 553
612 1582
518 1304
984 1919
630 758
557 1183
320 999
383 880
16 271
252 947
674 745
982 1339
745 1449
375 409
661 735
410 506
872 1017
419 424
710 1602
498 551
347 1138
978 1411
782 1471
604 987
243 1166
692 1015
714 949
44 580
286 880
455 1130
616 1512
849 1718
97 536
920 1370
660 1590
483 1330
268 446
522 623
809 1321
453 629
925 1352
309 708
627 722
315 468
217 862
645 1644
847 1225
970 1466
813 1189
183 219
768 1181
679 739
819 1644
231 333
463 602
393 808
826 1451
386 412
965 1613
68 306
34 853
936 1736
146 673
287 810
632 1001
415 438
73 125
238 643
171 884
68 656
511 1417
705 1394
933 1164
11 210
359 1190
308 432
892 1826
543 1243
932 1739
221 917
18 698
163 1083
575 898
648 718
918 1717
501 1308
240 991
715 983
918 974
480 1290
19 770
884 1836
226 370
355 1127
174 792
647 1427
916 1008
744 1573
760 1009
282 1007
797 1661
488 1345
226 389
164 691
731 1461
861 1119
857 1533
616 1447
194 931
780 1684
904 1490
81 143
919 1223
914 1378
405 680
918 947
857 1445
736 1637
697 1484
249 581
460 1324
313 331
454 707
496 1164
262 1216
153 660
915 1794
565 1421
486 535
292 559
190 417
383 835
343 538
976 1968
912 1396
961 1007
201 1022
327 1072
555 1355
186 1176
95 242
806 1118
176 501
272 1215
172 324
260 928
158 996
172 396
267 1059
991 1048
433 555
887 1434
806 1692
64 118
596 1471
704 1545
282 1105
335 1009
735 1104
646 1255
150 885
83 289
653 1595
241 1074
776 830
531 1156
144 640
124 1051
47 554
503 1145
17 437
45 214
890 1526
872 1561
663 1124
779 1474
65 733
418 691
678 760
301 726
323 604
939 1859
126 716
683 1320
58 633
268 939
340 511
251 1010
469 859
78 106
735 1155
598 669
501 1223
730 1405
596 1168
421 1171
271 776
410 670
726 1303
629 1167
497 1425
867 1046
836 1737
929 1198
905 1583
426 1215
112 808
327 1097
575 771
791 1257
711 1312
250 1014
65 400
845 1067
94 386
577 756
82 881
784 1577
312 921
356 662
17 450
866 1865
160 718
862 1835
170 175
797 1750
807 1796
119 1082
473 1249
99 431
243 263
484 834
907 1029
973 1458
215 728
815 1474
731 1696
108 1056
752 1017
306 874
708 1538
566 1171
617 866
179 969
494 878
265 1258
654 699
914 1650
498 1361
842 1410
480 1240
936 1805
884 1627
3 829
752 1460
859 1356
218 777
746 1460
947 1235
568 1144
645 1227
9 983
508 993
289 625
246 1045
789 956
179 408
170 371
444 1359
840 1133
729 1430
399 874
344 847
676 1311
208 490
606 1434
206 561
131 646
643 831
352 1165
100 985
155 288
97 603
606 1111
175 325
591 1165
500 1473
898 1394
597 1380
762 1441
968 1446
945 1527
247 1072
942 1285
181 757
449 745
474 1071
205 549
599 762
71 259
558 877
410 1029
648 1454
942 1393
928 1885
123 312
542 1233
943 1491
121 872
9 24
475 814
227 950
873 1786
558 939
428 866
634 1357
557 1555
912 1438
327 467
413 1391
821 1620
143 270
721 764
163 319
999 1677
586 1273
349 494
605 1536
637 1116
81 745
938 1363
531 822
225 1169
134 540
506 1108
31 923
691 1255
185 991
502 668
114 704
709 1056
548 953
261 468
276 364
873 1358
127 479
570 798
106 693
886 1380
407 726
732 1189
405 721
427 715
682 1628
588 1383
291 1007
401 1238
582 1052
825 1506
634 1069
715 749
908 1868
474 1181
982 1200
760 1002
807 1519
853 1574
822 1494
466 588
97 1034
33 668
527 753
277 712
650 1215
26 876
780 788
264 468
241 498
731 741
14 835
356 1304
673 1280
283 412
988 1641
960 1144
794 1587
839 1133
430 900
123 442
780 1356
776 1573
638 1572
176 348
431 838
645 1074
11 558
576 1241
548 668
527 1206
249 253
914 1755
586 1533
169 986
204 342
714 763
515 542
219 1167
592 1390
190 651
516 942
923 1482
707 831
730 832
218 807
343 961
664 1632
617 856
531 1293
574 1550
616 1248
958 1032
966 1755
413 1150
485 567
446 1331
676 1509
195 998
14 434
168 1167
84 638
177 840
921 992
205 891
163 655
46 256
226 541
134 970
110 201
657 1601
410 1354
180 427
72 223
439 1336
185 423
708 1032
825 1035
837 1707
135 524
543 844
498 562
960 1803
165 202
98 1027
605 1202
976 1356
725 1721
728 1031
879 1744
507 713
592 1068
226 352
633 955
773 866
888 1204
191 695
579 1063
544 1073
902 1765
970 1420
104 359
897 1616
874 882
194 928
378 756
165 350
702 1369
869 1436
803 916
744 1343
925 1667
167 694
77 567
945 1597
587 1096
399 1350
683 1411
934 1378
368 806
313 933
281 1262
159 1007
316 707
927 1198
606 1214
662 1413
83 914
851 1714
189 528
716 794
628 795
504 1121
131 633
459 1089
26 214
901 1372
20 401
915 1805
147 960
367 1030
593 919
848 1533
528 1232
864 1239
263 897
598 1320
484 1039
