707
1000 1392
559 1046
735 1124
916 1426
655 1378
940 1488
462 619
488 713
895 1513
784 1408
391 599
179 222
100 834
818 1742
901 1648
262 665
660 1602
579 841
439 692
580 888
992 1294
84 228
531 882
912 1699
887 1759
822 1099
697 1386
710 1544
596 1097
636 1240
227 1061
803 1561
224 648
571 1361
98 778
221 947
556 1472
728 865
526 1251
43 590
582 1211
588 943
801 1763
545 1204
365 704
407 744
207 437
4 424
21 820
382 1048
676 830
818 1106
759 1455
155 319
463 886
770 1570
580 766
793 1780
793 1127
649 1597
603 981
581 860
978 1175
569 1139
165 884
927 1793
205 1185
634 914
2 175
175 465
8 110
786 1254
396 704
677 1575
608 610
194 248
359 1285
172 691
274 667
290 1256
729 870
673 1208
889 1729
770 1129
180 390
289 552
52 524
100 715
738 1353
767 1450
463 567
506 1308
702 1671
707 1644
623 979
347 903
195 988
78 1056
605 1221
706 1388
707 1514
586 1310
540 1500
261 913
296 789
443 1294
425 648
120 181
8 280
60 617
365 1325
646 1508
663 1495
503 691
333 1164
769 813
862 1220
180 1049
189 473
529 1243
854 1443
112 802
634 840
6 774
118 527
718 1489
709 1450
570 924
488 739
880 966
262 637
791 1143
736 1387
909 1048
228 607
412 1286
644 725
899 939
368 567
666 1220
173 1152
493 1493
710 1418
948 1613
499 671
395 562
980 1098
265 1027
692 1063
866 1660
900 1520
629 1044
43 302
495 1183
50 182
8 940
815 1093
323 386
547 949
439 463
408 957
244 1032
70 1008
395 432
648 892
91 1069
527 713
529 1307
686 1022
584 1239
707 1352
310 716
283 584
845 1070
856 1634
619 1105
798 1716
167 1002
669 1153
704 1105
756 1747
50 630
507 630
661 1324
766 1285
510 1393
642 1295
95 228
63 260
928 1133
201 297
851 1306
961 1098
810 1726
433 821
22 144
17 393
30 991
741 1724
352 967
450 626
526 1259
576 587
100 166
22 433
798 1597
201 371
43 519
841 1595
370 1356
522 547
239 843
596 911
579 896
766 1554
120 393
554 609
922 1309
983 1296
310 1219
287 1158
719 1153
13 939
198 1122
789 1356
556 1317
113 586
716 927
554 581
309 1011
299 981
300 1024
489 1350
822 1325
398 562
799 1077
958 1951
723 792
442 1075
321 964
694 1683
908 1207
726 1183
837 1088
824 1399
696 1180
912 1797
542 1289
781 1737
984 1604
226 1224
182 730
211 590
239 587
265 593
227 253
65 1055
665 1419
831 1117
797 950
852 1141
517 1488
372 911
520 1338
284 984
619 1319
37 979
860 1747
334 1046
485 759
604 1040
790 1722
422 900
90 319
860 901
309 1222
317 383
660 682
713 1342
977 1647
398 1215
822 1457
882 1091
548 1321
519 727
929 1577
994 1106
814 1795
915 1760
329 555
772 989
40 173
214 708
443 784
70 526
738 1563
985 1655
594 1558
673 1602
857 941
229 787
409 606
437 1097
677 1476
824 1564
191 1121
427 1323
478 1384
251 364
174 683
210 464
907 1355
347 383
384 953
723 936
948 1372
401 830
186 294
628 1247
80 439
106 717
776 807
677 1577
185 578
902 1752
238 1226
901 1678
743 1433
1000 1155
721 1636
618 680
31 825
557 1388
411 808
295 848
42 952
581 711
591 1548
238 513
509 863
836 1335
852 1313
958 1209
207 985
247 691
133 150
136 963
380 605
250 837
977 1201
965 1723
190 1060
819 1597
264 549
672 1336
919 1641
206 305
969 1251
107 1101
36 111
232 673
145 427
847 1612
874 1388
577 1414
88 772
982 1639
270 737
738 1192
99 1088
686 931
228 1119
843 1540
104 733
438 506
97 1005
139 237
82 131
121 799
410 1368
81 694
874 1394
758 1629
844 949
818 1522
358 531
46 968
790 1010
928 1447
215 312
496 1105
771 1164
275 686
954 1497
707 1152
192 393
857 1318
506 1292
695 721
59 454
60 774
352 839
603 1219
728 884
486 990
274 376
65 886
738 1224
806 1702
221 953
697 1187
393 974
644 1296
422 450
553 611
844 1044
792 1239
808 1611
999 1834
304 1248
217 487
763 827
181 665
360 1191
450 1114
718 1169
520 1423
172 676
528 1526
370 1116
221 1200
256 1237
156 307
869 1802
9 655
903 1044
30 998
611 1354
355 736
390 1323
872 994
709 1080
726 1510
45 737
931 1419
386 1136
493 1173
389 1088
541 574
682 792
277 1115
410 647
348 785
652 1483
840 1586
934 1077
826 1560
472 1414
531 1009
199 450
34 290
224 241
607 963
779 1469
675 941
278 598
423 1056
630 989
964 1198
364 654
527 923
388 1269
219 768
215 989
69 157
934 1400
864 1056
212 832
577 966
277 729
569 1034
257 773
326 1104
160 955
810 1250
768 1181
15 777
790 1587
571 605
365 873
596 1429
95 279
342 385
187 387
188 283
400 1113
77 527
719 1039
832 1734
656 1627
590 1013
368 1216
845 1221
246 356
172 336
367 1051
392 678
30 423
756 898
479 1010
937 1163
507 1000
464 545
16 956
506 1141
582 856
465 719
686 909
953 1336
666 700
940 1720
728 1288
33 816
243 1062
121 226
811 1630
826 1432
106 602
454 1231
108 700
509 1424
122 830
5 248
610 685
414 1335
233 672
718 1326
861 874
59 97
388 576
190 752
718 1666
881 888
31 904
875 1684
140 1018
768 876
318 950
444 1224
714 1408
487 1439
924 1319
776 1339
172 1023
150 845
448 617
27 337
24 423
653 1611
8 575
994 1658
502 1206
904 1360
928 1480
799 1364
279 464
899 1215
405 595
478 585
682 704
21 594
735 979
887 1106
712 723
543 993
929 1530
460 1319
951 1663
373 996
741 1531
153 849
262 288
28 378
330 332
296 377
804 1469
364 1203
408 1105
969 1235
301 561
213 905
431 1109
571 1417
623 1020
59 429
925 1484
183 246
541 1199
989 1526
331 1239
247 415
686 1471
579 1307
431 1420
9 21
961 1109
800 1331
956 1672
95 194
378 432
987 1555
430 1222
166 641
86 655
162 774
704 738
979 1604
764 1383
256 906
342 1294
17 174
590 815
147 1018
681 800
574 1271
213 268
437 1257
831 1061
193 355
423 529
237 848
278 551
502 700
551 742
47 285
413 964
736 1043
198 1015
451 584
587 1245
528 943
126 684
110 712
295 860
65 229
701 1429
275 280
209 1149
601 867
536 1528
564 847
673 1176
864 1290
849 1512
581 861
876 878
195 707
390 1355
131 1111
123 875
513 533
730 1038
145 146
498 1274
187 250
24 972
309 1100
838 1107
523 933
677 1560
395 1287
777 1233
65 245
771 1237
523 1176
76 334
633 761
60 923
552 1392
281 592
189 343
420 1067
472 639
715 1326
270 742
731 1123
306 578
764 1683
922 1343
529 1336
135 1011
285 508
966 1011
863 1394
776 1609
685 1087
281 850
337 696
401 1086
140 1140
606 1346
175 542
202 612
657 1096
34 878
479 1210
707 1448
