40 60
100010100010000111111001100101101101100010011111000011100011
111010000111101011110100111100111101100000110001111110100000
001111101011011001001110101110111101000110010011100010111101
111011000001000101110100110010100101010100110000000011001001
111101010011011101001010110101100111010010010011101001001000
011100111000110010101011110100010110110010110011001100101111
010011101111101101110111111000011001101110001110000100010001
000000011110101101010011000001101011000001010011111010111000
101101011011011100100100101000000010001010110100011100100010
001110001011010101001100011101100000110010010111101011111000
000100011000011100000000010000000000000010101010011110000110
110111101110001010101100011010010001010000000000001010000010
010100001111001100111111110101111101100010010000011010110010
011110101101110011110001011101011000000111110011010000010011
100111001000101011111011110011100000011000001100010100111101
010001010001000010000001101111111000100011011111111011001111
101001100001111000011000111111110100111000111011011110010010
111001100111000111000111011000011001011101111110111010011110
011111110010001000111010110110101100110000000101110010111100
110010111000000011001011100101100000001100001100110011110110
100011001000010010110011111110000100011101110101110111001011
101011001111010101111001100111110001000110010001111101101100
000000100101001100010101111000000101100101101111010011000011
110111001111110110001010001110111101001001010011101110001100
001001100001101011110010101100011001011010001001101000101101
100111111011100001101100000101110101111110111101001001010000
111111101011101000101111011010111010010101110000001101110011
111101110101100000110011110110110101001001100111110010011101
010101100011011101000011010000111001100000000000011101111111
100111011000111000000111110010001000100001000111001001101100
010000111011000010011001000010110010010010111000001101101000
011001001110110100100101110010100001011011111000111111101011
110010011000100110011100000000001110101101111011110001000110
011010011011011101011010110011000000010100000101110000100010
110001010011110110111011010111100000100100010000111111011110
101011000000011100100100010110111010010111010011011100000110
101011010011010001111001000010010110001110011011001001011101
001011100100111000011001101100110100111101110100010001010000
110100011111010110101111111000010011101010010000111111000101
011010101000000000001010011001110010101010010001011010011101
