50 50
11100101010101010010000111000110111100000010010101
01110010010000111100001001101100010110010001011101
00011000010110111011011110101110000101011011111011
00000110101010000000011001011111101000001110000010
00101101111101000001011000011100001011101000101000
01111101011111001101110110000111011000001100100101
00001101010011001110000000110110110000100101101100
11001011000000100010000110101001110001100000110000
00111001010101001110000111001010101100011101110010
01000101011111010000110110111011001011101000111000
11011111101101110110001111100000110100110110111110
00100011100110001000100110000100100010100111010100
10101010111011101010011111011000001001111000101110
11001110101000011001101000010110111100010100011001
00001010110010001011011001101000001111101101100001
11010101101010001000000111001111100101011111000101
00101100011111010111000100110110110011000000011100
10011010011001011010111010101011110101110001001010
11001100010011010100110100110110000000011000100001
10011000000110101110100101001110001000100101111000
11001011000001011110001110111010100110001000101011
11101011001111100100100011101000001101010010100010
01111011010101110100110001001111110111011011001100
11001110101100110110010011111110111001001001101110
10000010011100110100110110100111111001001010010110
01111100111111100000011010101111000001101101000111
00101010101010101010111000011001111010101011110110
10100010001110001000100010100010011101101101001011
10011100000000001011101010010000110111100101100100
10000010000000001011001110000000110100011001110100
01101111000111100001100100011010011001100111011011
00111101100100100011111010010001111110100010000010
10111110000101001100010100010010011010111010010101
01101011111010001011111111011101100011011100110101
10010000010110101000100101011010010011100110001000
10101001100000000101000000011001010011101011100011
01011000110010001111111101010110111000011101110111
11110111111010000111001110111110011011100001110010
00001110110111110011001011110001111100010110000100
00011000100111011010011111110000011110011001111000
11000100011101011000100100111100100110111111110111
11101101111000001001110100111011001110010000111001
00010101001011000111110100001100011010001001011001
10101001111001011110100101011100000100010001010001
10010110001110110000100111100100110111100000101100
11000100000100000010110111011100001011000001101001
10101110101100001000110101100110101111001110100000
11111011000110111110100101111111000101110010110111
00001000110101001010101110011110100100111011110110
00010000000010010110001111010100101010011110000100
