105 70 70
30 23 16 63
13 33 0 120
35 30 1 78
37 34 10 144
37 2 27 72
22 33 1 99
20 12 18 105
11 12 24 126
25 42 26 57
30 42 7 93
4 43 19 30
24 4 2 123
12 1 8 75
13 41 28 78
12 6 4 105
17 17 20 69
27 8 5 99
3 19 26 60
33 16 8 138
27 27 12 39
24 30 26 129
0 23 26 81
29 21 14 84
15 17 7 36
10 42 1 75
15 21 4 84
11 27 15 48
40 28 14 75
4 33 13 120
25 36 0 54
3 4 9 45
0 23 19 93
35 3 5 111
19 15 4 114
40 22 2 120
17 19 14 54
14 4 17 48
40 4 12 60
37 32 7 108
11 3 0 66
34 12 6 87
11 14 1 87
8 37 17 120
40 14 15 39
27 17 27 42
39 26 10 45
20 9 28 45
1 14 15 138
23 17 24 129
29 31 28 69
21 17 20 51
18 23 23 93
18 22 6 102
21 29 25 72
13 12 4 93
9 25 10 135
20 8 19 117
26 33 4 126
8 41 1 36
34 16 13 42
4 7 1 114
23 24 6 84
32 32 11 138
32 3 18 114
0 18 11 63
42 34 20 78
31 11 10 81
40 5 18 69
4 8 2 81
41 23 14 144
9 16 11 63
21 6 15 144
24 39 19 81
29 2 21 114
21 6 6 69
33 2 15 120
34 14 28 126
29 39 25 78
5 41 23 111
17 0 4 48
22 17 3 63
27 36 14 51
38 16 9 120
9 19 6 135
26 16 11 132
25 40 14 69
37 11 7 51
15 0 21 129
12 30 11 126
32 18 2 78
14 30 9 123
6 25 27 57
40 4 28 105
25 39 16 57
37 3 12 120
10 16 11 93
11 25 6 39
38 4 18 138
10 41 24 81
21 33 24 75
8 14 11 48
26 4 5 111
21 7 28 84
0 18 8 120
38 35 5 42
