50 30 30
13 9 5 106
5 14 0 134
15 13 0 114
15 14 3 146
16 1 8 110
9 14 0 122
8 5 5 126
4 5 7 138
10 18 8 102
12 18 2 122
1 18 6 90
10 1 0 134
5 0 2 110
5 17 8 114
5 2 1 126
7 7 6 106
11 3 1 122
1 8 8 102
14 7 2 142
11 11 3 94
10 12 8 138
0 10 8 114
12 9 4 114
6 7 2 90
4 18 0 110
6 9 1 118
4 11 4 98
17 12 4 110
1 14 4 134
11 15 0 102
1 1 2 94
0 9 5 122
15 1 1 130
8 6 1 130
17 9 0 134
7 8 4 102
6 1 5 98
17 1 3 106
16 13 2 130
4 1 0 106
14 5 2 118
4 6 0 118
3 16 5 134
17 6 4 94
11 7 8 94
17 11 3 98
8 4 8 94
0 6 4 142
9 7 7 138
12 13 8 110
