60 40 40
17 13 6 90
7 19 0 115
20 17 0 95
21 19 4 125
21 1 10 95
12 18 0 105
11 7 6 110
6 6 9 120
14 24 10 85
17 24 2 100
2 24 7 75
14 2 1 115
7 1 3 95
7 23 10 95
6 3 1 110
10 10 7 90
15 5 2 105
1 11 9 85
19 9 3 125
15 15 4 80
13 17 10 120
0 13 10 95
16 12 5 100
8 10 2 75
6 24 0 95
9 12 1 100
6 15 5 80
23 16 5 95
2 19 5 115
14 20 0 85
1 2 3 80
0 13 7 100
20 2 2 110
11 8 1 110
22 13 0 115
9 11 5 85
8 2 6 80
22 2 4 90
21 18 3 110
6 2 0 90
19 7 2 100
6 8 0 100
5 21 6 115
22 8 5 75
15 10 10 80
22 15 3 80
11 5 10 80
0 8 6 125
13 10 9 120
16 17 10 90
12 10 7 80
10 13 8 100
10 12 2 105
12 16 9 95
7 7 1 100
5 14 3 120
11 4 7 115
15 19 1 115
5 23 0 75
19 9 5 80
