120 80 80
3 23 17 147
26 6 24 42
2 2 27 105
24 46 23 90
26 5 20 141
6 1 1 45
6 18 7 75
19 48 18 51
40 18 17 141
44 20 25 90
22 1 12 87
21 28 15 57
15 2 4 84
18 38 9 39
26 20 6 45
12 45 32 36
34 2 15 63
13 47 7 135
11 5 29 108
35 21 27 78
46 31 29 78
28 47 16 57
27 47 31 114
45 36 2 51
8 13 0 42
26 2 8 117
39 2 2 48
12 38 31 99
41 33 20 129
30 40 29 48
26 37 6 45
14 34 0 36
29 40 26 78
29 49 1 99
28 32 17 30
46 44 32 63
20 45 30 120
21 32 19 72
46 29 17 81
14 3 30 54
20 23 16 54
18 2 23 30
47 33 30 60
34 4 2 33
3 9 14 57
44 36 26 72
7 13 22 105
38 6 32 54
0 1 26 96
37 24 15 87
17 45 31 144
20 30 12 75
10 11 28 57
46 18 20 114
28 26 8 126
34 9 10 93
40 12 9 87
33 31 13 99
7 8 8 39
0 38 2 129
12 41 28 129
23 40 8 141
30 9 29 141
47 25 4 120
9 46 22 33
1 35 24 129
38 9 14 114
19 41 9 144
29 39 1 36
18 18 26 99
34 0 10 36
21 19 18 75
29 42 19 54
35 2 19 120
32 37 7 132
22 4 6 57
31 43 3 141
27 15 15 48
9 38 4 57
3 4 24 144
19 40 23 33
31 45 4 132
7 33 8 96
5 39 31 60
39 43 22 90
46 44 13 54
27 13 0 87
36 44 28 33
0 27 21 99
35 28 16 117
34 34 4 132
13 13 23 90
23 27 14 123
21 22 25 60
7 14 19 129
17 4 1 42
42 43 4 132
41 15 28 132
34 31 19 120
41 38 21 90
4 35 1 126
46 10 22 129
19 29 18 63
41 47 16 114
16 27 25 138
46 21 12 120
26 12 8 66
35 28 28 132
1 6 4 102
17 24 10 87
34 48 18 141
4 38 10 75
41 19 7 117
44 9 6 30
32 16 24 93
40 48 19 30
34 28 11 57
28 27 28 114
22 10 8 117
0 41 22 108
