60 50 50
21 16 7 75
9 23 0 125
25 21 0 90
26 24 4 145
26 1 12 85
16 23 0 105
14 9 8 110
8 8 10 130
18 30 11 70
21 30 3 100
3 30 8 50
17 3 1 125
8 1 3 85
9 29 12 90
8 4 2 110
12 12 9 80
19 6 2 105
2 14 11 75
24 11 3 140
19 19 5 55
17 21 11 130
0 16 11 90
20 15 6 95
10 12 3 55
7 30 0 85
11 15 2 95
7 19 7 65
29 20 6 85
3 24 5 125
18 25 0 70
2 3 4 60
0 16 8 100
25 2 2 115
14 11 1 120
28 16 1 125
12 14 6 70
10 2 7 65
28 3 5 75
26 23 3 115
7 2 0 80
24 9 3 95
7 10 0 95
6 26 7 125
28 10 7 55
19 12 12 60
28 19 4 60
14 6 12 60
0 10 7 140
16 12 11 130
20 22 12 80
15 12 9 65
13 16 10 100
13 15 2 110
15 21 11 85
9 9 1 100
6 18 4 135
14 5 8 120
18 24 2 130
6 29 0 55
24 11 6 60
