60 60 60
26 19 9 78
11 28 0 126
30 26 0 90
31 29 6 146
32 2 16 86
19 28 0 106
17 11 10 114
9 10 14 130
21 36 15 70
25 36 4 102
3 37 11 50
21 3 1 126
10 1 5 86
11 35 16 90
10 5 2 114
15 15 12 82
23 7 3 106
2 16 15 74
29 14 4 138
23 23 7 58
20 25 15 130
0 20 15 90
25 18 8 94
13 15 4 54
9 36 1 86
13 18 2 94
9 23 9 62
34 24 8 86
3 29 7 122
22 30 0 70
2 3 5 62
0 19 11 102
30 3 3 114
16 13 2 118
34 19 1 122
14 17 8 70
12 3 10 66
34 3 7 74
32 27 4 114
9 3 0 82
29 11 3 98
9 12 0 98
7 32 10 122
34 12 9 58
23 15 16 58
34 22 5 62
17 8 16 62
1 12 9 142
19 15 14 130
24 26 16 82
18 15 11 66
15 20 13 102
15 18 3 110
18 25 15 86
11 10 2 102
8 21 6 134
17 7 11 122
22 29 2 130
7 35 1 54
29 14 7 58
