150 100 100
32 50 14 105
35 59 12 126
15 40 14 105
0 53 19 138
4 13 4 108
57 33 21 138
3 47 12 117
51 6 27 84
44 21 17 63
49 40 4 144
25 20 29 123
7 60 30 141
56 56 12 33
41 52 8 117
53 40 28 135
30 40 14 123
19 55 26 105
17 54 19 66
13 21 18 84
51 34 3 111
53 32 4 39
37 49 3 30
31 16 14 42
13 19 32 99
45 15 30 108
55 55 29 78
3 30 4 117
2 54 9 108
21 50 1 129
39 43 12 63
24 23 22 81
55 23 19 75
23 11 19 78
35 61 5 120
21 33 8 102
40 14 20 81
46 36 27 72
42 51 7 42
58 49 10 135
26 6 14 117
40 29 12 141
13 28 20 138
30 16 19 45
35 55 9 87
30 37 2 105
40 28 25 147
33 17 32 90
44 48 22 45
59 57 0 60
44 36 11 75
55 28 25 72
44 9 13 75
59 40 15 117
26 54 7 84
37 38 11 66
42 43 15 48
43 17 3 75
0 39 18 117
60 55 15 60
61 18 5 108
36 32 22 111
57 23 24 36
34 37 1 69
14 7 32 66
18 22 10 75
59 54 12 87
8 22 10 141
18 36 23 126
46 61 11 90
4 13 14 66
47 61 24 105
16 21 11 45
8 56 11 63
31 39 32 45
47 38 0 72
33 19 5 78
54 51 4 54
46 42 15 120
41 36 2 54
43 40 23 45
40 45 26 39
33 9 17 60
17 30 6 99
38 47 24 147
23 52 22 132
54 4 1 141
40 10 24 39
25 19 9 135
14 38 11 129
60 45 4 72
5 44 16 105
27 12 18 33
39 48 21 87
21 40 8 69
8 30 12 69
21 37 5 135
17 20 22 99
44 39 0 144
37 6 19 96
58 57 26 42
4 28 23 42
5 44 9 93
32 23 20 144
23 51 17 108
12 40 13 69
41 10 9 105
13 25 5 75
61 13 19 120
5 38 17 120
60 32 10 36
14 35 5 147
26 15 17 123
25 22 6 42
46 36 3 135
21 27 27 45
32 21 3 84
6 5 24 84
58 23 16 78
39 54 20 84
24 9 11 120
19 15 23 147
51 12 20 57
24 59 8 129
25 37 16 126
31 37 32 57
55 34 30 45
10 4 22 78
12 51 3 39
20 6 20 144
53 16 1 57
47 47 3 93
36 16 31 66
43 59 31 48
44 20 27 123
14 57 32 132
45 34 32 72
51 42 18 39
44 4 15 75
53 38 0 60
59 37 18 84
7 59 9 57
21 61 11 132
14 14 6 132
55 36 4 36
15 48 6 72
20 55 2 60
6 20 22 33
26 57 17 132
8 22 20 87
40 50 19 138
