80 65 65
28 21 9 70
12 31 0 118
32 28 0 82
34 31 6 139
35 2 16 76
21 30 0 100
18 11 10 106
10 11 14 124
23 39 15 61
27 39 4 94
4 40 11 40
23 4 1 121
11 1 5 79
12 38 16 82
11 6 2 106
16 16 12 73
25 8 3 100
3 18 15 67
31 15 4 136
25 25 7 49
22 27 15 127
0 21 15 85
27 20 8 88
14 16 4 43
9 39 1 79
14 19 2 88
10 25 9 55
37 26 8 79
4 31 7 118
23 33 0 61
2 4 5 52
0 21 11 97
33 3 3 109
18 14 2 112
37 21 1 118
16 18 8 61
13 3 10 55
37 3 7 67
35 30 4 109
10 3 0 73
31 11 3 88
10 13 0 88
8 34 10 118
37 13 9 46
25 16 16 52
37 24 5 55
19 8 16 52
1 13 9 136
21 16 14 124
27 28 16 73
19 16 11 58
16 21 13 94
17 20 3 103
19 27 15 76
12 11 2 94
8 23 6 130
19 7 11 118
24 31 2 124
8 38 1 46
31 15 7 52
4 6 0 115
21 22 3 88
29 30 6 133
29 3 10 112
0 17 6 67
39 32 11 82
29 11 6 85
37 4 10 76
4 7 1 85
38 21 8 142
8 15 6 67
20 5 8 139
22 36 11 85
27 2 12 112
19 6 3 73
31 2 8 118
32 13 16 124
27 36 14 82
4 38 13 112
16 0 2 55
