100 2420
1 3
1 8
1 10
1 15
1 16
1 17
1 19
1 20
1 22
1 23
1 24
1 26
1 27
1 28
1 32
1 33
1 34
1 37
1 38
1 39
1 41
1 42
1 46
1 48
1 50
1 51
1 58
1 61
1 67
1 68
1 70
1 72
1 80
1 81
1 82
1 83
1 86
1 87
1 90
1 94
1 95
1 96
1 97
1 98
2 3
2 7
2 8
2 12
2 17
2 20
2 22
2 23
2 26
2 27
2 29
2 34
2 35
2 37
2 40
2 45
2 46
2 47
2 49
2 50
2 52
2 53
2 54
2 58
2 59
2 67
2 68
2 70
2 72
2 74
2 76
2 83
2 84
2 87
2 89
2 90
2 92
2 93
2 96
2 97
2 99
2 100
3 5
3 7
3 10
3 11
3 13
3 14
3 15
3 17
3 20
3 22
3 23
3 24
3 25
3 26
3 29
3 30
3 31
3 35
3 36
3 37
3 38
3 40
3 41
3 42
3 49
3 50
3 51
3 52
3 53
3 56
3 57
3 58
3 59
3 62
3 63
3 64
3 65
3 66
3 67
3 68
3 74
3 75
3 76
3 78
3 79
3 82
3 85
3 88
3 89
3 91
3 92
3 93
3 94
3 99
4 5
4 8
4 9
4 12
4 14
4 16
4 17
4 18
4 20
4 23
4 26
4 28
4 31
4 34
4 35
4 36
4 37
4 39
4 41
4 43
4 44
4 46
4 48
4 50
4 51
4 54
4 55
4 57
4 58
4 60
4 63
4 64
4 66
4 67
4 70
4 73
4 74
4 76
4 77
4 79
4 80
4 81
4 82
4 83
4 84
4 86
4 88
4 90
4 91
4 94
4 98
4 100
5 8
5 10
5 12
5 13
5 14
5 18
5 19
5 20
5 25
5 27
5 29
5 30
5 31
5 33
5 35
5 36
5 38
5 40
5 41
5 42
5 43
5 44
5 45
5 46
5 48
5 49
5 51
5 52
5 57
5 58
5 59
5 60
5 62
5 63
5 65
5 66
5 69
5 70
5 72
5 75
5 76
5 77
5 80
5 81
5 83
5 84
5 85
5 86
5 88
5 89
5 90
5 91
5 93
5 100
6 7
6 10
6 13
6 16
6 19
6 20
6 26
6 32
6 36
6 37
6 42
6 43
6 44
6 47
6 48
6 52
6 53
6 54
6 56
6 62
6 66
6 67
6 68
6 69
6 70
6 75
6 82
6 83
6 84
6 86
6 88
6 90
6 91
6 92
6 94
6 95
6 98
6 99
7 8
7 10
7 11
7 13
7 14
7 15
7 16
7 17
7 19
7 21
7 23
7 24
7 25
7 28
7 30
7 33
7 35
7 36
7 39
7 44
7 45
7 46
7 49
7 52
7 55
7 57
7 58
7 59
7 60
7 64
7 66
7 69
7 70
7 71
7 74
7 77
7 78
7 79
7 82
7 83
7 88
7 90
7 93
7 94
7 97
7 99
7 100
8 9
8 11
8 12
8 16
8 18
8 19
8 20
8 22
8 23
8 25
8 30
8 31
8 32
8 33
8 34
8 37
8 38
8 40
8 41
8 43
8 44
8 46
8 47
8 48
8 49
8 50
8 51
8 54
8 55
8 56
8 59
8 60
8 61
8 62
8 64
8 66
8 68
8 72
8 73
8 75
8 78
8 79
8 83
8 84
8 85
8 86
8 88
8 89
8 95
8 96
8 99
9 11
9 15
9 18
9 21
9 30
9 32
9 35
9 37
9 38
9 41
9 43
9 44
9 49
9 50
9 51
9 52
9 53
9 58
9 62
9 63
9 64
9 69
9 70
9 71
9 74
9 75
9 76
9 77
9 78
9 79
9 82
9 84
9 85
9 87
9 88
9 91
9 92
9 93
9 94
9 96
9 97
9 98
9 99
9 100
10 11
10 12
10 13
10 17
10 19
10 20
10 21
10 23
10 24
10 25
10 26
10 27
10 28
10 29
10 30
10 33
10 36
10 37
10 38
10 40
10 41
10 42
10 43
10 44
10 46
10 47
10 49
10 51
10 54
10 57
10 58
10 59
10 61
10 62
10 64
10 67
10 69
10 70
10 71
10 72
10 74
10 76
10 78
10 80
10 81
10 85
10 91
10 92
10 94
10 95
10 97
10 99
10 100
11 13
11 15
11 16
11 18
11 19
11 23
11 26
11 28
11 31
11 33
11 34
11 37
11 38
11 39
11 45
11 47
11 48
11 50
11 52
11 53
11 54
11 57
11 58
11 60
11 61
11 62
11 63
11 64
11 65
11 66
11 69
11 71
11 73
11 74
11 78
11 79
11 82
11 83
11 85
11 86
11 87
11 91
11 95
11 97
11 99
12 13
12 14
12 16
12 17
12 20
12 22
12 23
12 24
12 26
12 29
12 32
12 34
12 36
12 37
12 42
12 43
12 46
12 48
12 49
12 50
12 51
12 52
12 54
12 56
12 57
12 58
12 62
12 64
12 65
12 68
12 69
12 71
12 73
12 74
12 75
12 76
12 78
12 82
12 83
12 85
12 86
12 89
12 90
12 91
12 93
12 99
12 100
13 14
13 15
13 21
13 24
13 26
13 29
13 31
13 32
13 35
13 38
13 42
13 44
13 46
13 47
13 48
13 49
13 51
13 53
13 54
13 57
13 60
13 61
13 65
13 67
13 68
13 70
13 73
13 76
13 77
13 83
13 85
13 86
13 87
13 89
13 90
13 91
13 93
13 97
13 98
13 99
13 100
14 15
14 20
14 22
14 26
14 28
14 32
14 35
14 36
14 37
14 38
14 42
14 43
14 44
14 45
14 47
14 50
14 53
14 55
14 56
14 58
14 61
14 64
14 66
14 69
14 70
14 72
14 74
14 75
14 78
14 79
14 80
14 81
14 82
14 84
14 87
14 88
14 90
14 94
14 96
14 97
14 99
14 100
15 16
15 17
15 18
15 19
15 21
15 23
15 27
15 29
15 35
15 38
15 43
15 44
15 45
15 47
15 50
15 51
15 53
15 54
15 57
15 58
15 60
15 62
15 72
15 74
15 78
15 80
15 81
15 82
15 83
15 84
15 88
15 91
15 92
15 95
15 96
16 18
16 22
16 26
16 29
16 30
16 32
16 33
16 35
16 36
16 39
16 41
16 42
16 46
16 47
16 49
16 51
16 54
16 57
16 59
16 63
16 64
16 65
16 68
16 72
16 73
16 74
16 75
16 77
16 80
16 82
16 83
16 86
16 87
16 88
16 91
16 96
16 97
16 98
17 18
17 20
17 24
17 27
17 35
17 36
17 39
17 40
17 41
17 47
17 49
17 52
17 53
17 55
17 56
17 57
17 61
17 64
17 67
17 68
17 69
17 75
17 76
17 77
17 78
17 79
17 82
17 84
17 85
17 86
17 90
17 91
17 92
17 94
17 95
17 98
17 99
17 100
18 19
18 21
18 22
18 24
18 25
18 27
18 31
18 32
18 36
18 37
18 38
18 39
18 41
18 44
18 45
18 46
18 47
18 49
18 50
18 55
18 58
18 60
18 61
18 62
18 63
18 65
18 67
18 69
18 73
18 74
18 75
18 78
18 79
18 80
18 82
18 83
18 84
18 87
18 89
18 91
18 92
18 93
18 94
18 95
18 96
18 97
19 21
19 24
19 25
19 27
19 29
19 30
19 31
19 34
19 35
19 37
19 38
19 41
19 44
19 46
19 49
19 51
19 52
19 53
19 55
19 57
19 60
19 64
19 67
19 71
19 72
19 73
19 74
19 75
19 77
19 80
19 81
19 82
19 83
19 85
19 89
19 92
19 93
20 22
20 23
20 25
20 26
20 32
20 34
20 35
20 36
20 37
20 39
20 40
20 42
20 43
20 45
20 49
20 51
20 52
20 53
20 58
20 59
20 60
20 62
20 63
20 64
20 66
20 68
20 69
20 70
20 73
20 74
20 85
20 86
20 87
20 88
20 89
20 92
20 93
20 94
20 96
20 98
20 100
21 22
21 24
21 25
21 27
21 28
21 36
21 37
21 39
21 41
21 43
21 46
21 47
21 49
21 50
21 51
21 61
21 63
21 64
21 65
21 66
21 67
21 68
21 70
21 71
21 72
21 73
21 74
21 76
21 77
21 79
21 81
21 82
21 83
21 84
21 90
21 91
21 92
21 96
21 97
21 98
21 100
22 23
22 24
22 25
22 28
22 29
22 32
22 35
22 37
22 39
22 41
22 42
22 47
22 53
22 55
22 56
22 58
22 59
22 60
22 61
22 63
22 66
22 67
22 68
22 70
22 71
22 75
22 76
22 77
22 78
22 91
22 92
22 93
22 94
22 97
22 98
22 99
23 25
23 26
23 29
23 31
23 33
23 34
23 37
23 39
23 43
23 45
23 46
23 47
23 48
23 50
23 53
23 54
23 56
23 58
23 60
23 62
23 64
23 68
23 69
23 70
23 71
23 72
23 74
23 77
23 82
23 85
23 86
23 88
23 90
23 91
23 94
23 95
23 96
23 100
24 26
24 34
24 35
24 38
24 39
24 44
24 45
24 46
24 49
24 50
24 51
24 54
24 57
24 58
24 59
24 60
24 64
24 66
24 68
24 70
24 71
24 72
24 73
24 75
24 77
24 78
24 80
24 87
24 89
24 90
24 92
24 93
24 95
24 96
24 100
25 26
25 27
25 28
25 29
25 31
25 32
25 35
25 36
25 38
25 39
25 44
25 45
25 46
25 47
25 48
25 49
25 53
25 54
25 57
25 58
25 62
25 63
25 65
25 66
25 67
25 70
25 71
25 72
25 75
25 77
25 78
25 79
25 81
25 84
25 88
25 92
25 95
25 96
25 97
26 27
26 28
26 30
26 31
26 32
26 35
26 38
26 42
26 43
26 45
26 46
26 47
26 50
26 51
26 55
26 58
26 59
26 61
26 67
26 68
26 71
26 72
26 73
26 75
26 77
26 80
26 84
26 85
26 86
26 87
26 88
26 89
26 90
26 94
26 95
26 98
26 99
27 28
27 29
27 31
27 32
27 34
27 35
27 36
27 39
27 40
27 42
27 43
27 44
27 47
27 49
27 52
27 53
27 54
27 58
27 59
27 61
27 63
27 67
27 70
27 72
27 74
27 75
27 77
27 78
27 80
27 82
27 83
27 84
27 89
27 90
27 91
27 98
27 99
28 30
28 33
28 34
28 35
28 37
28 40
28 41
28 45
28 46
28 51
28 54
28 55
28 56
28 58
28 59
28 60
28 64
28 65
28 66
28 67
28 69
28 70
28 71
28 73
28 74
28 76
28 77
28 81
28 83
28 86
28 87
28 89
28 93
28 95
28 96
29 32
29 35
29 37
29 38
29 39
29 41
29 42
29 43
29 45
29 50
29 51
29 54
29 60
29 63
29 64
29 67
29 69
29 71
29 73
29 74
29 76
29 77
29 78
29 81
29 86
29 88
29 90
29 93
29 97
29 99
29 100
30 31
30 32
30 34
30 36
30 38
30 40
30 44
30 45
30 46
30 47
30 48
30 50
30 52
30 58
30 59
30 61
30 63
30 64
30 65
30 70
30 72
30 74
30 77
30 79
30 80
30 81
30 83
30 86
30 87
30 88
30 89
30 90
30 95
30 100
31 33
31 34
31 35
31 36
31 37
31 40
31 42
31 45
31 46
31 48
31 50
31 51
31 56
31 57
31 58
31 59
31 60
31 61
31 62
31 67
31 71
31 72
31 73
31 78
31 80
31 81
31 85
31 86
31 87
31 92
31 93
31 94
31 100
32 33
32 34
32 35
32 36
32 38
32 40
32 41
32 42
32 46
32 49
32 50
32 55
32 56
32 60
32 63
32 64
32 65
32 67
32 68
32 70
32 72
32 73
32 75
32 76
32 77
32 81
32 86
32 89
32 91
32 94
32 98
32 100
33 36
33 37
33 39
33 41
33 42
33 44
33 46
33 47
33 48
33 50
33 51
33 54
33 56
33 58
33 59
33 60
33 63
33 66
33 72
33 73
33 76
33 79
33 80
33 85
33 90
33 92
33 95
33 96
33 98
34 37
34 39
34 46
34 48
34 52
34 59
34 60
34 62
34 63
34 64
34 67
34 72
34 74
34 75
34 78
34 80
34 82
34 90
34 91
34 92
34 94
34 95
34 96
35 37
35 39
35 40
35 43
35 44
35 46
35 49
35 51
35 52
35 54
35 56
35 57
35 58
35 60
35 62
35 63
35 65
35 67
35 72
35 73
35 74
35 75
35 77
35 78
35 81
35 82
35 90
35 91
35 92
35 93
35 94
35 95
35 96
35 100
36 37
36 42
36 43
36 45
36 47
36 48
36 50
36 51
36 53
36 54
36 55
36 56
36 57
36 59
36 65
36 66
36 67
36 68
36 70
36 71
36 72
36 75
36 81
36 87
36 88
36 91
36 92
36 93
36 94
36 95
36 98
37 38
37 40
37 41
37 42
37 47
37 49
37 50
37 53
37 56
37 57
37 61
37 63
37 64
37 73
37 76
37 78
37 79
37 80
37 82
37 83
37 86
37 87
37 88
37 91
37 92
37 93
37 95
37 96
37 99
37 100
38 39
38 40
38 41
38 42
38 43
38 44
38 47
38 49
38 50
38 51
38 52
38 54
38 57
38 61
38 62
38 64
38 66
38 67
38 68
38 69
38 70
38 71
38 72
38 73
38 74
38 77
38 78
38 80
38 81
38 86
38 87
38 88
38 92
38 93
38 94
38 95
38 96
39 43
39 44
39 45
39 47
39 49
39 54
39 56
39 58
39 60
39 61
39 66
39 67
39 70
39 71
39 72
39 74
39 75
39 79
39 80
39 81
39 83
39 84
39 86
39 87
39 88
39 89
39 90
39 91
39 93
39 96
39 98
39 99
39 100
40 41
40 44
40 45
40 46
40 47
40 50
40 51
40 52
40 54
40 59
40 63
40 66
40 69
40 70
40 72
40 75
40 76
40 81
40 84
40 87
40 88
40 90
40 91
40 94
40 95
40 97
40 100
41 42
41 43
41 47
41 48
41 50
41 52
41 55
41 56
41 58
41 59
41 60
41 61
41 62
41 63
41 64
41 65
41 66
41 67
41 68
41 72
41 77
41 78
41 82
41 83
41 84
41 87
41 89
41 90
41 91
41 93
41 94
41 95
41 97
41 100
42 43
42 44
42 47
42 48
42 55
42 57
42 61
42 62
42 65
42 66
42 69
42 73
42 76
42 78
42 80
42 81
42 85
42 86
42 89
42 90
42 91
42 94
42 95
42 96
42 98
43 45
43 47
43 48
43 49
43 50
43 53
43 54
43 55
43 58
43 60
43 61
43 65
43 71
43 72
43 74
43 75
43 78
43 80
43 85
43 92
43 93
43 94
43 100
44 47
44 50
44 53
44 54
44 56
44 57
44 59
44 62
44 66
44 67
44 71
44 73
44 77
44 79
44 83
44 85
44 86
44 89
44 90
44 95
44 96
44 97
44 98
44 100
45 48
45 49
45 51
45 52
45 60
45 63
45 65
45 66
45 68
45 69
45 71
45 75
45 76
45 78
45 81
45 82
45 84
45 87
45 88
45 90
45 91
45 98
45 99
45 100
46 48
46 49
46 51
46 54
46 55
46 57
46 58
46 59
46 60
46 63
46 66
46 73
46 76
46 78
46 81
46 82
46 84
46 87
46 90
46 91
46 92
46 93
46 96
46 98
46 100
47 48
47 49
47 51
47 52
47 53
47 54
47 56
47 57
47 59
47 62
47 63
47 64
47 65
47 66
47 68
47 69
47 73
47 78
47 79
47 82
47 83
47 86
47 89
47 90
47 91
47 92
47 93
47 94
47 96
47 98
48 49
48 53
48 54
48 56
48 59
48 60
48 61
48 62
48 63
48 65
48 67
48 69
48 71
48 74
48 75
48 76
48 78
48 80
48 83
48 90
48 91
48 95
48 98
49 50
49 53
49 55
49 57
49 60
49 61
49 68
49 69
49 71
49 72
49 73
49 76
49 79
49 81
49 82
49 86
49 88
49 90
49 92
49 93
49 95
49 96
49 97
49 98
50 51
50 58
50 59
50 60
50 63
50 65
50 70
50 71
50 72
50 75
50 78
50 79
50 80
50 81
50 86
50 87
50 88
50 91
50 93
50 94
50 96
50 98
50 99
50 100
51 52
51 58
51 60
51 62
51 63
51 67
51 73
51 74
51 76
51 79
51 81
51 82
51 85
51 86
51 87
51 88
51 92
51 93
51 95
51 99
52 54
52 57
52 61
52 64
52 68
52 69
52 70
52 72
52 76
52 78
52 80
52 81
52 83
52 84
52 85
52 86
52 90
52 92
52 93
52 99
52 100
53 56
53 58
53 59
53 60
53 61
53 62
53 63
53 70
53 73
53 74
53 75
53 76
53 77
53 78
53 80
53 85
53 87
53 94
53 95
53 96
53 98
53 99
54 55
54 56
54 57
54 62
54 68
54 69
54 71
54 72
54 73
54 74
54 76
54 77
54 78
54 82
54 84
54 87
54 88
54 92
54 93
54 94
54 98
54 99
55 56
55 57
55 59
55 60
55 64
55 65
55 68
55 70
55 74
55 76
55 79
55 80
55 82
55 83
55 84
55 88
55 95
55 96
55 97
55 100
56 58
56 60
56 63
56 65
56 70
56 73
56 74
56 77
56 78
56 82
56 83
56 85
56 86
56 87
56 88
56 89
56 91
56 93
56 94
56 96
56 97
56 99
56 100
57 58
57 60
57 61
57 67
57 68
57 73
57 74
57 76
57 78
57 79
57 81
57 82
57 83
57 85
57 86
57 88
57 89
57 90
57 91
57 94
57 96
57 98
57 99
58 59
58 60
58 61
58 63
58 64
58 65
58 66
58 68
58 69
58 70
58 71
58 72
58 74
58 76
58 77
58 78
58 82
58 86
58 87
58 88
58 90
58 93
58 95
58 98
58 99
58 100
59 62
59 63
59 65
59 67
59 69
59 72
59 74
59 75
59 76
59 79
59 82
59 83
59 87
59 91
59 92
59 93
59 94
59 95
59 98
59 100
60 63
60 67
60 70
60 71
60 74
60 75
60 78
60 80
60 82
60 83
60 86
60 87
60 91
60 93
60 95
60 96
60 97
60 98
60 99
60 100
61 62
61 63
61 65
61 66
61 77
61 81
61 83
61 84
61 85
61 86
61 89
61 90
61 91
61 92
61 93
61 94
62 64
62 65
62 67
62 68
62 74
62 76
62 79
62 80
62 85
62 87
62 88
62 89
62 91
62 94
62 95
62 96
62 97
62 98
62 99
63 66
63 68
63 69
63 70
63 71
63 72
63 73
63 74
63 78
63 80
63 81
63 82
63 83
63 85
63 86
63 91
63 92
63 99
63 100
64 65
64 66
64 67
64 71
64 78
64 79
64 82
64 83
64 88
64 89
64 90
64 91
64 95
64 97
64 100
65 67
65 68
65 69
65 73
65 74
65 75
65 79
65 85
65 88
65 89
65 93
65 95
65 99
65 100
66 67
66 68
66 69
66 72
66 74
66 79
66 81
66 85
66 87
66 88
66 89
66 90
66 92
66 94
66 95
66 98
66 99
67 71
67 74
67 75
67 78
67 81
67 82
67 83
67 85
67 86
67 89
67 90
67 92
67 93
67 96
67 99
68 69
68 70
68 72
68 74
68 75
68 76
68 77
68 80
68 81
68 82
68 84
68 86
68 90
68 97
68 99
69 70
69 71
69 73
69 75
69 76
69 77
69 80
69 86
69 89
69 90
69 91
69 92
69 94
69 96
69 97
69 98
69 99
70 71
70 72
70 73
70 76
70 77
70 78
70 81
70 82
70 83
70 84
70 87
70 89
70 90
70 92
70 93
70 96
71 74
71 83
71 85
71 88
71 89
71 90
71 94
71 96
71 97
71 98
71 99
71 100
72 73
72 75
72 78
72 79
72 82
72 84
72 85
72 90
72 91
72 92
72 97
72 99
72 100
73 75
73 76
73 77
73 78
73 79
73 83
73 85
73 91
73 92
73 93
73 94
73 95
73 100
74 75
74 77
74 79
74 80
74 81
74 83
74 84
74 86
74 87
74 89
74 90
74 95
74 96
74 98
74 99
74 100
75 77
75 82
75 88
75 89
75 90
75 93
75 95
75 96
75 98
75 100
76 78
76 79
76 83
76 89
76 90
76 91
76 93
76 94
76 98
76 99
76 100
77 78
77 79
77 80
77 81
77 82
77 84
77 85
77 87
77 89
77 90
77 93
77 95
77 96
77 97
77 99
77 100
78 79
78 80
78 82
78 83
78 84
78 86
78 87
78 94
79 81
79 82
79 84
79 85
79 87
79 88
79 89
79 93
79 95
80 81
80 83
80 85
80 87
80 88
80 90
80 91
80 93
80 94
80 97
80 98
80 99
81 84
81 86
81 87
81 88
81 89
81 90
81 91
81 92
81 93
81 95
81 96
81 97
81 98
82 85
82 86
82 88
82 90
82 92
82 95
82 96
82 97
82 100
83 84
83 85
83 86
83 89
83 90
83 91
83 92
83 93
83 95
83 98
83 99
84 85
84 87
84 90
84 91
84 92
84 93
84 94
84 95
84 96
84 100
85 86
85 88
85 91
85 92
85 93
85 95
86 88
86 89
86 90
86 91
86 93
86 96
86 99
87 88
87 92
87 93
87 94
87 95
87 96
87 97
87 100
88 90
88 91
88 97
88 99
88 100
89 90
89 91
89 93
89 94
89 96
90 91
90 92
90 93
90 94
90 97
90 100
91 93
91 94
91 95
91 97
91 98
91 100
92 94
92 95
92 96
92 100
93 95
93 96
94 95
94 96
94 98
94 100
95 100
96 99
96 100
97 99
98 99
98 100
99 100
0 0 1 0 0 0 0 1 0 1 0 0 0 0 1 1 1 0 1 1 0 1 1 1 0 1 1 1 0 0 0 1 1 1 0 0 1 1 1 0 1 1 0 0 0 1 0 1 0 1 1 0 0 0 0 0 0 1 0 0 1 0 0 0 0 0 1 1 0 1 0 1 0 0 0 0 0 0 0 1 1 1 1 0 0 1 1 0 0 1 0 0 0 1 1 1 1 1 0 0 
0 0 1 0 0 0 1 1 0 0 0 1 0 0 0 0 1 0 0 1 0 1 1 0 0 1 1 0 1 0 0 0 0 1 1 0 1 0 0 1 0 0 0 0 1 1 1 0 1 1 0 1 1 1 0 0 0 1 1 0 0 0 0 0 0 0 1 1 0 1 0 1 0 1 0 1 0 0 0 0 0 0 1 1 0 0 1 0 1 1 0 1 1 0 0 1 1 0 1 1 
1 1 0 0 1 0 1 0 0 1 1 0 1 1 1 0 1 0 0 1 0 1 1 1 1 1 0 0 1 1 1 0 0 0 1 1 1 1 0 1 1 1 0 0 0 0 0 0 1 1 1 1 1 0 0 1 1 1 1 0 0 1 1 1 1 1 1 1 0 0 0 0 0 1 1 1 0 1 1 0 0 1 0 0 1 0 0 1 1 0 1 1 1 1 0 0 0 0 1 0 
0 0 0 0 1 0 0 1 1 0 0 1 0 1 0 1 1 1 0 1 0 0 1 0 0 1 0 1 0 0 1 0 0 1 1 1 1 0 1 0 1 0 1 1 0 1 0 1 0 1 1 0 0 1 1 0 1 1 0 1 0 0 1 1 0 1 1 0 0 1 0 0 1 1 0 1 1 0 1 1 1 1 1 1 0 1 0 1 0 1 1 0 0 1 0 0 0 1 0 1 
0 0 1 1 0 0 0 1 0 1 0 1 1 1 0 0 0 1 1 1 0 0 0 0 1 0 1 0 1 1 1 0 1 0 1 1 0 1 0 1 1 1 1 1 1 1 0 1 1 0 1 1 0 0 0 0 1 1 1 1 0 1 1 0 1 1 0 0 1 1 0 1 0 0 1 1 1 0 0 1 1 0 1 1 1 1 0 1 1 1 1 0 1 0 0 0 0 0 0 1 
0 0 0 0 0 0 1 0 0 1 0 0 1 0 0 1 0 0 1 1 0 0 0 0 0 1 0 0 0 0 0 1 0 0 0 1 1 0 0 0 0 1 1 1 0 0 1 1 0 0 0 1 1 1 0 1 0 0 0 0 0 1 0 0 0 1 1 1 1 1 0 0 0 0 1 0 0 0 0 0 0 1 1 1 0 1 0 1 0 1 1 1 0 1 1 0 0 1 1 0 
0 1 1 0 0 1 0 1 0 1 1 0 1 1 1 1 1 0 1 0 1 0 1 1 1 0 0 1 0 1 0 0 1 0 1 1 0 0 1 0 0 0 0 1 1 1 0 0 1 0 0 1 0 0 1 0 1 1 1 1 0 0 0 1 0 1 0 0 1 1 1 0 0 1 0 0 1 1 1 0 0 1 1 0 0 0 0 1 0 1 0 0 1 1 0 0 1 0 1 1 
1 1 0 1 1 0 1 0 1 0 1 1 0 0 0 1 0 1 1 1 0 1 1 0 1 0 0 0 0 1 1 1 1 1 0 0 1 1 0 1 1 0 1 1 0 1 1 1 1 1 1 0 0 1 1 1 0 0 1 1 1 1 0 1 0 1 0 1 0 0 0 1 1 0 1 0 0 1 1 0 0 0 1 1 1 1 0 1 1 0 0 0 0 0 1 1 0 0 1 0 
0 0 0 1 0 0 0 1 0 0 1 0 0 0 1 0 0 1 0 0 1 0 0 0 0 0 0 0 0 1 0 1 0 0 1 0 1 1 0 0 1 0 1 1 0 0 0 0 1 1 1 1 1 0 0 0 0 1 0 0 0 1 1 1 0 0 0 0 1 1 1 0 0 1 1 1 1 1 1 0 0 1 0 1 1 0 1 1 0 0 1 1 1 1 0 1 1 1 1 1 
1 0 1 0 1 1 1 0 0 0 1 1 1 0 0 0 1 0 1 1 1 0 1 1 1 1 1 1 1 1 0 0 1 0 0 1 1 1 0 1 1 1 1 1 0 1 1 0 1 0 1 0 0 1 0 0 1 1 1 0 1 1 0 1 0 0 1 0 1 1 1 1 0 1 0 1 0 1 0 1 1 0 0 0 1 0 0 0 0 0 1 1 0 1 1 0 1 0 1 1 
0 0 1 0 0 0 1 1 1 1 0 0 1 0 1 1 0 1 1 0 0 0 1 0 0 1 0 1 0 0 1 0 1 1 0 0 1 1 1 0 0 0 0 0 1 0 1 1 0 1 0 1 1 1 0 0 1 1 0 1 1 1 1 1 1 1 0 0 1 0 1 0 1 1 0 0 0 1 1 0 0 1 1 0 1 1 1 0 0 0 1 0 0 0 1 0 1 0 1 0 
0 1 0 1 1 0 0 1 0 1 0 0 1 1 0 1 1 0 0 1 0 1 1 1 0 1 0 0 1 0 0 1 0 1 0 1 1 0 0 0 0 1 1 0 0 1 0 1 1 1 1 1 0 1 0 1 1 1 0 0 0 1 0 1 1 0 0 1 1 0 1 0 1 1 1 1 0 1 0 0 0 1 1 0 1 1 0 0 1 1 1 0 1 0 0 0 0 0 1 1 
0 0 1 0 1 1 1 0 0 1 1 1 0 1 1 0 0 0 0 0 1 0 0 1 0 1 0 0 1 0 1 1 0 0 1 0 0 1 0 0 0 1 0 1 0 1 1 1 1 0 1 0 1 1 0 0 1 0 0 1 1 0 0 0 1 0 1 1 0 1 0 0 1 0 0 1 1 0 0 0 0 0 1 0 1 1 1 0 1 1 1 0 1 0 0 0 1 1 1 1 
0 0 1 1 1 0 1 0 0 0 0 1 1 0 1 0 0 0 0 1 0 1 0 0 0 1 0 1 0 0 0 1 0 0 1 1 1 1 0 0 0 1 1 1 1 0 1 0 0 1 0 0 1 0 1 1 0 1 0 0 1 0 0 1 0 1 0 0 1 1 0 1 0 1 1 0 0 1 1 1 1 1 0 1 0 0 1 1 0 1 0 0 0 1 0 1 1 0 1 1 
1 0 1 0 0 0 1 0 1 0 1 0 1 1 0 1 1 1 1 0 1 0 1 0 0 0 1 0 1 0 0 0 0 0 1 0 0 1 0 0 0 0 1 1 1 0 1 0 0 1 1 0 1 1 0 0 1 1 0 1 0 1 0 0 0 0 0 0 0 0 0 1 0 1 0 0 0 1 0 1 1 1 1 1 0 0 0 1 0 0 1 1 0 0 1 1 0 0 0 0 
1 0 0 1 0 1 1 1 0 0 1 1 0 0 1 0 0 1 0 0 0 1 0 0 0 1 0 0 1 1 0 1 1 0 1 1 0 0 1 0 1 1 0 0 0 1 1 0 1 0 1 0 0 1 0 0 1 0 1 0 0 0 1 1 1 0 0 1 0 0 0 1 1 1 1 0 1 0 0 1 0 1 1 0 0 1 1 1 0 0 1 0 0 0 0 1 1 1 0 0 
1 1 1 1 0 0 1 0 0 1 0 1 0 0 1 0 0 1 0 1 0 0 0 1 0 0 1 0 0 0 0 0 0 0 1 1 0 0 1 1 1 0 0 0 0 0 1 0 1 0 0 1 1 0 1 1 1 0 0 0 1 0 0 1 0 0 1 1 1 0 0 0 0 0 1 1 1 1 1 0 0 1 0 1 1 1 0 0 0 1 1 1 0 1 1 0 0 1 1 1 
0 0 0 1 1 0 0 1 1 0 1 0 0 0 1 1 1 0 1 0 1 1 0 1 1 0 1 0 0 0 1 1 0 0 0 1 1 1 1 0 1 0 0 1 1 1 1 0 1 1 0 0 0 0 1 0 0 1 0 1 1 1 1 0 1 0 1 0 1 0 0 0 1 1 1 0 0 1 1 1 0 1 1 1 0 0 1 0 1 0 1 1 1 1 1 1 1 0 0 0 
1 0 0 0 1 1 1 1 0 1 1 0 0 0 1 0 0 1 0 0 1 0 0 1 1 0 1 0 1 1 1 0 0 1 1 0 1 1 0 0 1 0 0 1 0 1 0 0 1 0 1 1 1 0 1 0 1 0 0 1 0 0 0 1 0 0 1 0 0 0 1 1 1 1 1 0 1 0 0 1 1 1 1 0 1 0 0 0 1 0 0 1 1 0 0 0 0 0 0 0 
1 1 1 1 1 1 0 1 0 1 0 1 0 1 0 0 1 0 0 0 0 1 1 0 1 1 0 0 0 0 0 1 0 1 1 1 1 0 1 1 0 1 1 0 1 0 0 0 1 0 1 1 1 0 0 0 0 1 1 1 0 1 1 1 0 1 0 1 1 1 0 0 1 1 0 0 0 0 0 0 0 0 0 0 1 1 1 1 1 0 0 1 1 1 0 1 0 1 0 1 
0 0 0 0 0 0 1 0 1 1 0 0 1 0 1 0 0 1 1 0 0 1 0 1 1 0 1 1 0 0 0 0 0 0 0 1 1 0 1 0 1 0 1 0 0 1 1 0 1 1 1 0 0 0 0 0 0 0 0 0 1 0 1 1 1 1 1 1 0 1 1 1 1 1 0 1 1 0 1 0 1 1 1 1 0 0 0 0 0 1 1 1 0 0 0 1 1 1 0 1 
1 1 1 0 0 0 0 1 0 0 0 1 0 1 0 1 0 1 0 1 1 0 1 1 1 0 0 1 1 0 0 1 0 0 1 0 1 0 1 0 1 1 0 0 0 0 1 0 0 0 0 0 1 0 1 1 0 1 1 1 1 0 1 0 0 1 1 1 0 1 1 0 0 0 1 1 1 1 0 0 0 0 0 0 0 0 0 0 0 0 1 1 1 1 0 0 1 1 1 0 
1 1 1 1 0 0 1 1 0 1 1 1 0 0 1 0 0 0 0 1 0 1 0 0 1 1 0 0 1 0 1 0 1 1 0 0 1 0 1 0 0 0 1 0 1 1 1 1 0 1 0 0 1 1 0 1 0 1 0 1 0 1 0 1 0 0 0 1 1 1 1 1 0 1 0 0 1 0 0 0 0 1 0 0 1 1 0 1 0 1 1 0 0 1 1 1 0 0 0 1 
1 0 1 0 0 0 1 0 0 1 0 1 1 0 0 0 1 1 1 0 1 1 0 0 0 1 0 0 0 0 0 0 0 1 1 0 0 1 1 0 0 0 0 1 1 1 0 0 1 1 1 0 0 1 0 0 1 1 1 1 0 0 0 1 0 1 0 1 0 1 1 1 1 0 1 0 1 1 0 1 0 0 0 0 0 0 1 0 1 1 0 1 1 0 1 1 0 0 0 1 
0 0 1 0 1 0 1 1 0 1 0 0 0 0 0 0 0 1 1 1 1 1 1 0 0 1 1 1 1 0 1 1 0 0 1 1 0 1 1 0 0 0 0 1 1 1 1 1 1 0 0 0 1 1 0 0 1 1 0 0 0 1 1 0 1 1 1 0 0 1 1 1 0 0 1 0 1 1 1 0 1 0 0 1 0 0 0 1 0 0 0 1 0 0 1 1 1 0 0 0 
1 1 1 1 0 1 0 0 0 1 1 1 1 1 0 1 0 0 0 1 0 0 1 1 1 0 1 1 0 1 1 1 0 0 1 0 0 1 0 0 0 1 1 0 1 1 1 0 0 1 1 0 0 0 1 0 0 1 1 0 1 0 0 0 0 0 1 1 0 0 1 1 1 0 1 0 1 0 0 1 0 0 0 1 1 1 1 1 1 1 0 0 0 1 1 0 0 1 1 0 
1 1 0 0 1 0 0 0 0 1 0 0 0 0 1 0 1 1 1 0 1 0 0 0 1 1 0 1 1 0 1 1 0 1 1 1 0 0 1 1 0 1 1 1 0 0 1 0 1 0 0 1 1 1 0 0 0 1 1 0 1 0 1 0 0 0 1 0 0 1 0 1 0 1 1 0 1 1 0 1 0 1 1 1 0 0 0 0 1 1 1 0 0 0 0 0 0 1 1 0 
1 0 0 1 0 0 1 0 0 1 1 0 0 1 0 0 0 0 0 0 1 1 0 0 1 1 1 0 0 1 0 0 1 1 1 0 1 0 0 1 1 0 0 0 1 1 0 0 0 0 1 0 0 1 1 1 0 1 1 1 0 0 0 1 1 1 1 0 1 1 1 0 1 1 0 1 1 0 0 0 1 0 1 0 0 1 1 0 1 0 0 0 1 0 1 1 0 0 0 0 
0 1 1 0 1 0 0 0 0 1 0 1 1 0 1 1 0 0 1 0 0 1 1 0 1 0 1 0 0 0 0 1 0 0 1 0 1 1 1 0 1 1 1 0 1 0 0 0 0 1 1 0 0 1 0 0 0 0 0 1 0 0 1 1 0 0 1 0 1 0 1 0 1 1 0 1 1 1 0 0 1 0 0 0 0 1 0 1 0 1 0 0 1 0 0 0 1 0 1 1 
0 0 1 0 1 0 1 1 1 1 0 0 0 0 0 1 0 0 1 0 0 0 0 0 0 1 0 1 0 0 1 1 0 1 0 1 0 1 0 1 0 0 0 1 1 1 1 1 0 1 0 1 0 0 0 0 0 1 1 0 1 0 1 1 1 0 0 0 0 1 0 1 0 1 0 0 1 0 1 1 1 0 1 0 0 1 1 1 1 1 0 0 0 0 1 0 0 0 0 1 
0 0 1 1 1 0 0 1 0 0 1 0 1 0 0 0 0 1 1 0 0 0 1 0 1 1 1 0 0 1 0 0 1 1 1 1 1 0 0 1 0 1 0 0 1 1 0 1 0 1 1 0 0 0 0 1 1 1 1 1 1 1 0 0 0 0 1 0 0 0 1 1 1 0 0 0 0 1 0 1 1 0 0 0 1 1 1 0 0 0 0 1 1 1 0 0 0 0 0 1 
1 0 0 0 0 1 0 1 1 0 0 1 1 1 0 1 0 1 0 1 0 1 0 0 1 1 1 0 1 1 0 0 1 1 1 1 0 1 0 1 1 1 0 0 0 1 0 0 1 1 0 0 0 0 1 1 0 0 0 1 0 0 1 1 1 0 1 1 0 1 0 1 1 0 1 1 1 0 0 0 1 0 0 0 0 1 0 0 1 0 1 0 0 1 0 0 0 1 0 1 
1 0 0 0 1 0 1 1 0 1 1 0 0 0 0 1 0 0 0 0 0 0 1 0 0 0 0 1 0 0 1 1 0 0 0 1 1 0 1 0 1 1 0 1 0 1 1 1 0 1 1 0 0 1 0 1 0 1 1 1 0 0 1 0 0 1 0 0 0 0 0 1 1 0 0 1 0 0 1 1 0 0 0 0 1 0 0 0 0 1 0 1 0 0 1 1 0 1 0 0 
1 1 0 1 0 0 0 1 0 0 1 1 0 0 0 0 0 0 1 1 0 0 1 1 0 0 1 1 0 1 1 1 0 0 0 0 1 0 1 0 0 0 0 0 0 1 0 1 0 0 0 1 0 0 0 0 0 0 1 1 0 1 1 1 0 0 1 0 0 0 0 1 0 1 1 0 0 1 0 1 0 1 0 0 0 0 0 0 0 1 1 1 0 1 1 1 0 0 0 0 
0 1 1 1 1 0 1 0 1 0 0 0 1 1 1 1 1 0 1 1 0 1 0 1 1 1 1 1 1 0 1 1 0 0 0 0 1 0 1 1 0 0 1 1 0 1 0 0 1 0 1 1 0 1 0 1 1 1 0 1 0 1 1 0 1 0 1 0 0 0 0 1 1 1 1 0 1 1 0 0 1 1 0 0 0 0 0 0 0 1 1 1 1 1 1 1 0 0 0 1 
0 0 1 1 1 1 1 0 0 1 0 1 0 1 0 1 1 1 0 1 1 0 0 0 1 0 1 0 0 1 1 1 1 0 0 0 1 0 0 0 0 1 1 0 1 0 1 1 0 1 1 0 1 1 1 1 1 0 1 0 0 0 0 0 1 1 1 1 0 1 1 1 0 0 1 0 0 0 0 0 1 0 0 0 0 0 1 1 0 0 1 1 1 1 1 0 0 1 0 0 
1 1 1 1 0 1 0 1 1 1 1 1 0 1 0 0 0 1 1 1 1 1 1 0 0 0 0 1 1 0 1 0 1 1 1 1 0 1 0 1 1 1 0 0 0 0 1 0 1 1 0 0 1 0 0 1 1 0 0 0 1 0 1 1 0 0 0 0 0 0 0 0 1 0 0 1 0 1 1 1 0 1 1 0 0 1 1 1 0 0 1 1 1 0 1 1 0 0 1 1 
1 0 1 0 1 0 0 1 1 1 1 0 1 1 1 0 0 1 1 0 0 0 0 1 1 1 0 0 1 1 0 1 0 0 0 0 1 0 1 1 1 1 1 1 0 0 1 0 1 1 1 1 0 1 0 0 1 0 0 0 1 1 0 1 0 1 1 1 1 1 1 1 1 1 0 0 1 1 0 1 1 0 0 0 0 1 1 1 0 0 0 1 1 1 1 1 0 0 0 0 
1 0 0 1 0 0 1 0 0 0 1 0 0 0 0 1 1 1 0 1 1 1 1 1 1 0 1 0 1 0 0 0 1 1 1 0 0 1 0 0 0 0 1 1 1 0 1 0 1 0 0 0 0 1 0 1 0 1 0 1 1 0 0 0 0 1 1 0 0 1 1 1 0 1 1 0 0 0 1 1 1 0 1 1 0 1 1 1 1 1 1 0 1 0 0 1 0 1 1 1 
0 1 1 0 1 0 0 1 0 1 0 0 0 0 0 0 1 0 0 1 0 0 0 0 0 0 1 1 0 1 1 1 0 0 1 0 1 1 0 0 1 0 0 1 1 1 1 0 0 1 1 1 0 1 0 0 0 0 1 0 0 0 1 0 0 1 0 0 1 1 0 1 0 0 1 1 0 0 0 0 1 0 0 1 0 0 1 1 0 1 1 0 0 1 1 0 1 0 0 1 
1 0 1 1 1 0 0 1 1 1 0 0 0 0 0 1 1 1 1 0 1 1 0 0 0 0 0 1 1 0 0 1 1 0 0 0 1 1 0 1 0 1 1 0 0 0 1 1 0 1 0 1 0 0 1 1 0 1 1 1 1 1 1 1 1 1 1 1 0 0 0 1 0 0 0 0 1 1 0 0 0 1 1 1 0 0 1 0 1 1 1 0 1 1 1 0 1 0 0 1 
1 0 1 0 1 1 0 0 0 1 0 1 1 1 0 1 0 0 0 1 0 1 0 0 0 1 1 0 1 0 1 1 1 0 0 1 1 1 0 0 1 0 1 1 0 0 1 1 0 0 0 0 0 0 1 0 1 0 0 0 1 1 0 0 1 1 0 0 1 0 0 0 1 0 0 1 0 1 0 1 1 0 0 0 1 1 0 0 1 1 1 0 0 1 1 1 0 1 0 0 
0 0 0 1 1 1 0 1 1 1 0 1 0 1 1 0 0 0 0 1 1 0 1 0 0 1 1 0 1 0 0 0 0 0 1 1 0 1 1 0 1 1 0 0 1 0 1 1 1 1 0 0 1 1 1 0 0 1 0 1 1 0 0 0 1 0 0 0 0 0 1 1 0 1 1 0 0 1 0 1 0 0 0 0 1 0 0 0 0 0 0 1 1 1 0 0 0 0 0 1 
0 0 0 1 1 1 1 1 1 1 0 0 1 1 1 0 0 1 1 0 0 0 0 1 1 0 1 0 0 1 0 0 1 0 1 0 0 1 1 1 0 1 0 0 0 0 1 0 0 1 0 0 1 1 0 1 1 0 1 0 0 1 0 0 0 1 1 0 0 0 1 0 1 0 0 0 1 0 1 0 0 0 1 0 1 1 0 0 1 1 0 0 0 0 1 1 1 1 0 1 
0 1 0 0 1 0 1 0 0 0 1 0 0 1 1 0 0 1 0 1 0 0 1 1 1 1 0 1 1 1 1 0 0 0 0 1 0 0 1 1 0 0 1 0 0 0 0 1 1 0 1 1 0 0 0 0 0 0 0 1 0 0 1 0 1 1 0 1 1 0 1 0 0 0 1 1 0 1 0 0 1 1 0 1 0 0 1 1 0 1 1 0 0 0 0 0 0 1 1 1 
1 1 0 1 1 0 1 1 0 1 0 1 1 0 0 1 0 1 1 0 1 0 1 1 1 1 0 1 0 1 1 1 1 1 1 0 0 0 0 1 0 0 0 0 0 0 0 1 1 0 1 0 0 1 1 0 1 1 1 1 0 0 1 0 0 1 0 0 0 0 0 0 1 0 0 1 0 1 0 0 1 1 0 1 0 0 1 0 0 1 1 1 1 0 0 1 0 1 0 1 
0 1 0 0 0 1 0 1 0 1 1 0 1 1 1 1 1 1 0 0 1 1 1 0 1 1 1 0 0 1 0 0 1 0 0 1 1 1 1 1 1 1 1 1 0 0 0 1 1 0 1 1 1 1 0 1 1 0 1 0 0 1 1 1 1 1 0 1 1 0 0 0 1 0 0 0 0 1 1 0 0 1 1 0 0 1 0 0 1 1 1 1 1 1 0 1 0 1 0 0 
1 0 0 1 1 1 0 1 0 0 1 1 1 0 0 0 0 0 0 0 0 0 1 0 1 0 0 0 0 1 1 0 1 1 0 1 0 0 0 0 1 1 1 0 1 1 1 0 1 0 0 0 1 1 0 1 0 0 1 1 1 1 1 0 1 0 1 0 1 0 1 0 0 1 1 1 0 1 0 1 0 0 1 0 0 0 0 0 0 1 1 0 0 0 1 0 0 1 0 0 
0 1 1 0 1 0 1 1 1 1 0 1 1 0 0 1 1 1 1 1 1 0 0 1 1 0 1 0 0 0 0 1 0 0 1 0 1 1 1 0 0 0 1 0 1 1 1 1 0 1 0 0 1 0 1 0 1 0 0 1 1 0 0 0 0 0 0 1 1 0 1 1 1 0 0 1 0 0 1 0 1 1 0 0 0 1 0 1 0 1 0 1 1 0 1 1 1 1 0 0 
1 1 1 1 0 0 0 1 1 0 1 1 0 1 1 0 0 1 0 0 1 0 1 1 0 1 0 0 1 1 1 1 1 0 0 1 1 1 0 1 1 0 1 1 0 0 0 0 1 0 1 0 0 0 0 0 0 1 1 1 0 0 1 0 1 0 0 0 0 1 1 1 0 0 1 0 0 1 1 1 1 0 0 0 0 1 1 1 0 0 1 0 1 1 0 1 0 1 1 1 
1 0 1 1 1 0 0 1 1 1 0 1 1 0 1 1 0 0 1 1 1 0 0 1 0 1 0 1 1 0 1 0 1 0 1 1 0 1 0 1 0 0 0 0 1 1 1 0 0 1 0 1 0 0 0 0 0 1 0 1 0 1 1 0 0 0 1 0 0 0 0 0 1 1 0 1 0 0 1 0 1 1 0 0 1 1 1 1 0 0 0 1 1 0 1 0 0 0 1 0 
0 1 1 0 1 1 1 0 1 0 1 1 0 0 0 0 1 0 1 1 0 0 0 0 0 0 1 0 0 1 0 0 0 1 1 0 0 1 0 1 1 0 0 0 1 0 1 0 0 0 1 0 0 1 0 0 1 0 0 0 1 0 0 1 0 0 0 1 1 1 0 1 0 0 0 1 0 1 0 1 1 0 1 1 1 1 0 0 0 1 0 1 1 0 0 0 0 0 1 1 
0 1 1 0 0 1 0 0 1 0 1 0 1 1 1 0 1 0 1 1 0 1 1 0 1 0 1 0 0 0 0 0 0 0 0 1 1 0 0 0 0 0 1 1 0 0 1 1 1 0 0 0 0 0 0 1 0 1 1 1 1 1 1 0 0 0 0 0 0 1 0 0 1 1 1 1 1 1 0 1 0 0 0 0 1 0 1 0 0 0 0 0 0 1 1 1 0 1 1 0 
0 1 0 1 0 1 0 1 0 1 1 1 1 0 1 1 0 0 0 0 0 0 1 1 1 0 1 1 1 0 0 0 1 0 1 1 0 1 1 1 0 0 1 1 0 1 1 1 0 0 0 1 0 0 1 1 1 0 0 0 0 1 0 0 0 0 0 1 1 0 1 1 1 1 0 1 1 1 0 0 0 1 0 1 0 0 1 1 0 0 0 1 1 1 0 0 0 1 1 0 
0 0 0 1 0 0 1 1 0 0 0 0 0 1 0 0 1 1 1 0 0 1 0 0 0 1 0 1 0 0 0 1 0 0 0 1 0 0 0 0 1 1 1 0 0 1 0 0 1 0 0 0 0 1 0 1 1 0 1 1 0 0 0 1 1 0 0 1 0 1 0 0 0 1 0 1 0 0 1 1 0 1 1 1 0 0 0 1 0 0 0 0 0 0 1 1 1 0 0 1 
0 0 1 0 0 1 0 1 0 0 0 1 0 1 0 0 1 0 0 0 0 1 1 0 0 0 0 1 0 0 1 1 1 0 1 1 1 0 1 0 1 0 0 1 0 0 1 1 0 0 0 0 1 1 1 0 0 1 0 1 0 0 1 0 1 0 0 0 0 1 0 0 1 1 0 0 1 1 0 0 0 1 1 0 1 1 1 1 1 0 1 0 1 1 0 1 1 0 1 1 
0 0 1 1 1 0 1 0 0 1 1 1 1 0 1 1 1 0 1 0 0 0 0 1 1 0 0 0 0 0 1 0 0 0 1 1 1 1 0 0 0 1 0 1 0 1 1 0 1 0 0 1 0 1 1 0 0 1 0 1 1 0 0 0 0 0 1 1 0 0 0 0 1 1 0 1 0 1 1 0 1 1 1 0 1 1 0 1 1 1 1 0 0 1 0 1 0 1 1 0 
1 1 1 1 1 0 1 0 1 1 1 1 0 1 1 0 0 1 0 1 0 1 1 1 1 1 1 1 0 1 1 0 1 0 1 0 0 0 1 0 1 0 1 0 0 1 0 0 0 1 1 0 1 0 0 1 1 0 1 1 1 0 1 1 1 1 0 1 1 1 1 1 0 1 0 1 1 1 0 0 0 1 0 0 0 1 1 1 0 1 0 0 1 0 1 0 0 1 1 1 
0 1 1 0 1 0 1 1 0 1 0 0 0 0 0 1 0 0 0 1 0 1 0 1 0 1 1 1 0 1 1 0 1 1 0 1 0 0 0 1 1 0 0 1 0 1 1 1 0 1 0 0 1 0 1 0 0 1 0 0 0 1 1 0 1 0 1 0 1 0 0 1 0 1 1 1 0 0 1 0 0 1 1 0 0 0 1 0 0 0 1 1 1 1 1 0 0 1 0 1 
0 0 0 1 1 0 1 1 0 0 1 0 1 0 1 0 0 1 1 1 0 1 1 1 0 0 0 1 1 0 1 1 1 1 1 0 0 0 1 0 1 0 1 0 1 1 0 1 1 1 1 0 1 0 1 1 1 1 0 0 0 0 1 0 0 0 1 0 0 1 1 0 0 1 1 0 0 1 0 1 0 1 1 0 0 1 1 0 0 0 1 0 1 0 1 1 1 1 1 1 
1 0 0 0 0 0 0 1 0 1 1 0 1 1 0 0 1 1 0 0 1 1 0 0 0 1 1 0 0 1 1 0 0 0 0 0 1 1 1 0 1 1 1 0 0 0 0 1 1 0 0 1 1 0 0 0 1 1 0 0 0 1 1 0 1 1 0 0 0 0 0 0 0 0 0 0 1 0 0 0 1 0 1 1 1 1 0 0 1 1 1 1 1 1 0 0 0 0 0 0 
0 0 1 0 1 1 0 1 1 1 1 1 0 0 1 0 0 1 0 1 0 0 1 0 1 0 0 0 0 0 1 0 0 1 1 0 0 1 0 0 1 1 0 1 0 0 1 1 0 0 1 0 1 1 0 0 0 0 1 0 1 0 0 1 1 0 1 1 0 0 0 0 0 1 0 1 0 0 1 1 0 0 0 0 1 0 1 1 1 0 1 0 0 1 1 1 1 1 1 0 
0 0 1 1 1 0 0 0 1 0 1 0 0 0 0 1 0 1 0 1 1 1 0 0 1 0 1 0 1 1 0 1 1 1 1 0 1 0 0 1 1 0 0 0 1 1 1 1 0 1 1 0 1 0 0 1 0 1 1 1 1 0 0 0 0 1 0 1 1 1 1 1 1 1 0 0 0 1 0 1 1 1 1 0 1 1 0 0 0 0 1 1 0 0 0 0 0 0 1 1 
0 0 1 1 0 0 1 1 1 1 1 1 0 1 0 1 1 0 1 1 1 0 1 1 0 0 0 1 1 1 0 1 0 1 0 0 1 1 0 0 1 0 0 0 0 0 1 0 0 0 0 1 0 0 1 0 0 1 0 0 0 1 0 0 1 1 1 0 0 0 1 0 0 0 0 0 0 1 1 0 0 1 1 0 0 0 0 1 1 1 1 0 0 0 1 0 1 0 0 1 
0 0 1 0 1 0 0 0 0 0 1 1 1 0 0 1 0 1 0 0 1 0 0 0 1 0 0 1 0 1 0 1 0 0 1 1 0 0 0 0 1 1 1 0 1 0 1 1 0 1 0 0 0 0 1 1 0 1 1 0 1 1 0 1 0 0 1 1 1 0 0 0 1 1 1 0 0 0 1 0 0 0 0 0 1 0 0 1 1 0 0 0 1 0 1 0 0 0 1 1 
0 0 1 1 1 1 1 1 0 0 1 0 0 1 0 0 0 0 0 1 1 1 0 1 1 0 0 1 0 0 0 0 1 0 0 1 0 1 1 1 1 1 0 1 1 1 1 0 0 0 0 0 0 0 0 0 0 1 0 0 1 0 1 1 0 0 1 1 1 0 0 1 0 1 0 0 0 0 1 0 1 0 0 0 1 0 1 1 1 1 0 1 0 1 1 0 0 1 1 0 
1 1 1 1 0 1 0 0 0 1 0 0 1 0 0 0 1 1 1 0 1 1 0 0 1 1 1 1 1 0 1 1 0 1 1 1 0 1 1 0 1 0 0 1 0 0 0 1 0 0 1 0 0 0 0 0 1 0 1 1 0 1 0 1 1 1 0 0 0 0 1 0 0 1 1 0 0 1 0 0 1 1 1 0 1 1 0 0 1 1 0 1 1 0 0 1 0 0 1 0 
1 1 1 0 0 1 0 1 0 0 0 1 1 0 0 1 1 0 0 1 1 1 1 1 0 1 0 0 0 0 0 1 0 0 0 1 0 1 0 0 1 0 0 0 1 0 1 0 1 0 0 1 0 1 1 0 1 1 0 0 0 1 1 0 1 1 0 0 1 1 0 1 0 1 1 1 1 0 0 1 1 1 0 1 0 1 0 0 0 1 0 0 0 0 0 0 1 0 1 0 
0 0 0 0 1 1 1 0 1 1 1 1 0 1 0 0 1 1 0 1 0 0 1 0 0 0 0 1 1 0 0 0 0 0 0 0 0 1 0 1 0 1 0 0 1 0 1 1 1 0 0 1 0 1 0 0 0 1 1 0 0 0 1 0 1 1 0 1 0 1 1 0 1 0 1 1 1 0 0 1 0 0 0 0 0 1 0 0 1 1 1 1 0 1 0 1 1 1 1 0 
1 1 0 1 1 1 1 0 1 1 0 0 1 1 0 0 0 0 0 1 1 1 1 1 1 0 1 1 0 1 0 1 0 0 0 1 0 1 1 1 0 0 0 0 0 0 0 0 0 1 0 1 1 0 1 1 0 1 0 1 0 0 1 0 0 0 0 1 1 0 1 1 1 0 0 1 1 1 0 0 1 1 1 1 0 0 1 0 1 1 0 1 1 0 0 1 0 0 0 0 
0 0 0 0 0 0 1 0 1 1 1 1 0 0 0 0 0 0 1 0 1 1 1 1 1 1 0 1 1 0 1 0 0 0 0 1 0 1 1 0 0 0 1 1 1 0 0 1 1 1 0 0 0 1 0 0 0 1 0 1 0 0 1 1 0 0 1 0 1 1 0 0 0 1 0 0 0 0 0 0 0 0 1 0 1 0 0 1 1 1 0 0 0 1 0 1 1 1 1 1 
1 1 0 0 1 0 0 1 0 1 0 0 0 1 1 1 0 0 1 0 1 0 1 1 1 1 1 0 0 1 1 1 1 1 1 1 0 1 1 1 1 0 1 0 0 0 0 0 1 1 0 1 0 1 0 0 0 1 1 0 0 0 1 0 0 1 0 1 0 1 0 0 1 0 1 0 0 1 1 0 0 1 0 1 1 0 0 0 0 1 1 1 0 0 0 0 1 0 1 1 
0 0 0 1 0 0 0 1 0 0 1 1 1 0 0 1 0 1 1 1 1 0 0 1 0 1 0 1 1 0 1 1 1 0 1 0 1 1 0 0 0 1 0 1 0 1 1 0 1 0 1 0 1 1 0 1 1 0 0 0 0 0 1 0 1 0 0 0 1 1 0 1 0 0 1 1 1 1 1 0 0 0 1 0 1 0 0 0 0 0 1 1 1 1 1 0 0 0 0 1 
0 1 1 1 0 0 1 0 1 1 1 1 0 1 1 1 0 1 1 1 1 0 1 0 0 0 1 1 1 1 0 0 0 1 1 0 0 1 1 0 0 0 1 0 0 0 0 1 0 0 1 0 1 1 1 1 1 1 1 1 0 1 1 0 1 1 1 1 0 0 1 0 0 0 1 0 1 0 1 1 1 0 1 1 0 1 1 0 1 1 0 0 0 0 1 1 0 1 1 1 
0 0 1 0 1 1 0 1 1 0 0 1 0 1 0 1 1 1 1 0 0 1 0 1 1 1 1 0 0 0 0 1 0 1 1 1 0 0 1 1 0 0 1 0 1 0 0 1 0 1 0 0 1 0 0 0 0 0 1 1 0 0 0 0 1 0 1 1 1 0 0 1 1 1 0 0 1 0 0 0 0 1 0 0 0 0 0 1 1 1 0 0 1 0 1 1 0 1 0 1 
0 1 1 1 1 0 0 0 1 1 0 1 1 0 0 0 1 0 0 0 1 1 0 0 0 0 0 1 1 0 0 1 1 0 0 0 1 0 0 1 0 1 0 0 1 1 0 1 1 0 1 1 1 1 1 0 1 1 1 0 0 1 0 0 0 0 0 1 1 1 0 0 1 0 0 0 0 1 1 0 0 0 1 0 0 0 0 0 1 1 1 0 1 1 0 0 0 1 1 1 
0 0 0 1 1 0 1 0 1 0 0 0 1 0 0 1 1 0 1 0 1 1 1 1 1 1 1 1 1 1 0 1 0 0 1 0 0 1 0 0 1 0 0 1 0 0 0 0 0 0 0 0 1 1 0 1 0 1 0 0 1 0 0 0 0 0 0 1 1 1 0 0 1 1 1 0 0 1 1 1 1 1 0 1 1 0 1 0 1 1 0 0 1 0 1 1 1 0 1 1 
0 0 1 0 0 0 1 1 1 1 1 1 0 1 1 0 1 1 0 0 0 1 0 1 1 0 1 0 1 0 1 0 0 1 1 0 1 1 0 0 1 1 1 0 1 1 1 1 0 1 0 1 1 1 0 1 1 1 0 1 0 0 1 1 0 0 1 0 0 1 0 1 1 0 0 1 1 0 1 1 0 1 1 1 0 1 1 0 0 0 0 0 0 1 0 0 0 0 0 0 
0 0 1 1 0 0 1 1 1 0 1 0 0 1 0 0 1 1 0 0 1 0 0 0 1 0 0 0 0 1 0 0 1 0 0 0 1 0 1 0 0 0 0 1 0 0 1 0 1 1 1 0 0 0 1 0 1 0 1 0 0 1 0 1 1 1 0 0 0 0 0 1 1 1 0 1 1 1 0 0 1 1 0 1 1 0 1 1 1 0 0 0 1 0 1 0 0 0 0 0 
1 0 0 1 1 0 0 0 0 1 0 0 0 1 1 1 0 1 1 0 0 0 0 1 0 1 1 0 0 1 1 0 1 1 0 0 1 1 1 0 0 1 1 0 0 0 0 1 0 1 0 1 1 0 1 0 0 0 0 1 0 1 1 0 0 0 0 1 1 0 0 0 0 1 0 0 1 1 0 0 1 0 1 0 1 0 1 1 0 1 1 0 1 1 0 0 1 1 1 0 
1 0 0 1 1 0 0 0 0 1 0 0 0 1 1 0 0 0 1 0 1 0 0 0 1 0 0 1 1 1 1 1 0 0 1 1 0 1 1 1 0 1 0 0 1 1 0 0 1 1 1 1 0 0 0 0 1 0 0 0 1 0 1 0 0 1 1 1 0 1 0 0 0 1 0 0 1 0 1 1 0 0 0 1 0 1 1 1 1 1 1 1 1 0 1 1 1 1 0 0 
1 0 1 1 0 1 1 0 1 0 1 1 0 1 1 1 1 1 1 0 1 0 1 0 0 0 1 0 0 0 0 0 0 1 1 0 1 0 0 0 1 0 0 0 1 1 1 0 1 0 1 0 0 1 1 1 1 1 1 1 0 0 1 1 0 0 1 1 0 1 0 1 0 0 1 0 1 1 1 0 0 0 0 0 1 1 0 1 0 1 0 1 0 0 1 1 1 0 0 1 
1 1 0 1 1 1 1 1 0 0 1 1 1 0 1 1 0 1 1 0 1 0 0 0 0 0 1 1 0 1 0 0 0 0 0 0 1 0 1 0 1 0 0 1 0 0 1 1 0 0 0 1 0 0 1 1 1 0 1 1 1 0 1 1 0 0 1 0 0 1 1 0 1 1 0 1 0 1 0 1 0 0 0 1 1 1 0 0 1 1 1 1 1 0 1 0 0 1 1 0 
0 1 0 1 1 1 0 1 1 0 0 0 0 1 1 0 1 1 0 0 1 0 0 0 1 1 1 0 0 0 0 0 0 0 0 0 0 0 1 1 1 0 0 0 1 1 0 0 0 0 0 1 0 1 1 0 0 0 0 0 1 0 0 0 0 0 0 1 0 1 0 1 0 1 0 0 1 1 1 0 1 0 1 0 1 0 1 0 0 1 1 1 1 1 1 1 0 0 0 1 
0 0 1 0 1 0 0 1 1 1 1 1 1 0 0 0 1 0 1 1 0 0 1 0 0 1 0 0 0 0 1 0 1 0 0 0 0 0 0 0 0 1 1 1 0 0 0 0 0 0 1 1 1 0 0 1 1 0 0 0 1 1 1 0 1 1 1 0 0 0 1 1 1 0 0 0 1 0 1 1 0 1 1 1 0 1 0 1 0 0 1 1 1 0 1 0 0 0 0 0 
1 0 0 1 1 1 0 1 0 0 1 1 1 0 0 1 1 0 0 1 0 0 1 0 0 1 0 1 1 1 1 1 0 0 0 0 1 1 1 0 0 1 0 1 0 0 1 0 1 1 1 1 0 0 0 1 1 1 0 1 1 0 1 0 0 0 1 1 1 0 0 0 0 1 0 0 0 1 0 0 1 1 1 0 1 0 0 1 1 1 1 0 1 0 0 1 0 0 1 0 
1 1 0 0 0 0 0 0 1 0 1 0 1 1 0 1 0 1 0 1 0 0 0 1 0 1 0 1 0 1 1 0 0 0 0 1 1 1 1 1 1 0 0 0 1 1 0 0 0 1 1 0 1 1 0 1 0 1 1 1 0 1 0 0 0 1 0 0 0 1 0 0 0 1 0 0 1 1 1 1 1 0 0 1 0 0 0 1 0 0 0 1 1 1 1 1 1 0 0 1 
0 0 1 1 1 1 1 1 1 0 0 0 0 1 1 1 0 0 0 1 0 0 1 0 1 1 0 0 1 1 0 0 0 0 0 1 1 1 1 1 0 0 0 0 1 0 0 0 1 1 1 0 0 1 1 1 1 1 0 0 0 1 0 1 1 1 0 0 0 0 1 0 0 0 1 0 0 0 1 1 1 1 0 0 1 1 1 0 0 1 1 0 0 0 0 0 1 0 1 1 
0 1 1 0 1 0 0 1 0 0 0 1 1 0 0 0 0 1 1 1 0 0 0 1 0 1 1 1 0 1 0 1 0 0 0 0 0 0 1 0 1 1 0 1 0 0 1 0 0 0 0 0 0 0 0 1 1 0 0 0 1 1 0 1 1 1 1 0 1 1 1 0 0 1 1 1 1 0 1 0 1 0 1 0 0 1 0 0 0 1 1 0 1 1 0 1 0 0 0 0 
1 1 0 1 1 1 1 0 0 0 0 1 1 1 0 0 1 0 0 0 1 0 1 1 0 1 1 0 1 1 0 0 1 1 1 0 0 0 1 1 1 1 0 1 1 1 1 1 1 0 0 1 0 0 0 0 1 1 0 0 1 0 0 1 0 1 1 1 1 1 1 1 0 1 1 1 1 0 0 1 1 1 1 1 0 1 0 1 1 0 1 1 1 1 0 0 1 0 0 1 
0 0 1 1 1 1 0 0 1 1 1 1 1 0 1 1 1 1 0 0 1 1 1 0 0 0 1 0 0 0 0 1 0 1 1 1 1 0 1 1 1 1 0 0 1 1 1 1 0 1 0 0 0 0 0 1 1 0 1 1 1 1 1 1 0 0 0 0 1 0 0 1 1 0 0 1 0 0 0 1 1 0 1 1 1 1 0 1 1 1 0 0 1 1 1 0 1 1 0 1 
0 1 1 0 0 1 0 0 1 1 0 0 0 0 1 0 1 1 1 1 1 1 0 1 1 0 0 0 0 0 1 0 1 1 1 1 1 1 0 0 0 0 1 0 0 1 1 0 1 0 1 1 0 1 0 0 0 0 1 0 1 0 1 0 0 1 1 0 1 1 0 1 1 0 0 0 0 0 0 0 1 1 1 1 1 0 1 0 0 1 0 0 0 1 1 1 0 0 0 1 
0 1 1 0 1 0 1 0 1 0 0 1 1 0 0 0 0 1 1 1 0 1 0 1 0 0 0 1 1 0 1 0 0 0 1 1 1 1 1 0 1 0 1 0 0 1 1 0 1 1 1 1 0 1 0 1 0 1 1 1 1 0 0 0 1 0 1 0 0 1 0 0 1 0 1 1 1 0 1 1 1 0 1 1 1 1 1 0 1 1 1 0 0 0 1 1 0 0 0 0 
1 0 1 1 0 1 1 0 1 1 0 0 0 1 0 0 1 1 0 1 0 1 1 0 0 1 0 0 0 0 1 1 0 1 1 1 0 1 0 1 1 1 1 0 0 0 1 0 0 1 0 0 1 1 0 1 1 0 1 0 1 1 0 0 0 1 0 0 1 0 1 0 1 0 0 1 0 1 0 1 0 0 0 1 0 0 1 0 1 1 1 1 0 0 1 1 0 1 0 1 
1 0 0 0 0 1 0 1 0 1 1 0 0 0 1 0 1 1 0 0 0 0 1 1 1 1 0 1 0 1 0 0 1 1 1 1 1 1 0 1 1 1 0 1 0 0 0 1 1 0 1 0 1 0 1 0 0 1 1 1 0 1 0 1 1 1 0 0 0 0 0 0 1 1 1 0 1 0 1 0 1 1 1 1 1 0 1 0 0 0 1 1 1 1 0 0 0 0 0 1 
1 1 0 0 0 0 0 1 1 0 0 0 0 1 1 1 0 1 0 1 1 0 1 1 1 0 0 1 0 0 0 0 1 1 1 0 1 1 1 0 0 1 0 1 0 1 1 0 1 1 0 0 1 0 1 1 1 0 0 1 0 1 0 0 0 0 1 0 1 1 1 0 0 1 1 0 1 0 0 0 1 1 0 1 0 1 1 0 1 0 0 1 1 1 0 0 0 0 1 1 
1 1 0 0 0 0 1 0 1 1 1 0 1 1 0 1 0 1 0 0 1 1 0 0 1 0 0 0 1 0 0 0 0 0 0 0 0 0 0 1 1 0 0 1 0 0 0 0 1 0 0 0 0 0 1 1 0 0 0 1 0 1 0 1 0 0 0 1 1 0 1 1 0 0 0 0 1 0 0 1 1 1 0 0 0 0 1 1 0 1 1 0 0 0 0 0 0 0 1 0 
1 0 0 1 0 1 0 0 1 0 0 0 1 0 0 1 1 0 0 1 1 1 0 0 0 1 1 0 0 0 0 1 1 0 0 1 0 0 1 0 0 1 0 1 1 1 1 1 1 1 0 0 1 1 0 0 1 1 1 1 0 1 0 0 0 1 0 0 1 0 1 0 0 1 1 1 0 0 0 1 1 0 1 0 0 0 0 0 0 0 1 0 0 1 0 0 0 0 1 1 
0 1 1 0 0 1 1 1 1 1 1 1 1 1 0 0 1 0 0 0 0 1 0 0 0 1 1 0 1 0 0 0 0 0 0 0 1 0 1 0 0 0 0 0 1 0 0 0 0 1 1 1 1 1 0 1 1 1 0 1 0 1 1 0 1 1 1 1 1 0 1 1 0 1 0 1 1 0 0 1 0 0 1 0 0 1 0 1 0 0 0 0 0 0 0 1 1 1 0 1 
0 1 0 1 1 0 1 0 1 1 0 1 1 1 0 0 1 0 0 1 1 0 1 1 0 0 0 0 1 1 1 1 0 0 1 0 1 0 1 1 1 0 1 1 1 1 0 0 0 1 0 1 0 0 1 1 0 1 1 1 0 0 1 1 1 0 0 0 0 0 1 1 1 1 1 1 1 0 0 0 0 1 0 1 0 0 1 1 0 1 1 1 0 1 1 1 0 1 1 0 
1 49 41 50 48 46 47 43 48 39 50 44 46 41 47 39 49 38 48 45 44 43 40 45 41 44 42 41 40 39 45 37 47 35 50 36 49 33 47 32 49 34 46 33 50 30 49 28 46 27 47 36 44 34 48 26 47 38 43 34 45 33 44 35 42 38 40 34 42 37 41 36 39 38 34 41 33 42 30 44 31 45 29 44 27 42 28 45 26 46 25 50 24 45 25 48 23 50 22 49 21 50 20 48 22 45 32 40 35 39 33 38 32 43 31 39 27 43 29 41 26 43 22 46 19 45 23 44 18 47 17 49 16 46 17 44 21 43 24 39 30 40 37 36 35 37 30 36 33 35 34 29 37 31 38 28 34 27 35 30 33 27 40 23 35 21 38 26 42 25 36 26 34 23 41 20 43 17 41 22 42 18 45 15 43 19 39 22 40 17 39 20 38 22 34 31 32 30 31 26 37 24 31 28 32 27 29 30 28 27 30 23 32 21 33 22 37 17 42 15 47 13 50 14 49 12 48 10 47 12 50 11 46 14 42 12 41 14 45 16 39 18 38 14 40 12 38 16 37 15 44 13 45 10 50 8 49 7 48 4 47 9 45 11 41 10 44 7 50 3 48 8 46 4 49 6 45 3 46 1 48 2 44 8 40 10 43 9 42 13 39 11 37 20 36 18 35 19 34 16 36 17 33 19 30 26 29 23 31 22 29 21 27 20 32 17 35 15 36 13 35 12 36 11 35 14 34 8 33 11 38 9 39 10 37 7 33 9 41 2 45 1 47 5 43 6 42 4 43 1 44 3 42 1 41 6 40 5 36 10 35 25 28 24 25 23 26 20 29 18 30 17 27 18 26 17 29 19 31 15 32 14 29 15 27 16 26 22 25 20 28 19 25 21 24 23 18 25 17 28 14 25 15 23 14 24 22 21 19 22 17 21 16 22 15 30 11 32 5 33 13 28 11 27 13 22 20 19 18 20 13 21 14 18 16 19 17 16 14 31 7 34 6 37 4 40 2 39 1 40 3 36 4 35 3 37 2 36 1 34 2 32 1 33 6 31 12 29 6 30 4 31 9 28 10 25 9 26 11 24 9 23 7 26 4 27 6 28 5 29 2 30 1 29 3 28 2 27 3 26 1 31 8 25 6 23 8 24 10 21 12 19 8 20 9 21 7 19 13 18 7 24 5 21 11 22 4 24 3 25 2 24 1 23 3 19 2 20 15 17 13 15 11 14 10 11 17 9 15 6 14 9 13 16 8 13 6 18 1 17 3 21 4 16 1 19 5 15 4 13 12 7 8 9 10 6 9 11 4 10 5 14 3 12 1 11 3 13 2 10 3 9 5 8 1 7 2 9 4 5 6 3 4 1 3 5 2 1 
