10000 10000
4 43 3993
3 93 522
5 28 3756
5 43 305
4 44 4660
1 87 6178
2 68 8954
7 77 4720
8 95 656
8 29 220
8 12 8082
1 34 3888
8 16 2493
2 62 6997
10 28 5757
3 45 8786
5 59 1934
5 33 6849
5 16 5880
9 18 1066
9 44 1544
1 8 4061
3 30 4275
3 21 1658
5 53 3444
7 19 7906
7 76 9082
2 32 8588
7 77 4460
3 66 6997
6 86 2896
3 18 2389
4 14 7646
2 3 7820
2 20 5420
10 55 6662
10 46 4827
5 32 8358
7 96 2801
3 62 6012
4 40 9712
5 10 5119
1 66 9357
7 7 6163
6 88 3237
4 49 182
2 96 2324
3 15 9366
1 51 4889
5 47 7526
6 32 4173
1 54 6878
8 24 1858
5 90 2569
3 99 8103
4 45 4411
3 82 8059
9 9 1585
7 83 8170
6 27 8014
10 6 7234
9 48 1911
5 27 7865
10 87 2782
1 14 6276
5 67 6269
1 36 2003
8 26 4062
7 21 9620
8 4 9194
4 27 5768
7 8 1948
8 6 5527
10 93 2173
7 2 5367
8 25 3151
5 92 8339
7 74 3921
1 95 5499
10 63 8644
2 51 8679
6 2 2804
10 11 1595
6 8 2469
9 74 4658
5 13 1149
3 36 7241
3 28 4742
7 62 2228
7 62 6878
1 16 6599
9 97 4117
9 1 8884
9 20 3565
4 74 723
6 99 6249
3 53 8842
3 91 3722
3 98 6324
1 69 5696
2 48 3392
6 100 6040
2 92 4857
7 25 8315
4 36 1947
8 85 3732
5 12 5386
6 84 6239
6 27 3267
8 60 2038
9 60 5562
4 26 8504
6 69 9014
7 4 8087
9 46 6397
3 72 812
6 57 3507
5 67 6753
6 81 3341
5 15 2962
6 52 4421
3 80 7031
6 14 7545
10 88 4336
9 62 7991
7 36 4504
4 25 2381
9 63 2222
2 74 1581
2 52 1261
4 60 3918
7 47 9653
10 44 7285
5 81 2680
3 87 9359
1 84 5732
10 10 5117
5 27 3540
4 59 5125
5 60 7645
6 87 2778
4 78 5498
7 33 1199
4 5 4524
8 82 2657
9 48 6859
6 18 9265
7 26 2124
2 57 9881
6 82 9418
1 96 4218
4 47 4722
2 63 5026
2 61 8027
10 47 8755
5 77 9773
1 69 1167
6 74 6922
8 82 3745
4 96 3445
6 52 798
7 67 265
2 41 7684
9 80 153
7 69 9600
2 62 8920
5 91 9277
10 10 8779
6 23 9531
10 55 6416
9 84 9625
8 5 7994
8 1 3565
6 50 7539
7 82 7458
6 40 9741
1 13 9564
8 4 2609
10 17 798
10 7 7856
8 88 7865
7 50 9446
4 2 1962
7 74 1757
8 75 6602
2 85 3074
10 8 7494
2 14 4596
8 72 9067
9 12 6705
8 43 4070
10 41 9913
4 1 4569
8 68 1294
9 2 5278
4 39 4534
1 75 3380
4 44 6077
7 71 2886
9 97 3132
7 79 59
7 65 4239
10 63 2592
3 67 6200
2 52 5299
7 15 6159
9 10 8220
5 2 9859
5 33 4131
5 93 5793
3 56 1624
2 35 3919
5 43 9702
1 11 8707
8 65 6316
10 46 589
6 95 3780
6 98 6411
9 47 8038
4 60 1850
9 20 231
6 54 6127
8 91 4048
4 68 9533
7 5 3087
8 26 3859
6 89 1972
8 25 7420
1 49 7762
5 16 7763
6 62 5582
5 99 264
7 34 8008
3 26 5000
1 35 4031
9 79 9190
10 54 794
1 90 2424
3 91 2332
10 25 3010
6 77 8820
1 43 9404
5 85 2867
7 11 4626
7 25 9928
3 36 6157
7 78 8640
5 39 1790
10 2 7641
9 85 2876
6 70 1733
9 2 9236
1 23 9463
9 46 4595
8 9 6734
1 39 9965
4 42 7206
4 55 5840
5 8 9729
2 36 5751
6 34 9042
6 75 7040
2 32 4152
8 33 1879
7 65 227
9 70 1535
1 38 6186
1 86 1347
7 57 5088
9 1 1660
5 2 2261
10 80 3033
3 24 7585
2 17 271
7 14 920
6 69 2963
8 47 1167
3 90 9523
5 3 3065
8 20 3037
10 49 8071
7 96 331
5 100 6035
3 71 7649
2 47 256
2 69 9689
3 77 7117
6 1 4987
2 80 1198
10 84 194
8 42 8028
10 55 3702
4 41 6468
8 3 9467
5 36 6826
2 100 8215
8 30 6416
8 55 9547
4 18 5050
4 80 9413
9 60 5199
9 65 1911
4 100 9727
8 77 6279
8 30 8067
1 97 5186
4 50 3948
7 42 9338
2 82 1721
6 26 9756
7 2 4233
4 80 2152
3 92 6803
5 79 114
9 54 6692
2 50 3823
6 49 4300
7 22 9888
9 37 4375
8 93 1577
4 32 7073
3 88 9203
4 96 6746
10 28 5235
4 24 6365
8 41 1983
5 49 7651
2 65 9625
7 50 9472
10 44 8139
4 50 2858
7 34 9537
10 19 9144
7 24 9077
10 98 6431
5 74 2971
1 7 6628
2 56 5445
8 33 4577
5 99 139
4 45 2249
6 60 7687
6 48 1366
9 75 7739
6 80 3032
5 57 3593
8 2 3398
4 10 2572
1 91 1150
7 39 7622
5 95 2616
3 44 4542
10 34 7277
8 50 1628
6 54 5499
6 4 8534
2 3 5982
4 93 5946
8 22 1883
6 82 5256
8 27 6715
1 30 6852
4 24 9978
3 71 4385
5 94 9434
9 1 9806
10 52 3184
9 40 3500
5 96 5067
10 25 1040
8 19 5823
7 12 4417
1 81 6548
4 26 8122
1 6 1455
4 72 8937
4 79 4425
9 19 2284
5 93 4913
9 59 2811
3 18 6152
6 14 133
1 66 2061
3 91 7659
8 58 2961
1 44 3846
5 89 6357
1 56 68
9 68 4823
2 51 8881
7 87 5400
8 100 5920
7 92 1080
7 60 2802
7 19 1184
2 66 3552
4 89 7693
9 87 5203
1 65 8137
2 54 5993
5 75 4031
10 11 6389
9 60 3124
2 34 7179
3 56 9614
5 76 4847
4 47 6718
2 59 3621
6 97 1285
8 10 8943
4 27 3441
5 98 8072
3 87 2757
4 30 2349
4 12 3650
5 4 8636
1 54 476
2 77 7678
1 4 8436
8 43 1889
5 50 6604
6 32 8887
10 47 8463
8 72 8111
8 8 2762
6 14 6023
8 34 1019
3 18 4125
1 31 9480
10 30 350
7 61 2107
6 80 7406
5 36 6590
6 46 3997
8 17 1727
6 42 6536
9 29 7614
4 49 7815
8 72 7660
9 74 6373
3 74 4906
8 78 6459
3 93 7859
4 45 5266
5 93 889
10 23 5728
10 14 5614
2 38 6163
2 27 3788
2 99 1067
7 51 2482
10 89 1803
4 15 3434
8 60 920
9 88 4271
5 55 3239
10 94 739
3 22 9251
8 59 9746
6 1 8848
1 45 9093
10 37 8043
7 20 829
3 48 7634
6 22 2614
10 93 7884
2 73 3022
1 58 4906
7 18 1481
7 64 2638
6 76 7741
5 80 2456
1 27 6332
3 88 712
6 74 8963
8 62 2661
4 56 8611
7 37 7124
9 44 7476
10 15 1125
9 84 450
3 90 9031
10 89 8214
3 62 8831
2 35 2319
4 25 9659
1 98 2384
6 29 9746
7 52 5157
2 12 9827
2 65 6750
5 63 15
8 81 4318
1 64 27
10 77 1102
2 8 2153
3 30 2855
9 57 3437
2 82 7274
7 50 898
3 87 5753
9 12 4681
4 76 1151
7 26 3117
6 36 5451
1 16 3462
10 42 6182
1 26 7313
8 35 8161
7 80 9934
3 47 9405
4 81 6040
3 10 2884
3 65 4633
6 82 2297
9 89 9814
7 1 751
10 7 7789
10 18 7482
2 54 2761
3 40 8093
3 8 3005
8 59 5703
1 80 8300
4 76 3531
2 83 7599
8 30 2352
6 98 9761
9 12 8782
9 39 9570
2 21 8031
10 9 3429
2 14 3154
6 14 3588
4 22 1636
6 18 3313
10 24 4592
4 86 4369
2 11 2882
1 37 5934
5 67 3692
5 83 9580
4 43 4892
2 71 4172
3 63 1730
8 64 9723
5 62 9823
9 24 4519
3 30 9360
9 30 4918
8 29 1926
6 73 6490
7 50 8074
6 29 594
5 85 4013
4 67 5081
9 51 8978
6 32 2458
3 52 1441
6 56 2104
1 49 6150
5 94 9411
1 42 5759
8 63 293
1 58 7943
10 91 2869
2 87 5393
7 30 7860
8 85 7543
2 40 2019
8 84 1732
3 70 6438
3 65 2775
2 51 8078
5 84 6291
7 32 4970
1 95 1875
5 83 8121
9 9 9332
7 5 9618
4 45 3424
3 59 4477
6 94 6041
6 29 4058
7 21 972
10 1 3400
4 73 9065
4 49 1314
10 53 5004
1 57 3220
3 53 9496
8 97 1123
8 22 9202
4 24 7855
3 60 9420
2 72 28
7 32 5879
2 34 7393
9 78 6140
4 68 6446
2 48 3312
3 23 5859
9 67 3307
3 46 2709
10 79 932
9 25 7470
6 34 347
5 60 1725
5 45 6654
5 25 6179
3 82 6445
3 69 4772
3 31 4435
6 15 5762
4 72 3203
4 58 5851
2 50 5109
8 77 231
10 73 9740
1 44 7724
5 46 1799
8 69 5053
4 58 3081
4 21 5029
4 67 8082
1 18 238
8 98 9678
7 70 5653
1 69 8176
10 68 1653
10 86 1068
6 44 3164
2 44 9052
2 63 9794
3 4 7150
3 17 1890
4 39 1964
9 99 2209
8 82 9241
6 61 4129
7 96 7756
2 32 514
7 40 1927
4 2 7616
3 77 8678
6 85 7157
8 56 5616
7 69 1574
10 7 2215
4 59 8303
4 85 9735
2 77 9728
2 95 7344
8 98 9015
1 14 1666
1 75 9425
2 27 6212
5 87 3556
2 44 4650
7 93 2349
3 16 8435
7 43 5223
10 4 6871
4 65 2705
8 96 3555
2 23 3136
9 44 1495
8 5 9791
8 2 4963
8 60 9973
5 98 4940
1 80 6441
5 31 7931
6 60 9894
5 47 5118
7 70 7793
7 38 7692
4 86 3968
3 29 1209
4 46 5001
6 16 551
1 62 3854
2 2 9161
2 61 8597
7 20 3730
8 70 8779
5 58 2285
1 65 2932
9 69 6910
7 73 9378
5 20 3882
6 90 3750
7 47 1528
4 95 9024
3 77 9772
4 94 7901
9 26 7399
7 67 4213
5 56 211
2 35 705
6 51 2035
10 31 3125
9 8 4568
5 46 7404
2 3 7904
2 88 383
8 23 9485
9 14 2977
3 57 7949
9 78 2434
1 20 7541
5 57 2257
8 29 9966
8 8 8987
4 77 6695
7 96 6559
2 88 9261
7 53 6294
10 38 8926
10 24 2817
5 96 5010
8 66 7848
6 56 7153
3 98 6497
3 69 6292
3 67 2814
4 84 9627
4 12 9743
6 82 954
9 94 6983
3 48 3567
9 84 2247
3 19 5614
5 47 275
4 26 8157
3 66 6194
6 5 4250
4 11 1882
3 30 2740
6 91 4532
5 13 7914
1 48 9905
4 27 7024
4 48 9491
9 40 2530
7 70 2766
8 61 1971
6 96 5111
6 16 4550
9 79 1282
2 63 8616
8 69 8154
2 40 2559
2 25 9087
4 39 9872
3 6 978
6 93 4065
8 56 1938
1 47 5330
9 78 4862
10 79 9884
3 15 7082
5 9 9866
10 17 5
2 46 4008
4 42 703
3 47 5118
2 42 3025
10 83 497
1 60 9231
9 3 1446
3 72 1197
10 61 693
6 85 3948
2 25 9407
3 63 9484
2 85 1712
7 99 7513
5 25 338
6 54 9943
1 21 3621
5 46 5426
2 1 6254
5 90 6827
8 80 7243
6 6 6623
9 28 8877
5 79 4078
8 13 4796
6 84 719
1 72 2767
6 44 6639
4 43 9778
10 61 5092
1 71 446
9 13 3523
4 17 3191
2 96 4638
7 56 8339
9 68 4403
5 5 3450
2 45 5897
1 26 3201
7 100 9679
6 99 6491
6 22 5405
9 21 8807
8 75 5742
4 83 9418
6 38 4928
1 18 5389
6 28 7571
8 95 7093
1 32 4356
5 88 7519
3 60 652
10 79 925
9 12 8550
5 81 1517
10 41 6368
10 42 3690
7 74 2249
5 76 9151
1 2 4148
5 73 2015
3 50 9475
10 8 5570
9 96 9519
1 24 9281
6 13 1321
6 39 7914
4 63 8476
10 17 5980
3 23 4768
7 100 5871
5 30 1319
6 65 3718
5 13 5581
5 61 2079
5 81 6563
9 37 2051
7 30 2475
7 13 7393
7 85 6756
6 73 3462
1 1 8711
6 13 717
7 9 1373
8 23 458
4 35 3693
6 61 4759
10 97 4332
1 16 5767
6 13 4242
8 12 8230
4 83 5720
1 23 5481
2 32 8504
7 19 2461
8 23 3759
7 99 4868
9 77 2557
9 40 8888
4 90 2464
1 52 7320
4 7 3406
7 11 1408
8 58 4450
10 92 7019
10 5 6070
9 13 3097
10 99 7922
8 4 6503
7 37 116
7 72 8010
5 78 9907
7 27 6683
5 57 1646
9 67 9368
8 54 9314
3 65 4249
7 49 1614
7 40 1913
4 4 9954
9 36 2053
2 41 6641
4 87 5755
7 38 101
1 84 2557
6 32 8829
6 65 5119
7 4 7782
2 87 2095
10 81 8031
4 97 5397
6 55 2751
8 20 1682
5 10 1514
1 1 5666
8 40 562
2 42 357
3 57 2718
4 82 2841
6 32 5642
2 36 3682
8 45 7945
9 69 1425
6 77 2035
5 94 4892
6 75 8935
9 91 2263
5 15 284
8 95 1591
8 37 7620
2 7 2561
5 77 337
3 57 2043
10 20 1606
8 78 2312
5 29 4448
6 47 9649
4 44 1575
5 83 1948
8 96 9982
8 95 639
3 86 3446
9 15 886
10 64 3089
6 8 2410
3 56 1599
3 16 3348
9 93 9089
4 87 3021
4 70 7288
7 27 4896
7 27 5887
9 63 517
6 75 5261
5 61 1530
6 8 6166
5 81 8676
4 50 4565
8 89 846
6 2 5746
4 55 7475
2 36 616
8 28 5419
2 51 7942
3 22 554
2 44 9153
2 41 8845
1 74 5302
8 4 2146
10 8 5472
4 15 17
6 27 8131
1 34 3782
3 30 242
9 75 9828
5 28 3418
3 28 3642
5 51 8119
5 30 9169
9 26 8771
4 3 9778
6 59 6434
8 41 8986
6 46 1119
5 59 2580
4 99 1253
4 23 5990
2 37 7947
1 52 5279
10 99 7556
8 81 8096
5 6 4366
7 16 756
6 70 5131
1 35 2337
9 7 4170
9 45 309
10 25 784
3 10 9277
10 81 775
3 80 5372
8 10 9433
5 20 2666
8 68 3656
1 55 1105
6 99 5136
9 10 3850
3 42 7186
6 85 135
2 4 9744
1 99 3368
2 63 4095
8 21 1944
9 27 8234
5 50 9976
4 26 2780
1 55 2114
2 22 8697
7 7 5304
7 34 8003
9 3 560
8 85 9106
9 26 6595
6 70 7966
8 79 9967
7 92 7568
2 78 3100
10 27 5733
9 97 1179
4 98 8427
6 46 7808
7 34 3078
9 85 4270
7 32 8042
1 28 8435
5 45 8615
9 89 7400
5 13 4533
2 73 3618
1 56 6475
3 13 5235
3 27 1953
5 80 8772
9 1 2194
7 13 8949
1 54 3588
4 55 6372
6 79 9679
3 84 9471
3 1 3373
7 72 1427
6 37 6665
5 52 2845
10 48 8304
5 55 690
7 23 7577
9 90 2497
5 34 7709
10 90 6534
4 7 3258
5 99 5613
2 47 1314
9 11 6897
3 79 9752
5 34 1671
8 39 1550
10 35 218
9 62 1849
6 86 6562
8 49 5305
8 22 1438
9 33 2110
6 12 9435
7 51 9841
7 27 1564
1 100 2436
6 60 2049
2 10 3037
7 72 3506
2 58 6193
2 12 1389
10 81 6295
3 96 2133
8 27 3484
5 64 9833
5 61 6273
10 25 1778
3 52 481
7 71 9373
1 12 5942
3 38 7268
3 38 4491
7 98 2740
9 85 5732
5 89 997
9 65 893
4 33 775
4 8 2126
10 59 2448
5 26 7577
8 99 5509
9 92 5096
6 53 8709
8 97 2989
4 92 3955
6 27 5906
4 8 990
2 5 332
8 32 4059
4 95 165
1 85 6551
2 33 244
2 2 2773
1 47 6605
5 72 4947
10 31 9160
2 85 8081
5 78 2704
5 78 8396
9 98 6776
8 48 9961
7 18 5149
3 63 8854
7 15 8635
8 52 5768
10 4 3521
3 87 3837
1 48 3265
2 66 9582
2 8 8616
3 3 742
4 40 6584
7 63 2167
1 80 4161
6 21 9047
6 82 5470
7 86 1039
1 98 998
1 44 4358
8 83 7402
7 66 9534
10 35 1075
3 12 1536
7 4 210
7 37 3923
9 81 4854
6 4 368
2 14 2252
4 73 7174
6 70 2317
5 44 5028
4 50 9755
2 43 1163
9 84 8073
9 72 2326
7 35 8375
7 58 4883
10 20 8381
9 51 8461
3 66 6587
10 37 6282
6 71 7084
5 93 6680
3 32 1288
2 76 9613
5 27 9644
5 63 1724
7 12 5930
4 7 3323
1 17 3763
4 24 5282
8 64 852
5 59 3225
9 78 3344
1 72 2633
8 93 6991
10 85 16
1 91 4806
5 3 1264
4 53 5685
8 57 7396
8 89 3948
8 22 2380
6 95 2904
10 80 4417
1 11 2313
1 35 3276
3 87 9470
6 45 7566
7 18 1824
10 62 7900
5 43 4230
4 44 8100
7 32 6208
7 16 847
9 26 7752
9 24 2249
1 80 9937
1 89 9283
7 68 9926
5 97 7914
10 30 241
1 62 7483
1 59 9064
6 83 5507
5 67 4455
2 12 3406
1 82 6811
6 18 2975
7 86 1470
5 27 8451
6 49 3027
2 52 5466
4 30 8339
3 16 665
3 87 4060
1 86 3859
8 97 4847
3 63 6250
5 67 9138
9 36 7224
4 24 7138
1 28 9504
1 61 7755
10 43 2018
6 98 136
10 31 3323
7 73 5149
2 38 3396
5 66 5675
3 87 1194
8 90 1955
8 89 9043
7 49 6196
6 4 3664
8 39 2983
3 15 2558
1 3 6941
10 48 3112
2 40 5391
10 66 987
2 22 1621
6 11 7214
4 37 7642
6 45 9158
5 62 1502
7 89 9243
6 96 9527
3 40 1006
5 41 9002
1 99 8370
1 31 8461
4 81 3573
10 49 535
9 33 5753
8 61 6839
2 39 9058
1 16 8993
6 33 3759
9 42 6057
5 69 2795
4 99 4684
4 2 6286
7 96 3779
6 68 4718
7 53 663
9 23 2098
10 39 8831
1 42 6913
7 75 6663
10 43 8015
7 99 7552
4 49 7773
2 93 6258
1 1 2320
4 43 5899
10 79 9388
5 41 5354
3 99 425
4 57 5855
10 89 3394
7 61 1065
5 3 6275
4 7 3926
10 33 3922
1 65 1467
8 9 7405
1 77 2992
6 61 1084
7 55 4888
1 31 4838
7 21 513
3 88 7060
6 77 1625
4 70 1397
8 17 2050
6 93 8023
2 69 1133
9 8 2162
8 72 2402
10 1 1278
6 38 6006
1 36 2029
2 45 8438
1 20 8296
3 67 4667
5 69 5176
9 74 241
6 2 580
9 69 9526
10 9 4901
5 31 4362
10 36 1945
3 19 7096
6 82 8850
4 4 8604
6 84 1507
1 23 9383
8 55 2819
5 93 8295
10 29 2717
8 30 9758
4 43 9848
4 5 2968
2 47 4181
8 62 5865
2 100 2150
9 48 1683
3 90 6734
3 6 146
5 38 3159
8 16 2062
5 39 1652
7 67 8001
2 9 4742
10 6 1194
5 24 3004
5 89 5349
9 99 4838
3 29 2026
9 26 8972
3 92 3211
8 43 5409
3 3 7313
3 8 1992
9 66 4036
4 33 3205
4 71 6756
3 3 5328
5 35 4744
10 45 6626
9 35 7096
6 86 5308
8 4 8707
6 16 7520
1 19 6133
2 96 289
4 68 7014
1 95 6324
3 64 8856
1 83 9523
6 90 955
6 54 9434
9 95 4010
4 51 4915
4 16 2820
2 88 1704
7 27 6710
4 70 2524
6 18 3322
6 79 8937
10 5 4043
6 37 4794
8 27 531
7 8 7169
1 51 3333
4 42 3612
9 21 3557
2 28 4617
10 95 1669
8 90 5344
6 60 4347
3 1 7408
6 93 8883
8 46 3282
10 30 3866
3 46 7528
6 42 6943
8 93 6094
2 71 5988
4 94 2409
5 9 6085
5 24 5957
4 37 8714
6 36 7278
6 78 818
3 79 503
5 31 175
6 76 5681
7 68 4406
3 95 6087
1 6 9488
2 93 8672
10 18 9107
1 22 7941
10 4 8283
1 73 4371
6 36 7685
1 26 4660
3 71 2580
2 58 1841
8 70 722
3 70 1629
1 13 1116
4 24 5142
8 84 436
2 84 7460
10 52 9619
5 68 8735
6 39 9073
8 78 4181
9 90 5517
2 91 941
10 61 3602
8 35 3002
8 18 8324
10 76 7965
1 95 4100
10 95 9371
6 32 9321
3 43 8595
2 22 9612
10 74 3331
6 32 8775
2 81 934
3 7 393
7 55 2073
10 90 1262
1 75 9113
2 56 6215
5 39 2214
5 53 6726
2 38 5322
9 42 1564
9 42 7059
6 48 7504
2 31 1944
1 75 6026
7 23 2530
1 73 4164
5 20 2059
6 68 4485
5 98 2768
4 91 4758
1 97 6142
2 32 3545
7 96 7527
2 4 8071
1 48 4879
10 34 8467
7 16 4961
3 25 3507
10 2 961
10 8 6810
3 61 4989
1 38 389
9 97 4229
4 43 9236
1 39 377
7 72 3781
4 23 8392
8 24 4937
5 60 6896
1 21 7176
4 28 9688
10 92 6360
2 17 8739
2 53 6195
7 20 5476
7 34 9387
1 35 6582
5 58 5094
2 16 9575
4 94 1264
6 97 9797
2 16 876
2 59 7933
3 97 4812
4 86 8000
8 62 267
9 34 5952
8 38 1247
1 38 6452
5 91 8150
3 39 1596
8 12 8546
2 67 5231
4 100 2792
1 22 3642
3 88 8326
6 28 596
4 83 5196
5 95 1518
1 39 7962
9 12 4297
7 34 4580
7 60 5298
9 56 2151
2 5 2969
4 95 1387
5 7 2163
10 34 6057
6 40 388
1 82 727
1 17 5166
6 16 1982
8 92 6783
1 62 4788
7 63 1918
4 78 3189
2 6 4104
10 88 9241
6 41 1858
9 22 9108
7 35 5871
9 52 2866
7 53 8508
3 88 4071
1 5 6429
7 91 2140
2 52 3540
7 30 4033
7 1 6563
7 50 6866
6 97 450
3 21 9297
8 27 4665
1 5 1603
6 24 173
6 55 880
4 3 9882
3 48 8127
2 36 2925
9 22 9662
4 86 8720
2 34 9293
8 4 7480
9 29 7506
8 48 6126
7 96 4325
2 92 8700
4 94 5090
1 29 3988
10 27 6834
3 45 2020
2 49 503
3 24 368
7 16 597
2 65 3575
7 15 3665
6 13 3844
10 10 6667
4 1 4537
3 24 4386
1 90 3901
3 41 1106
10 89 6644
5 40 6337
10 1 6331
4 73 6139
9 49 2570
6 46 456
10 29 4532
6 1 4996
2 30 8457
10 61 4153
5 62 8500
10 83 4510
9 74 6882
3 7 6380
1 78 409
5 62 1535
6 92 3992
6 48 3877
4 6 190
4 68 6274
2 24 8863
6 60 2950
6 72 5639
5 24 8534
3 62 617
2 60 225
2 52 816
6 31 1966
9 88 7053
5 49 180
7 8 5477
2 54 3524
7 32 5541
4 61 4873
3 59 7421
1 58 6562
5 5 2291
9 9 3930
6 80 4873
5 1 414
6 74 4641
3 22 9506
7 55 7261
7 32 9732
3 87 7691
2 38 3191
8 50 5034
3 85 3273
5 10 3852
4 63 8810
9 80 2152
6 30 7930
8 93 2593
5 24 9757
8 89 4735
4 94 1542
10 19 3739
6 26 8127
7 16 7855
3 43 7081
4 42 3594
1 55 4086
3 71 6889
7 2 9118
9 90 7982
1 37 4316
5 18 9806
5 99 9771
9 12 1479
7 54 4375
10 27 4612
8 3 1458
7 8 5470
4 72 477
8 60 7572
3 94 210
5 70 1955
5 63 4334
4 70 1633
8 76 5972
9 21 7383
7 50 2873
10 89 3474
1 47 9561
3 86 9484
7 62 8548
4 98 3724
1 50 7431
4 47 1192
2 69 9136
3 34 6578
5 63 3863
9 29 9674
4 50 5104
10 73 9883
9 50 7525
2 24 1987
8 58 3255
7 99 4072
9 2 4708
1 18 8371
3 5 5953
5 25 2850
4 37 4525
1 30 2327
3 99 7054
7 96 3755
4 96 3585
7 92 1547
6 46 9068
2 5 6002
7 88 866
7 31 8763
6 98 9016
1 27 2429
8 3 8250
10 40 2418
2 33 737
4 49 2900
1 63 4737
9 7 49
2 90 2501
5 89 9952
6 31 5427
8 62 4322
3 79 9023
10 96 4043
9 41 8998
8 64 9667
9 12 2851
10 13 6337
1 23 6003
3 76 6002
2 83 4994
9 34 1820
4 97 5501
6 100 8581
6 80 1480
6 67 8966
2 88 5471
3 95 2962
1 60 6346
5 87 2364
2 34 3992
5 68 1026
8 40 9266
4 86 7261
1 99 8402
3 83 6716
4 18 2916
4 92 5860
7 41 6407
3 23 5426
2 84 6958
7 27 555
5 43 85
10 79 6969
3 71 5188
9 27 9419
10 59 7190
10 7 8670
1 86 2057
10 36 8807
2 44 135
9 7 1683
8 17 3391
5 16 1933
8 80 6977
4 52 1684
5 53 8047
7 64 3597
1 6 6440
4 5 1914
7 30 2426
7 98 1738
4 62 4544
9 79 7134
9 40 1255
10 48 6942
2 78 3829
1 87 358
5 29 9328
4 66 492
6 98 9089
5 93 2489
9 74 5165
5 62 3941
7 88 7115
1 28 3908
4 36 6433
6 65 7856
3 30 2086
2 18 3707
4 80 2959
5 42 2044
7 8 9672
9 39 5802
9 11 171
5 74 2190
1 28 8042
7 17 370
4 86 8440
7 6 1542
7 25 6169
6 74 1419
3 92 5890
7 72 6433
4 51 6185
1 87 4795
4 63 2584
5 69 6085
6 28 2731
7 84 4457
2 91 157
5 81 4202
4 5 3672
2 62 8027
10 64 7139
10 43 597
1 2 5080
1 22 9412
5 66 3903
5 43 9120
9 12 2309
9 79 6027
5 81 8025
7 34 3183
3 22 8085
6 76 2104
2 39 843
4 45 4116
6 98 1572
1 65 1927
10 64 7597
2 9 5899
6 21 3776
8 38 4386
3 48 5297
6 41 7395
6 99 3942
1 79 5091
5 64 3331
10 79 6772
3 66 2413
2 37 6301
9 58 4879
2 16 6517
7 12 6805
2 99 7573
10 6 7093
4 5 1765
7 17 3668
4 47 8294
4 86 7167
7 59 6726
1 31 537
9 72 6818
7 32 4030
3 56 2350
4 23 583
3 94 4424
10 24 6120
3 8 2133
8 54 4724
5 29 3466
3 77 1919
7 60 3560
2 85 1522
9 4 237
2 23 5677
8 98 2787
7 97 5724
4 53 8110
2 45 7532
6 31 8183
10 26 8332
2 95 3195
9 4 1231
1 78 5608
2 35 5528
2 71 9624
1 39 6477
6 44 7717
4 74 6814
3 61 6855
4 10 6985
4 47 6499
6 25 1842
5 63 7538
6 86 6763
9 49 5369
7 57 1077
3 46 2287
1 95 2315
4 92 9628
6 6 3222
2 87 5056
1 91 2095
9 87 4708
6 76 8333
4 65 1781
8 13 189
10 53 7953
10 27 5423
4 91 2181
6 61 4809
4 21 2745
10 57 8071
3 3 5361
8 10 6532
3 78 8835
2 40 6679
5 96 9222
6 6 5042
1 11 5627
4 35 1090
5 78 1853
10 74 5537
10 22 2502
2 62 3149
5 13 8285
2 84 5296
6 35 8664
2 90 7778
10 70 5336
8 11 8927
6 90 7871
5 9 6235
9 81 8700
8 59 2308
3 10 7585
9 67 1052
6 30 3037
7 58 4678
1 27 4865
1 18 658
5 94 8482
6 8 7136
2 98 5115
5 72 8058
8 78 7149
10 77 6600
3 73 9815
6 73 5099
3 68 1194
5 4 9666
5 62 4766
3 80 301
1 16 1829
2 52 9472
3 23 8873
9 81 2265
3 60 3747
2 100 3276
3 56 8528
5 20 5158
3 1 2480
6 4 9359
10 53 5851
5 51 2619
1 40 6044
10 39 6997
5 1 2133
6 13 652
8 5 8484
6 39 9580
3 72 7485
4 5 3551
6 36 7576
7 1 7408
1 67 8065
9 87 2490
4 62 3494
10 43 8158
6 75 7978
4 43 6154
2 29 6843
4 59 3748
9 41 7708
4 9 8976
8 30 2035
4 41 1188
1 31 1856
10 15 9761
1 48 5733
8 50 9374
2 66 567
9 85 8092
7 15 874
5 39 1950
9 90 2431
10 86 6142
6 72 5196
8 70 7871
8 63 7693
8 46 6526
5 2 7382
3 1 8876
10 51 8803
8 94 3967
1 20 6079
5 20 3790
9 63 9952
6 89 7989
7 83 7074
3 13 2986
2 52 4646
1 23 2373
2 65 7229
4 3 7116
1 48 3318
2 78 5724
1 46 135
10 23 1320
10 12 3149
9 94 8651
2 97 4347
2 73 1066
5 34 486
5 75 2528
10 86 5828
9 10 1800
5 83 2671
3 23 8602
2 2 753
2 85 9152
10 69 7338
5 79 6226
3 63 9771
6 92 7827
10 14 7719
9 95 3476
5 14 764
9 27 5499
5 99 7990
10 95 1838
6 67 8335
1 87 776
8 38 7455
5 23 1382
10 92 9086
7 86 7260
1 56 4675
8 45 6082
3 12 3942
8 60 9745
3 57 2910
5 79 1660
1 23 30
9 87 2286
9 72 9935
8 19 4927
8 15 7383
3 67 6735
2 70 8045
3 87 5003
10 29 5522
4 69 9521
1 56 6592
3 8 5443
9 10 9681
9 27 5424
9 28 1314
3 60 4481
1 41 7266
7 17 4408
2 70 3261
9 4 2625
10 60 8584
1 34 5145
7 90 1269
5 71 8630
1 32 9179
7 80 39
4 52 233
10 10 3792
6 96 3611
10 7 9576
1 42 3991
7 52 5919
9 40 6862
6 93 8292
9 92 2160
1 54 8480
8 34 982
1 24 1730
6 79 1266
7 79 8168
3 54 8423
5 54 4087
9 88 9337
4 29 8681
5 77 3845
7 50 6821
1 64 5060
5 84 4007
5 6 4599
2 36 7039
8 48 2773
6 69 5800
7 58 2198
7 45 6128
6 13 9066
4 49 3543
10 97 5475
6 56 5258
3 30 305
3 39 5160
10 4 6944
8 71 5268
3 2 4835
6 27 9556
10 54 4589
4 59 4993
3 14 7412
2 9 9305
3 77 7936
4 79 342
3 96 2900
9 20 5448
9 95 9194
5 69 5488
3 46 4408
7 88 7437
3 9 4356
10 20 7913
10 18 5567
1 79 9199
2 37 6639
10 68 2272
7 29 4645
9 13 8019
1 83 3115
4 18 107
5 28 9690
5 22 4451
1 51 2270
2 94 1336
1 52 410
5 53 5101
7 32 6238
3 37 4904
6 22 2126
8 11 6846
5 11 7916
2 89 5731
1 52 2391
6 59 8294
3 29 8538
3 23 2400
9 73 6454
2 39 1114
8 40 1069
7 83 8777
9 67 449
6 40 7018
8 92 4652
10 6 7103
3 9 6240
10 20 7159
3 60 2559
5 52 7062
6 79 3635
6 4 3571
4 39 6498
1 97 7909
9 23 5893
2 48 6539
9 78 9157
2 45 1895
3 19 8423
3 35 8516
3 53 4163
8 37 4697
7 79 2243
10 83 9663
10 48 7787
5 45 6536
2 46 991
3 32 3797
1 70 9308
6 43 6902
7 50 9733
7 80 694
4 5 6476
5 40 1537
4 29 9400
1 58 861
9 86 3368
5 50 5147
1 33 1241
2 8 314
8 48 6376
1 10 4796
9 49 4618
8 90 4333
8 15 7755
1 72 4856
9 23 3214
5 78 4875
1 57 7867
7 29 5862
6 69 835
1 1 3031
3 85 6535
4 9 1518
2 98 9283
4 42 7281
7 20 6839
9 56 9426
7 77 495
6 21 5370
6 57 3321
10 73 2938
6 5 8493
2 89 3286
4 58 940
9 74 4550
1 70 7303
9 55 6538
9 83 3806
3 60 2030
9 4 8832
4 31 7447
4 46 1296
2 1 650
1 62 5588
6 16 7568
8 83 5617
7 35 9841
5 32 5094
6 72 7876
6 5 2978
4 21 2295
10 76 8273
3 38 2004
10 16 6242
6 37 4756
8 28 3699
8 3 3961
8 28 4943
5 57 1651
1 80 1530
2 38 9153
10 84 8462
5 47 303
10 64 6107
5 32 1190
8 39 5995
4 56 2714
4 48 237
2 95 1046
6 8 138
8 29 9639
3 86 1929
1 36 4030
3 49 8827
3 8 6002
7 56 1206
10 16 5142
7 36 1848
4 7 4659
2 16 1048
9 56 7664
9 19 4026
10 4 5636
10 39 2929
3 86 8864
10 35 3219
9 3 2311
5 63 3474
4 52 9140
5 85 2020
10 7 2872
8 4 5742
6 17 1516
7 2 467
9 41 9270
9 68 1335
5 73 7485
6 22 8926
2 60 2654
6 51 6758
2 13 7883
8 14 7677
10 42 3903
1 64 8592
3 16 5053
3 73 8243
3 35 6680
1 56 2258
6 15 4226
6 57 5069
6 86 7080
9 65 7990
4 58 2014
8 23 1850
1 14 5224
3 65 861
8 35 6841
2 49 2555
6 49 4639
3 46 9326
6 91 2304
6 53 1896
8 33 7179
1 87 1580
5 24 6622
2 31 9250
2 54 1688
7 32 4426
2 11 5504
1 34 5908
2 22 9896
4 59 1932
2 33 5358
9 46 1884
2 43 3653
7 31 3756
3 74 4664
9 71 1972
7 5 4328
5 39 8330
7 72 1197
8 56 4711
6 33 7397
8 32 7994
10 99 9478
2 86 9702
5 54 5114
4 68 2426
5 45 8275
5 24 4215
10 29 5292
7 22 662
1 17 4098
7 46 1217
5 2 7550
10 27 7577
5 15 415
10 99 4860
6 35 4555
4 67 5378
8 2 3812
4 62 2776
6 55 540
3 39 2272
5 78 5650
4 69 7135
4 51 8846
4 39 9882
1 2 5726
4 59 3202
2 69 150
3 65 9684
6 28 5427
7 33 7792
9 44 2557
9 33 6819
7 32 4249
10 87 2362
3 79 8880
2 62 60
2 17 8075
6 78 4658
9 77 1957
5 53 5056
4 100 9015
3 30 568
5 22 3595
3 26 66
5 80 3310
9 74 3893
5 48 4634
3 83 1140
7 53 406
8 93 2468
2 94 8395
4 66 232
8 38 1227
7 48 9423
6 98 7241
5 59 6784
6 42 7327
8 87 8279
4 43 5937
6 10 2438
1 14 1234
8 40 4764
9 2 8039
9 84 9292
4 38 1889
2 14 4482
9 80 6264
6 47 4984
4 34 7134
5 35 8497
1 49 3588
2 17 5446
4 92 3679
4 55 4014
7 55 9747
5 94 5528
3 30 8188
6 47 7777
4 38 6821
3 99 2361
6 5 7831
6 80 7552
4 3 6978
10 33 2971
5 74 1514
9 77 1330
2 20 2415
9 8 9100
3 18 3663
10 20 407
10 76 561
2 60 3346
9 96 5013
9 65 6728
1 22 2810
2 72 4170
3 26 6654
1 47 5520
10 22 8766
7 84 2373
4 8 6607
3 69 1646
2 11 8
4 38 8646
5 66 4593
2 82 9665
5 3 366
5 75 5995
2 70 9136
1 60 9460
5 62 3526
7 75 9181
8 65 3827
6 60 7827
7 77 1780
6 9 3843
3 76 4328
4 54 328
5 94 1991
5 1 6017
3 24 9002
5 51 1942
7 98 4935
1 23 7465
1 24 4512
3 16 2298
5 77 7654
2 85 3391
3 96 8336
6 46 7755
7 48 7213
4 99 1250
10 52 2977
7 76 2192
4 42 3896
2 75 4276
3 36 5438
7 38 120
5 46 6385
2 38 4365
7 19 7036
3 60 6636
4 84 9219
1 49 1385
3 19 3666
2 13 6256
8 24 330
5 68 4423
9 50 5073
8 92 6267
6 26 7018
1 83 4259
10 22 9069
2 34 3106
7 100 7592
3 63 280
10 85 6468
6 83 1773
1 24 1860
6 14 4815
3 15 4222
10 62 8983
5 47 7493
7 27 5598
5 2 2015
4 45 5334
8 2 6281
4 7 7649
4 49 3221
1 61 1071
4 33 8302
5 42 7652
4 44 5664
8 41 7925
6 59 4673
8 57 343
4 17 3469
8 24 4862
1 97 5464
8 32 204
4 31 4473
7 63 7391
2 80 9540
8 45 2232
9 72 9441
9 9 2048
9 55 1288
2 91 4489
8 87 7162
5 20 9670
4 18 2408
1 37 1623
8 97 2848
8 32 1651
2 97 2178
6 77 897
7 63 997
7 43 6471
9 30 6896
10 78 3765
7 25 9912
1 74 5376
2 21 4178
10 10 5878
6 67 5827
4 61 6057
5 39 9313
3 67 8972
2 33 2976
3 68 6992
7 90 5662
3 89 6971
7 41 4358
1 30 8031
1 39 5063
4 21 3076
5 69 2440
8 29 275
7 28 650
7 13 9391
9 37 3427
4 92 4519
1 80 995
3 21 2297
5 6 3610
10 14 8817
2 1 7954
10 88 800
10 45 6114
3 79 3250
4 28 8198
6 8 1609
6 38 601
2 64 3251
10 30 8214
8 86 5452
6 70 314
2 44 3850
8 25 7780
3 57 1331
10 79 700
10 47 2083
2 52 1663
10 74 9536
8 16 3954
9 44 1917
9 21 1389
10 99 8414
10 4 572
9 54 8352
7 71 2222
5 27 1607
8 39 2746
7 8 6233
9 71 7886
10 79 3452
5 99 5179
1 71 149
3 38 1964
2 66 8450
10 100 2814
3 30 6846
9 29 2774
7 82 9283
6 21 1194
7 55 5367
4 23 4954
9 74 8952
9 50 2894
4 12 6714
3 27 4149
1 39 5484
10 82 4644
3 90 1245
10 34 4904
9 94 6280
8 1 5527
2 8 5561
8 43 3797
10 91 1646
1 85 1491
5 94 2236
6 82 1048
2 89 4086
4 65 4659
8 21 8492
8 49 8511
4 20 2829
2 98 362
3 100 7127
7 14 3969
3 32 5796
10 79 5927
4 34 1786
8 12 4227
4 59 1393
8 41 8364
2 47 6972
7 56 5797
6 85 1087
5 36 4098
9 84 4280
2 5 5316
3 36 7405
2 84 6114
10 73 8
3 32 6227
3 25 4738
9 90 1698
10 73 3278
2 96 7120
5 42 6142
3 78 6925
3 86 6443
6 1 7557
1 23 9400
9 85 5241
1 67 4756
1 90 317
9 13 9391
5 20 3085
3 95 2507
9 46 7181
5 16 5602
6 77 5603
6 38 1842
9 31 6767
3 94 2166
2 78 5851
8 63 872
5 38 5100
4 3 6284
6 67 7806
4 16 2617
7 19 2670
4 57 8710
6 92 2728
10 58 2072
3 65 7719
5 25 8497
1 46 7108
1 38 5857
1 50 8681
8 12 3512
5 92 7225
9 92 1474
9 29 5137
5 38 5953
3 97 8701
6 85 3720
9 21 2004
2 52 4959
5 94 6035
8 3 4582
1 32 8541
1 20 1151
9 72 5646
5 79 5022
1 33 2494
10 9 3097
1 17 8766
2 78 5427
8 76 6492
1 2 6805
2 9 4404
2 72 4191
2 85 6981
1 34 2833
6 14 9741
7 82 4845
2 35 173
4 44 4341
8 53 7148
8 65 8606
4 80 5954
10 60 8025
2 65 3648
7 99 2517
9 64 2135
9 27 6166
5 49 52
10 85 2736
1 69 7591
10 96 513
3 49 1507
3 86 5844
6 62 4352
2 93 1544
7 28 8482
5 45 9649
5 5 2080
7 74 6536
7 60 4459
9 62 1554
6 31 1329
7 66 9202
10 46 183
3 85 7236
4 55 7432
6 75 8785
9 31 3212
8 80 7908
4 43 6166
6 74 7023
10 72 5693
6 82 2244
5 96 2457
7 82 7137
3 88 8785
10 21 2798
5 87 2274
5 97 5621
4 46 5894
3 10 2739
5 13 4971
1 21 710
4 22 6125
3 24 1426
3 27 2676
3 58 8158
1 55 7906
3 68 5745
10 70 9499
2 23 7755
9 35 5437
5 97 9740
5 92 4540
6 86 1104
5 91 6755
4 47 9447
9 95 8733
10 97 2251
5 6 4643
3 29 2608
9 1 5425
2 34 4163
9 39 2531
2 92 6718
4 58 7679
2 87 3694
7 45 7870
8 78 6900
7 8 2935
4 66 7573
4 59 1276
2 32 1767
3 22 9115
8 47 6301
6 5 846
1 41 7981
3 96 5323
7 17 9735
7 74 3955
5 12 9263
2 99 9188
2 9 3964
9 26 7079
2 74 8865
6 70 1572
8 70 936
6 58 1522
8 73 7855
7 94 1187
1 71 4026
5 40 7832
5 14 3235
9 15 9257
7 60 6413
6 17 1944
7 37 7585
2 13 7962
7 5 3047
4 65 5260
7 60 5832
8 7 1799
9 81 9523
3 58 3364
4 4 7454
4 89 1791
9 65 5446
8 31 3800
6 51 4129
9 5 6850
2 10 8526
3 45 6538
4 62 9900
4 88 8316
10 33 5048
6 35 2834
6 44 6697
9 21 8052
5 85 7771
9 22 7955
10 25 3744
6 65 7685
4 99 1781
1 21 1663
9 46 2483
10 9 5394
10 40 9513
6 86 9684
6 83 7307
9 94 2078
8 13 8130
8 51 5622
7 52 2068
10 63 6723
2 65 3699
5 87 9337
7 84 9561
1 73 5603
9 52 1511
5 9 2645
5 87 7415
7 63 1396
3 56 9290
9 75 1009
10 58 199
9 51 4241
9 50 5166
7 4 9413
2 22 8581
9 73 7780
2 79 3728
1 5 5161
5 75 4989
5 28 987
6 52 4072
5 39 3309
3 65 2675
4 30 39
3 58 8915
3 48 6803
2 19 8114
3 69 3201
10 84 3620
7 37 6825
4 53 6789
10 9 1636
1 16 2172
5 31 7854
9 63 7574
5 21 969
2 35 4110
6 65 4411
1 56 363
5 65 2725
1 3 9370
7 9 5248
3 50 9639
2 22 9217
7 51 6638
10 7 9599
7 29 794
5 31 1516
1 24 5414
5 78 5732
3 99 5403
8 84 3423
10 100 5122
5 32 6762
9 57 8249
4 24 4208
4 77 2617
9 40 3799
4 74 4242
4 43 4182
2 39 89
8 90 5564
6 63 6839
1 96 1373
2 80 4401
4 19 3712
7 37 7657
1 5 12
1 76 5745
5 91 2912
9 60 4123
1 21 1417
5 66 1051
3 39 1497
10 95 1896
8 82 322
10 88 9284
5 83 1630
4 64 6669
2 45 7330
7 42 8738
3 34 1770
3 42 3460
2 85 6067
6 16 7756
6 25 7689
2 38 8897
2 23 3694
4 81 8576
7 42 4588
10 22 6137
3 53 3073
1 24 494
2 94 427
2 75 8090
9 59 4680
5 34 6199
3 78 9954
5 63 2534
1 28 3783
6 57 1160
2 55 578
8 46 8286
6 17 578
3 6 2476
10 92 3995
1 66 7769
3 60 4979
1 73 8373
2 26 6790
4 26 8008
1 79 8254
10 94 6509
4 99 5191
8 1 4194
4 79 9422
10 84 1569
4 22 1171
2 36 7375
4 21 7322
6 55 3532
5 34 9680
5 16 7900
8 72 7004
3 42 8484
5 6 2821
5 2 5090
7 34 1833
8 92 3750
7 83 8991
5 84 690
4 35 7814
6 82 705
3 46 9558
1 69 9398
4 43 7886
6 57 2852
3 58 8
4 42 3135
7 33 4301
1 39 89
9 75 2183
10 9 4615
1 89 2949
5 23 4218
6 95 2132
10 23 853
5 80 7723
10 18 9100
1 27 6490
1 43 1659
7 23 9192
10 77 1413
1 46 712
3 27 6295
8 32 846
9 9 5410
6 42 1745
8 67 8731
2 97 9980
2 95 9589
10 99 9466
7 78 6113
6 5 139
10 31 554
2 36 9213
9 31 7623
8 43 1933
2 10 4137
2 77 9444
5 4 3845
7 44 917
6 53 5298
6 5 9485
3 35 2065
6 72 1570
1 85 4405
8 44 9452
7 38 5235
4 90 902
7 13 7788
8 14 6154
10 70 7358
7 100 6736
6 32 6523
8 46 5488
8 12 1663
3 77 5563
8 14 4258
1 75 5662
3 65 3152
2 88 6170
7 17 6023
10 90 51
4 20 8289
2 95 7162
1 89 8867
10 89 8950
2 98 2732
6 20 2994
1 86 1761
3 39 1848
2 12 7156
6 9 9714
4 40 5020
3 5 1493
9 35 5865
2 22 4544
3 72 8648
2 39 6207
7 89 1478
2 83 6199
9 51 7929
4 38 3135
7 27 1578
7 79 6616
7 28 3614
3 50 6702
4 66 6717
9 96 6609
4 50 8373
6 60 3132
6 43 2218
4 82 7058
9 92 7005
8 63 4472
2 8 2224
7 61 1127
8 9 8737
10 77 3698
6 20 9871
1 3 1357
8 63 2203
10 82 3152
2 71 8565
8 47 759
3 79 7489
7 13 6604
6 6 4658
5 39 9796
5 38 8604
8 23 791
8 27 1463
5 98 8762
4 86 9142
3 55 27
7 40 4310
9 87 8726
4 98 6277
2 41 8640
6 6 748
5 66 9410
10 9 8773
9 50 450
6 13 3551
3 64 6541
5 56 8344
10 5 6824
10 68 582
8 53 360
8 20 3434
8 68 4629
3 65 8856
2 10 6668
5 20 3345
1 65 7315
2 93 1662
4 69 3514
7 58 4809
9 30 2156
5 81 1993
9 19 4641
2 46 8499
2 58 2010
3 26 5444
6 61 4828
2 87 5374
2 76 4487
9 21 8143
6 89 1715
10 22 4239
8 73 9970
1 79 359
5 16 4301
10 91 9274
6 13 6911
3 73 5572
9 65 9636
3 96 1758
1 81 4497
10 27 6333
7 22 5383
8 23 6179
10 100 6527
5 48 3168
9 97 6935
4 23 7296
9 50 8561
1 88 9377
3 20 2317
2 71 6154
7 95 7868
3 50 5989
4 9 3483
3 88 4242
7 77 1820
6 37 8340
7 8 1071
1 85 3020
3 14 5919
10 87 3849
4 21 2290
5 37 5317
5 51 546
10 2 7987
7 71 6364
9 42 7425
7 55 6056
6 100 1996
2 92 3457
5 76 3370
4 98 8457
6 33 9964
6 52 2013
8 17 85
4 1 1737
3 89 5405
7 46 1767
5 65 7962
1 22 215
7 20 1578
7 84 8386
4 21 2513
8 2 3328
2 96 5947
3 37 8579
9 20 3296
6 77 8031
10 6 6855
6 14 2509
4 35 1390
9 56 1913
2 4 9199
2 87 8399
2 55 9942
2 26 2530
8 21 6418
7 95 3091
1 38 2786
9 22 6311
1 8 5725
1 41 6511
6 86 2078
10 79 270
7 6 1918
2 95 2698
8 72 3276
9 7 6121
9 80 6861
6 30 6960
8 32 1684
9 54 9436
1 88 1983
3 33 244
1 19 3880
2 69 690
2 44 9345
9 35 3287
4 99 6985
2 25 9524
2 2 8276
10 57 5552
10 70 8461
10 2 3072
4 44 6423
7 68 5891
10 79 1656
5 61 5895
5 25 7545
8 68 7800
4 59 7675
4 57 819
10 50 1456
5 59 3211
7 92 9321
2 27 3842
2 91 1122
1 89 9307
10 26 2994
3 35 1151
5 49 323
10 50 5853
4 45 4363
1 41 8238
9 77 1694
3 76 770
6 98 4163
2 41 6430
8 76 486
2 36 6211
1 100 1424
3 82 1084
7 45 5179
6 37 1347
7 4 741
5 1 2417
8 18 8888
7 43 5057
4 43 9064
3 99 8982
10 16 7622
10 37 34
7 81 1725
7 48 5794
3 49 9843
10 39 8849
3 51 5967
5 6 5364
4 82 7153
7 66 3169
1 2 7732
2 99 9699
4 88 6034
4 54 1672
2 15 8464
8 12 7487
3 71 7936
4 1 5201
3 81 7137
1 69 442
3 50 7961
3 17 7220
5 62 4817
6 26 7390
3 92 5829
5 97 8843
2 64 7457
2 42 6773
4 47 3556
7 49 9365
10 52 6457
4 14 5468
10 77 5018
2 5 8487
4 27 102
6 92 4735
2 91 7848
5 100 9349
10 73 563
5 78 2666
4 55 8322
9 28 4720
10 41 4080
8 22 8713
2 44 4594
5 89 205
4 9 5060
10 25 2836
6 9 7400
6 49 1802
8 45 9418
6 90 3245
5 22 1740
5 73 4052
6 93 1129
2 38 4063
5 100 6896
2 17 7913
5 40 7869
8 77 193
10 67 3089
7 39 9614
9 10 3738
6 28 7044
5 57 5158
4 4 5828
6 52 9849
3 63 2469
7 81 4662
5 45 4056
4 54 5425
1 56 2300
8 49 6187
9 57 4385
3 20 2301
7 49 685
4 55 6856
2 85 5918
1 12 549
9 51 1923
8 4 5240
6 23 9214
10 8 8381
4 85 9357
3 58 8649
4 33 9524
5 100 6566
5 24 4824
6 47 8894
9 56 9958
3 29 8976
8 38 8881
2 23 3536
10 29 3269
1 67 4299
5 37 4520
1 4 2471
7 28 3965
1 49 7275
2 75 2931
5 25 3775
9 99 4834
2 10 5454
10 17 1768
8 84 128
2 38 3354
3 10 8647
1 29 9994
6 13 5566
4 75 1535
8 33 9029
1 50 6485
9 51 8243
10 90 8865
6 92 2519
4 98 8457
3 98 3841
1 4 7062
2 17 1313
8 73 4836
10 50 810
10 19 4074
3 72 4316
2 7 7744
9 50 3642
6 60 408
4 62 707
6 11 7922
7 80 8475
5 99 3201
9 33 2786
9 37 5988
5 38 8349
3 16 3946
7 70 8428
9 2 6590
3 30 1128
8 95 1303
3 81 2512
6 1 3636
5 58 2789
4 46 6970
8 17 9620
4 69 9960
7 55 9670
10 18 3905
10 82 4803
8 84 769
5 48 8124
5 25 8739
2 92 6707
1 38 4809
10 74 1962
3 15 8212
1 7 5739
7 86 8196
8 32 1454
9 28 6669
2 53 4895
1 49 2497
7 80 5856
5 17 2963
4 21 2138
3 46 8511
7 87 4540
8 89 1457
10 68 9869
4 16 9643
3 22 5883
3 79 6278
3 96 9742
1 21 3389
9 64 8758
6 67 343
10 95 2493
7 88 6487
4 49 2395
8 9 5363
4 68 9604
7 87 2190
1 50 217
8 83 4695
10 76 6117
4 34 2856
3 91 2619
5 3 3464
2 34 3633
1 54 2124
4 1 8190
6 21 7216
4 74 2060
3 1 7686
1 73 5875
2 28 271
5 42 452
1 40 1246
1 32 7728
5 73 3110
4 50 8969
3 27 4637
8 95 3814
1 93 8019
4 9 19
8 84 3715
4 64 5057
6 78 3544
7 65 3258
6 17 73
3 84 4389
3 34 2646
1 53 55
3 32 7507
4 73 1344
7 56 7346
2 48 6130
6 14 602
1 59 233
2 92 5498
4 55 5168
9 83 3576
8 93 9676
9 6 9084
1 9 6715
3 30 9182
9 61 4102
7 39 6564
1 61 4955
6 3 7151
9 54 5006
1 76 3108
5 82 2404
9 47 4899
7 91 342
5 90 4426
3 23 4557
2 14 7362
1 85 9899
2 33 3996
7 90 4626
2 74 3438
5 25 6452
2 77 4609
5 84 5802
8 15 4571
1 25 2734
8 98 5960
5 94 6404
8 58 686
6 38 1656
1 70 4416
6 12 449
5 61 1176
9 31 8014
5 3 6389
3 70 3127
4 50 6434
7 38 8730
5 14 7554
2 12 9366
7 74 8661
9 96 6627
5 29 3272
6 40 6345
4 99 4744
4 67 459
9 88 3185
3 69 2382
9 22 66
9 26 2227
6 39 4656
5 76 4386
3 94 4609
1 47 1872
5 44 8660
2 46 6891
5 2 9068
10 59 1399
4 29 3943
6 11 8432
7 63 340
4 45 6092
7 71 9869
1 40 4584
2 18 3782
9 54 8351
7 47 6595
7 56 5826
6 40 9803
1 24 1510
3 41 3965
2 60 5620
6 80 4092
1 2 9147
8 25 220
6 100 4373
7 28 7964
1 62 2937
10 56 2763
1 91 7657
6 84 7344
1 6 5420
5 41 6702
2 59 6216
6 72 8018
6 78 6629
5 9 6171
4 100 8953
3 92 4173
6 16 1629
9 30 7596
4 61 4530
3 87 8701
8 55 3770
7 37 3972
7 85 4398
4 18 2227
8 18 6164
3 25 6148
6 26 6676
3 10 3985
3 64 1401
7 33 7441
5 2 5202
3 96 8556
5 31 1542
5 98 6589
10 91 6821
4 48 8825
10 90 3700
1 88 121
6 36 8165
8 18 1914
9 15 2159
9 4 9294
4 15 5050
8 83 9886
5 84 4640
6 72 2237
2 67 5523
7 29 4914
4 46 1773
2 56 6775
9 29 812
8 15 4460
4 58 3516
10 92 7010
10 10 2841
4 59 5875
8 58 9125
10 68 8068
9 97 6887
10 57 3656
7 58 3453
9 61 7803
8 12 973
7 59 9293
1 80 7268
7 47 3267
10 72 7535
4 86 2068
1 48 5872
3 83 6890
1 6 4550
1 19 9121
8 67 7565
6 66 8643
3 65 129
7 4 5145
1 1 2509
8 36 5868
4 72 1663
1 94 2215
3 70 5017
4 21 2669
8 80 6926
2 76 7692
9 5 4525
10 15 6139
3 8 2830
3 21 5261
7 87 8849
2 94 4967
6 16 7099
1 1 8319
10 15 836
3 33 7744
9 96 4308
1 15 5847
4 9 7432
7 36 6202
2 38 8649
5 61 6456
10 85 7938
6 98 7848
4 75 8861
10 16 6059
1 77 5576
4 86 2726
1 52 6299
2 18 4301
3 24 554
7 48 6329
10 28 3850
7 78 2283
3 60 8583
10 49 5607
8 53 5693
3 10 6290
9 84 9146
9 71 3468
8 100 9055
9 88 8026
6 69 3418
3 14 1385
1 62 7549
4 100 5725
3 96 9584
3 51 4890
9 16 558
1 2 7531
9 39 659
1 25 2954
9 15 1514
8 87 2310
2 3 9962
2 3 8765
2 65 2228
4 80 1717
9 59 9089
9 10 59
3 70 819
6 36 806
7 40 4350
5 26 7461
5 80 5448
5 25 1150
8 53 5675
2 63 1627
6 6 9659
9 11 1149
4 78 8438
5 72 5111
4 65 6852
8 7 1415
7 89 2635
6 24 6084
3 69 7190
7 52 3231
7 51 2915
8 91 5896
3 65 9579
5 79 2536
3 39 5019
2 60 8573
2 95 9744
6 77 4618
5 40 1416
3 63 3558
3 86 8899
5 34 8835
4 89 2069
1 57 9056
7 95 4181
4 48 4918
3 16 854
9 22 4028
6 9 2875
6 94 9153
9 97 3375
1 81 7494
8 34 8892
9 61 9432
7 61 4625
7 55 28
3 18 8737
10 44 4498
9 51 3068
9 67 361
5 44 9680
4 63 6380
6 40 705
1 43 7499
8 10 8619
6 16 9066
3 1 1056
8 84 4176
2 93 9886
3 57 4442
4 57 8163
10 57 7246
5 62 1442
5 18 3632
9 42 4873
8 51 9065
3 43 2527
6 9 1458
4 41 5519
6 34 4903
3 72 8288
9 3 8732
5 75 4987
8 45 7818
4 38 1595
7 63 5881
3 2 1214
1 25 2872
7 8 2242
4 55 6219
8 33 9607
2 48 6844
6 69 6864
8 21 9822
10 11 7452
3 29 9679
7 22 7466
3 99 6499
7 36 5385
9 87 1378
8 37 3834
4 31 4544
2 51 987
4 19 9632
3 54 9618
8 65 3980
4 96 3867
3 92 9334
4 44 8915
10 46 1721
10 80 8033
4 22 4717
2 21 6134
1 78 4994
7 16 8364
5 32 8390
5 40 224
8 61 1880
2 99 7467
5 19 1202
4 96 3498
10 35 3213
10 91 3516
9 100 1295
9 4 8488
4 16 548
2 34 6174
10 9 6310
10 22 9408
2 67 6802
1 89 1088
8 98 1831
4 82 5619
6 66 1542
8 64 1924
6 13 5757
2 75 4129
6 11 4367
9 63 4188
4 73 6767
3 2 8295
9 8 1969
9 58 1356
3 90 828
1 41 9482
3 51 8989
2 51 6601
10 91 2646
7 79 1586
7 80 9252
7 75 91
9 71 526
2 12 662
8 11 1182
7 23 589
2 9 701
2 45 780
4 17 2717
1 37 5813
5 80 3137
7 15 813
5 11 4720
5 26 409
6 30 3329
7 22 57
4 14 3705
9 28 3210
9 17 6561
7 79 859
3 54 2448
6 50 5160
10 31 6091
4 27 6034
7 90 3279
1 16 2039
1 16 5597
1 53 1529
5 42 5525
6 45 8588
5 99 442
2 32 1015
9 33 6843
8 84 2530
10 57 7030
1 72 9793
10 99 6097
8 13 5932
8 93 3056
10 43 5360
2 49 9374
6 71 1111
1 88 8416
3 72 1062
7 53 1312
6 27 4978
6 83 1094
1 89 9039
10 20 2218
4 99 6629
7 98 6345
10 38 5146
1 72 8560
8 14 8948
9 60 7593
6 25 7941
9 90 5298
2 87 571
6 81 8566
4 25 3515
4 99 606
8 3 8354
1 5 9768
4 80 4842
7 16 8476
3 10 5745
4 75 2880
6 85 7640
8 1 6864
5 81 6945
1 100 8666
10 53 3211
1 94 2016
6 94 9847
7 12 6696
3 10 1196
9 33 6202
2 19 8601
1 82 9136
8 88 9516
10 70 5668
3 26 86
4 18 3016
2 7 8658
6 24 3462
4 28 3736
4 24 6977
7 82 7514
1 26 8041
3 67 5977
5 27 9048
9 41 133
5 45 8886
1 16 3166
4 100 6066
3 82 8006
8 81 7464
2 20 9429
2 82 7897
8 33 9184
6 12 9901
7 65 359
9 34 1791
4 17 4731
8 31 7954
9 34 1165
9 47 8891
1 53 288
5 27 3860
4 55 1097
8 40 3853
4 99 1158
3 88 479
6 29 5289
8 70 2701
7 16 1695
2 18 7582
3 88 8723
7 65 1265
10 22 6615
4 83 6285
5 56 5416
2 99 226
3 21 646
4 24 5226
5 100 4992
6 15 6075
9 52 595
10 20 5492
5 19 8206
9 22 9870
9 26 1209
1 45 7070
5 11 1357
7 84 1826
8 30 6085
5 83 4654
10 31 8646
5 21 4555
4 89 6320
2 31 7064
9 48 3470
5 60 3316
6 1 1189
7 72 7728
6 47 6128
4 33 824
6 71 756
3 89 7014
2 38 6734
2 75 6432
4 31 6946
1 27 8711
8 84 8891
5 57 5079
8 82 3739
5 80 8706
5 26 4052
6 2 8088
5 7 7555
4 27 8534
7 95 2732
7 64 6222
6 77 8035
5 100 6978
4 53 8542
10 33 7937
3 60 8689
3 92 453
8 57 1155
6 72 6005
8 5 7369
1 58 6114
7 31 1534
5 89 5253
7 15 4988
3 10 8394
4 34 8087
7 1 4141
8 56 6119
4 31 6912
10 7 9573
1 94 9114
10 8 1425
4 22 8583
1 28 5618
8 42 3691
8 82 7367
3 94 5860
6 27 3182
7 9 8442
5 85 5737
10 27 8516
9 7 6850
7 33 8011
6 97 6453
1 71 2828
2 89 906
8 26 7657
6 75 514
7 87 5014
5 34 9272
6 90 9184
10 21 3231
5 61 6358
8 47 4210
7 81 7863
4 99 9515
7 80 2418
7 36 3234
10 39 6760
5 27 5118
3 69 7135
5 9 4305
2 1 3792
10 73 4852
4 3 5656
5 30 5809
10 6 6629
3 8 6928
6 52 1442
4 57 88
9 20 3243
3 81 8739
8 34 2674
9 4 524
7 16 3149
8 7 8815
6 40 8079
2 33 9615
6 65 3225
9 59 6040
10 36 1385
4 78 561
8 69 5120
2 68 8582
8 11 8229
8 21 583
6 27 9697
6 30 3463
8 16 3563
6 13 2495
1 31 4759
3 99 1772
6 1 4415
6 64 8779
7 12 7833
2 46 8327
7 59 5479
2 70 9177
5 23 9796
2 10 5048
8 31 8342
9 82 5679
1 69 3139
3 36 1072
4 56 9945
7 98 4833
7 74 3904
2 28 7246
1 67 9114
3 12 8568
1 98 7726
5 11 7126
2 52 7958
4 8 1554
9 57 9992
8 42 1283
4 27 9372
3 23 8288
1 11 9768
5 6 6098
1 36 8270
9 9 1597
10 64 3018
8 77 7132
4 35 860
9 24 9107
8 10 153
7 91 1428
8 30 4578
1 2 892
7 54 577
4 98 8217
7 84 7820
3 8 5404
4 32 3226
1 50 9747
7 19 5035
5 11 962
1 17 4631
3 98 9539
10 20 7653
5 21 2567
4 38 614
8 39 6701
8 90 407
6 11 1471
6 21 8077
6 33 6804
2 45 3769
3 40 2111
5 69 6668
3 78 2392
7 38 8285
3 49 846
6 21 7207
2 20 1680
3 73 8030
6 23 3664
1 31 5801
5 69 9898
6 11 1970
3 23 1734
2 45 5267
8 52 433
1 77 3762
1 24 6738
2 20 5556
8 1 9947
3 16 6597
9 61 3938
2 85 7372
5 64 9895
1 28 3494
7 51 8511
3 73 2427
10 5 6828
5 10 9596
5 37 9866
7 67 2691
10 21 7156
4 36 8885
1 44 6972
8 69 95
8 19 3154
9 19 8681
6 30 4080
9 65 4670
2 17 3167
6 54 560
1 90 8316
10 34 3949
3 8 2374
6 44 7392
1 2 1846
7 66 5803
10 75 5973
2 89 9264
6 18 8637
1 76 4690
8 97 2645
3 63 6686
6 18 4134
1 35 6728
1 45 4213
7 12 6575
9 38 2856
10 85 7431
5 17 4670
5 65 1479
3 96 7758
1 8 4165
9 46 4823
3 28 1972
7 24 9906
5 83 4782
2 8 5472
4 24 8251
6 23 4898
7 59 3
1 52 7272
9 26 972
7 28 4707
8 39 6874
7 50 2138
1 31 571
5 82 1091
7 21 21
2 8 9536
3 43 7238
6 18 1715
8 43 2541
8 18 51
9 97 9598
2 95 3771
1 57 2434
5 87 2260
7 45 6946
9 6 8577
1 20 1174
9 99 6888
5 38 6369
5 92 4977
8 73 7815
7 97 383
1 3 291
4 27 5841
4 11 6822
8 15 8309
6 25 6533
8 54 8852
9 83 7214
5 49 3366
3 17 7562
10 10 4577
4 97 7011
3 31 5012
8 91 3605
4 59 3449
1 48 9256
10 35 3379
6 93 530
1 28 4783
7 73 7817
5 27 7994
6 33 9685
3 49 627
8 62 6195
6 55 3057
5 80 1138
10 14 8631
1 65 392
5 1 8501
5 67 4388
10 13 5150
5 32 5102
10 99 1116
2 11 9472
3 65 2007
7 33 3376
7 96 8989
4 90 625
8 35 20
4 32 5168
1 54 1408
9 26 1215
7 15 8829
6 86 9699
4 85 4012
8 46 5542
1 26 3319
3 23 2468
8 44 5422
3 16 3709
9 84 81
10 12 8542
6 83 2502
6 62 5690
7 40 8578
3 44 9912
8 38 2833
5 52 1342
8 9 5431
9 43 2940
5 55 5896
9 74 7695
3 100 768
2 78 588
10 18 5080
1 1 88
8 75 2195
1 60 7566
4 74 767
6 9 8207
3 97 262
3 82 8279
8 13 1101
4 93 3045
6 25 8599
8 36 1374
4 18 8789
7 24 6481
9 95 9988
5 100 5993
10 69 2056
10 20 788
7 54 6747
10 52 718
3 36 559
9 71 9418
8 61 2355
6 26 197
9 33 9634
2 48 6750
3 34 3146
5 42 2200
2 98 5165
8 82 2062
3 23 5100
7 86 8957
8 14 404
8 9 98
8 51 4267
4 14 2811
9 55 4096
6 80 5105
2 39 389
10 25 1159
7 19 7358
3 44 5845
5 72 881
8 30 1445
10 72 172
8 12 2858
8 6 6665
2 78 4265
4 80 6607
5 12 1081
8 88 8637
10 42 1739
5 71 4216
8 19 9359
3 71 8476
10 11 8055
1 3 463
7 55 3458
5 55 7537
1 93 9574
8 53 2405
10 59 2515
8 87 3
5 54 9832
8 29 6206
7 45 2399
4 77 8978
2 21 2210
6 88 4910
7 92 7493
6 76 5090
1 45 7484
2 59 1179
2 51 1204
5 84 7034
1 63 3561
8 96 9272
5 72 2543
4 62 4257
9 2 2615
6 52 1541
1 35 2461
4 66 2609
9 30 1475
10 83 5336
3 42 5087
8 37 8121
7 80 4446
1 93 6541
6 96 233
2 29 3685
2 46 5654
2 78 902
7 65 7633
1 91 3087
6 80 5031
7 28 3141
2 15 1288
8 12 1841
1 71 9303
2 88 7997
1 49 1201
1 56 6675
9 69 7518
6 58 2358
1 87 1363
5 45 1326
7 58 5305
9 7 1167
6 71 2478
1 4 5698
6 53 8208
5 77 3900
4 82 6567
6 16 4582
5 62 742
2 47 7673
7 2 288
6 33 9389
10 86 90
1 34 5576
7 44 4686
10 15 9380
8 6 8984
9 8 9487
5 83 6767
1 80 6453
9 39 6826
8 36 6082
4 1 186
9 11 7484
8 23 6600
2 66 6921
3 88 2670
5 97 2418
6 49 4028
3 74 6781
1 76 4679
8 77 2713
4 71 7801
3 24 6367
5 82 3834
2 5 3394
8 50 5923
10 91 2537
4 76 4484
3 94 361
5 15 2764
6 86 9970
10 100 3477
4 4 7159
4 11 2213
8 46 1527
7 37 3824
10 15 7424
1 38 2887
10 35 3781
2 35 5421
1 48 7234
4 53 9060
2 7 4191
10 58 7589
9 35 9746
10 97 2708
6 56 4414
2 15 3258
3 70 9528
6 5 6579
6 63 6269
7 47 5433
1 34 9897
2 45 8883
9 63 4220
3 17 5912
2 22 2096
8 17 4337
4 64 899
7 63 1350
7 39 1961
7 53 3276
6 56 4887
6 43 8033
3 52 6810
9 79 195
9 10 7159
2 57 2409
1 79 4940
5 52 9745
3 55 2289
4 41 9104
8 84 4861
6 6 4482
10 60 72
9 98 7888
1 39 4686
9 24 4545
9 70 7380
7 31 305
9 65 7395
8 58 6658
3 1 1841
10 69 938
2 51 9861
2 93 1179
2 86 585
6 49 4884
3 81 2854
1 84 2758
2 70 6079
3 59 2883
4 42 8447
5 82 2341
9 31 668
3 37 9271
5 74 9356
3 31 9558
4 76 3276
5 7 4366
10 71 5429
4 86 2174
2 89 9240
1 23 7949
9 85 3944
10 83 7453
1 34 5174
4 98 4625
10 61 2598
6 98 2761
3 34 8333
10 62 8378
9 21 6659
2 85 4286
3 45 6539
5 61 662
4 79 9526
9 46 1098
7 99 4797
8 93 8391
10 23 5663
8 98 3806
5 16 8980
6 60 8063
10 44 7751
10 44 8935
6 95 9106
4 26 714
3 38 7007
7 4 3655
2 98 2702
8 70 2353
3 28 6965
7 41 2629
8 24 9779
5 35 1078
2 96 3820
5 44 9952
8 24 3339
3 67 3957
1 79 6087
7 54 6599
7 51 5520
4 52 1480
3 10 1018
6 59 8028
2 42 5935
6 22 5096
7 58 2862
7 50 3558
4 20 2004
5 58 5951
10 14 1705
5 83 1596
10 72 8189
10 40 8617
8 12 1841
10 98 4090
6 3 5257
2 77 4411
4 60 3716
5 99 4455
1 99 9036
7 84 5910
1 50 8083
4 9 4749
7 81 9895
4 39 692
6 39 8359
4 79 7718
1 92 5152
3 63 3699
4 38 7705
4 96 783
2 98 7438
10 63 1407
8 3 5151
2 86 677
3 9 6649
7 54 831
2 14 8201
2 65 1055
4 96 6303
9 20 854
7 74 3950
8 100 8096
3 28 7541
3 8 6496
10 14 2432
5 21 999
3 78 6041
8 4 9893
10 19 8789
3 94 3780
1 87 4343
8 60 1627
3 65 8016
1 20 3031
5 38 3277
4 29 8110
3 10 3096
7 50 9618
10 67 798
8 93 5015
1 57 505
9 39 9985
8 70 1188
4 43 8890
9 57 4957
1 88 6990
3 78 6509
4 87 4316
3 64 4281
4 64 297
8 48 5435
9 40 5121
2 49 2215
6 17 4737
9 78 7115
6 55 6648
1 92 4492
3 98 5123
2 34 5449
5 77 4794
4 70 4665
5 99 3029
6 99 1994
10 30 3643
1 77 6016
10 73 9905
9 20 6887
1 32 4951
1 82 8878
6 27 6493
7 43 213
5 32 7390
8 77 1485
4 46 3116
10 92 1659
5 93 3585
7 41 7723
5 17 5530
6 66 9733
8 13 6354
9 78 7778
1 29 4207
1 1 4551
5 64 2690
7 5 457
5 42 5661
7 85 2408
1 37 6686
8 51 2108
1 31 7617
5 98 2960
6 6 4132
1 6 4506
5 18 179
1 74 2939
1 69 982
5 43 4461
2 14 2425
7 62 7778
1 59 2720
3 22 4740
1 67 2616
9 73 264
7 42 3281
2 47 1239
3 84 6
4 18 9001
7 59 2259
5 22 5923
9 47 7767
8 79 7530
9 89 5262
1 59 5760
4 63 5684
3 77 5324
2 62 9664
10 95 2748
7 91 6782
7 27 4295
2 26 9974
9 31 9666
7 55 6916
2 89 4112
9 3 9339
4 47 6007
9 92 3327
4 65 1718
4 74 2426
2 85 4934
5 55 3917
5 96 4318
1 40 4713
6 43 2325
10 2 8774
6 1 7291
6 5 8534
9 24 3188
3 32 3075
8 92 1847
3 93 7092
7 31 5492
3 79 1136
1 33 7330
4 58 1336
7 33 4927
8 66 356
8 5 2224
8 49 2447
10 4 1613
3 73 2901
5 3 9461
10 9 6758
5 71 6398
10 75 2360
9 72 6332
3 29 7962
6 68 3894
4 79 3942
10 76 4150
2 84 4260
7 29 6027
4 76 5975
3 96 1614
6 94 787
9 42 7419
5 60 605
4 11 9802
7 88 7240
6 28 318
6 22 3707
3 56 8659
9 21 4478
5 99 4235
10 95 4737
7 1 3946
3 94 218
2 52 4358
7 56 4102
7 61 8059
10 53 505
10 41 5238
7 18 719
1 53 1699
6 32 9640
2 22 3022
6 36 8212
4 52 9553
1 28 4908
4 61 7188
10 89 4874
1 22 8645
2 70 3407
1 73 658
4 92 5392
5 34 1120
7 17 6748
8 77 6524
1 6 2174
10 71 380
10 3 7398
9 79 6164
10 49 7950
4 62 6473
1 23 7541
8 34 9855
6 50 9321
7 42 7888
8 99 6593
2 20 5518
10 71 3018
2 56 9650
7 11 7917
7 58 746
8 88 3838
7 60 1835
2 32 9700
9 52 2574
3 20 71
7 4 6135
10 41 1402
8 80 1176
10 99 440
9 98 9887
10 12 3385
10 55 5866
7 47 5365
3 19 1674
7 3 4455
7 95 8518
6 81 200
6 91 5715
8 57 9740
5 36 7641
10 49 2403
3 14 3375
8 2 3380
8 64 3443
9 41 3681
7 18 8585
5 25 9074
7 54 529
2 87 1430
3 47 2729
4 28 7941
9 44 975
1 97 3206
5 27 179
5 68 5091
6 19 5785
9 65 4937
4 51 7342
5 75 7178
2 83 2771
4 9 9572
8 80 2031
4 52 9855
9 4 5734
7 9 169
4 20 782
8 58 3664
9 28 2008
2 52 4293
3 89 2581
2 63 7143
6 78 9221
4 64 543
8 46 7023
3 88 9481
2 92 3833
8 30 3939
4 63 8755
1 34 3304
9 33 2770
8 56 762
7 48 3757
4 33 1789
10 78 2768
3 90 8419
7 74 9292
9 68 5980
5 75 8812
9 9 1594
5 96 2991
7 96 283
9 4 5412
1 74 7627
9 54 9876
4 52 2313
2 69 9986
7 80 4020
7 74 4731
2 89 6244
1 73 7132
3 45 2286
10 31 9296
1 65 3547
10 31 5843
7 50 1080
4 8 5006
7 48 8692
3 17 677
3 11 8227
2 71 6680
8 2 4026
9 82 9175
5 96 5987
10 99 2878
4 15 3870
9 60 9078
6 78 230
9 9 4604
8 77 1394
6 42 846
10 2 7698
1 63 646
8 6 8118
6 5 1091
10 65 3432
3 19 1422
8 49 1440
10 15 876
7 63 987
10 42 2283
3 10 2401
7 81 270
1 30 1537
10 4 6179
9 76 8689
4 51 1099
9 74 1037
2 8 1591
9 25 8536
5 61 6781
3 65 9558
10 42 9938
10 66 7963
3 50 6531
3 79 8956
2 46 2247
1 34 4385
6 96 8176
2 84 1446
4 74 6249
4 27 6732
8 76 751
3 27 7342
4 53 8861
4 39 8872
3 76 1357
4 70 8924
7 72 8094
7 71 5889
10 63 4227
2 27 6905
7 65 3528
3 60 8348
4 7 7615
3 86 5797
3 43 6070
5 27 1156
8 99 6297
1 69 7263
9 4 3723
9 35 5182
3 7 9011
1 39 6671
9 28 2269
7 3 4487
1 8 7378
10 81 6844
7 65 3025
9 9 7768
2 74 3159
5 7 3898
4 50 8231
1 3 9111
4 84 8608
4 12 544
1 19 2530
5 95 3798
4 11 5023
1 11 6585
7 52 9280
7 72 779
1 98 2727
3 70 3187
9 9 6707
3 37 3305
2 6 7271
1 88 248
5 18 2223
3 78 2648
4 80 928
9 69 3324
10 40 4157
1 31 1783
2 45 6790
7 95 8761
1 90 4779
6 50 3902
6 59 2806
9 77 4607
10 96 9720
8 46 8555
7 72 2701
6 24 8418
9 43 3094
1 21 9728
9 4 8734
9 84 9220
5 82 7277
10 49 3661
10 43 9022
1 33 6633
2 81 3421
3 41 6211
2 50 7149
8 56 4936
9 9 2172
3 17 7122
8 1 1561
3 18 303
10 56 3506
9 6 4274
7 52 7493
9 69 7313
8 44 4213
8 12 3202
1 48 5231
4 12 3182
10 30 1525
6 45 6407
8 42 9602
1 13 8655
1 9 2092
10 14 7664
6 50 2847
8 31 7145
6 57 1028
8 57 5038
9 48 2106
6 90 4496
7 61 845
8 45 8768
4 49 6080
6 33 147
10 23 9466
8 31 3557
4 43 4703
7 42 2534
10 17 7444
10 4 6819
1 97 8800
10 21 4955
10 9 9851
7 33 8682
8 25 9847
3 84 2001
7 11 4592
8 10 4160
5 73 8909
9 4 1772
3 38 1693
8 43 3332
6 85 890
7 8 2915
10 95 4993
3 15 4503
8 92 7721
8 1 2125
4 32 4995
4 19 607
4 42 2153
5 72 1232
3 80 7728
10 75 4340
1 85 8052
1 1 9117
10 75 3352
10 79 4217
1 79 8870
9 41 6664
9 79 5545
9 11 5557
5 23 7327
1 95 2487
2 28 5551
2 99 6161
9 85 4777
7 22 8480
3 5 7530
7 70 9994
9 69 1644
1 40 4483
2 79 9153
7 77 479
8 5 5026
4 46 2863
3 95 2729
7 64 3690
4 11 4088
8 29 3795
8 76 5798
9 13 9821
7 9 3414
8 74 9652
9 30 66
8 96 3390
9 81 9565
8 100 6419
7 1 2693
5 16 8370
3 78 344
1 83 175
2 11 1914
8 69 2350
1 96 5244
3 48 613
2 98 4880
9 2 9884
10 36 3168
7 89 9363
3 36 9605
3 84 8794
10 76 4698
3 62 7118
4 9 9600
2 34 5519
9 39 2486
6 9 3950
2 85 7287
8 63 6146
6 63 3247
1 44 2325
3 96 8968
1 59 2565
1 17 462
1 88 9084
3 64 2224
4 99 6004
7 56 5516
2 38 940
5 100 9255
9 63 5687
6 94 2933
4 87 1868
3 20 4306
8 99 2441
7 14 2298
5 77 9343
10 80 3728
9 40 1705
7 78 4725
8 66 260
5 49 43
6 58 4406
4 45 4426
8 5 7971
1 11 7298
7 58 4828
8 29 961
3 48 4216
4 96 1289
8 59 1879
5 18 782
2 72 757
6 61 4296
4 55 3581
9 83 6949
10 72 7716
1 59 4916
10 95 8025
5 8 3812
6 64 807
10 69 4675
8 47 8354
2 7 2739
5 97 6771
8 30 5514
4 48 5758
2 9 9485
3 87 3414
9 47 9392
9 27 652
3 2 3081
7 8 6334
9 86 7299
10 68 1238
8 79 6284
5 42 181
1 26 966
3 95 2172
2 48 5240
7 44 3566
7 37 9016
5 30 1083
6 30 9264
7 38 5167
2 7 3504
5 62 8049
10 94 2763
2 22 2643
5 64 595
8 56 6033
4 70 8874
7 92 9701
7 96 2430
10 74 3387
6 73 982
3 38 7384
1 64 7003
9 97 554
10 91 5688
8 87 4919
8 45 5701
5 20 1760
9 68 5136
10 60 6960
5 32 7642
10 23 3666
9 61 3150
10 65 9702
6 36 7023
3 64 6395
5 8 3683
6 34 8109
3 15 6742
7 8 9678
2 2 3460
10 52 9654
1 68 9696
2 95 1641
4 65 2331
9 36 854
7 73 5116
3 70 8489
6 15 4723
5 48 108
8 20 481
6 68 8133
3 18 2019
1 40 2861
7 4 6087
6 84 5334
6 14 6342
7 93 5655
5 91 5157
10 5 2091
5 9 6983
5 85 5607
9 50 555
7 33 5702
3 4 640
3 74 6100
5 100 4232
5 15 2610
9 69 9136
8 72 8737
1 21 3072
6 94 6189
4 81 2736
7 85 8176
3 83 6403
2 70 1178
6 88 5371
1 55 3887
5 67 3818
3 59 8494
4 55 9212
9 77 1005
5 8 1971
3 8 7425
5 97 5050
6 19 3871
7 48 7138
7 99 5545
8 37 6482
8 97 2208
7 97 5596
8 52 1547
7 50 7287
10 77 3013
6 69 1240
4 39 7301
4 13 2070
4 91 885
5 99 8810
4 13 3340
3 49 1224
4 54 4786
1 2 5035
6 69 1972
5 33 5287
1 18 151
3 5 4802
2 21 1353
4 44 9199
5 66 1790
3 9 1488
2 8 121
8 47 3050
6 34 6130
1 1 7877
6 45 9116
10 69 9573
8 26 7143
1 70 7045
6 51 2980
10 71 484
5 73 6666
3 97 2604
7 7 3658
9 90 88
9 17 6753
8 86 8800
6 16 9799
7 17 6427
1 81 4865
6 2 6545
9 79 1242
2 41 8785
7 5 5732
9 3 2451
7 58 1302
3 24 6782
1 4 8304
1 20 2035
7 1 2417
1 60 4791
1 69 5318
3 50 6325
9 94 2834
6 28 9360
5 61 3971
4 89 8694
2 83 9955
4 98 6047
2 16 8480
2 9 5819
1 53 3721
9 24 9581
1 20 3800
2 21 4559
6 5 844
2 99 6796
4 48 9554
10 42 1845
7 81 1331
3 45 7323
6 72 938
1 59 943
7 13 8492
2 70 4155
6 19 5946
10 11 4195
8 65 1349
8 67 1572
6 56 2637
8 28 6248
9 67 5234
1 58 4645
1 59 3752
3 3 147
8 48 1579
9 17 2780
9 90 5215
2 46 1709
4 63 5060
3 83 7712
9 49 2022
5 60 2854
4 35 4170
10 100 4515
6 50 4202
3 55 3519
9 26 6096
7 4 9012
4 39 8425
1 31 1449
10 55 5250
6 47 956
5 74 8691
10 19 2273
10 75 3618
4 40 2226
6 11 5989
6 65 8577
6 94 5392
5 76 9314
4 43 1503
7 87 4244
2 72 5776
9 39 3727
1 58 6560
8 82 5736
8 82 8283
10 30 2758
1 82 1192
4 21 5969
9 58 1080
8 57 9748
6 84 2716
3 30 4089
10 91 6493
6 13 6570
1 92 2898
10 82 2976
5 90 7897
6 78 5176
9 25 2109
8 75 649
2 42 7143
3 67 1323
1 30 1815
2 6 8377
4 26 1811
3 100 2032
7 99 183
7 11 9794
6 16 8878
7 68 1661
9 31 6910
2 41 5273
7 15 5972
8 50 5679
6 55 6751
1 22 9193
9 82 2029
2 87 6597
10 19 9909
10 100 8423
1 48 83
10 90 611
3 5 4557
6 25 9988
1 12 6388
5 97 2671
5 78 1231
3 17 5658
2 50 7748
5 51 4657
7 70 2189
4 7 8174
8 54 5424
5 86 9882
7 73 8216
8 76 8715
8 86 413
9 38 144
2 74 981
4 13 9774
8 44 1253
1 5 5678
8 10 4628
8 82 3643
9 27 735
3 51 4032
5 6 1595
9 66 8345
6 74 9527
5 77 4612
8 89 8906
8 19 2082
10 63 1211
2 89 2966
9 58 9058
1 7 4514
7 31 3647
2 81 9252
9 86 5160
10 50 4056
4 43 7070
5 60 4977
3 97 5939
1 3 9897
7 83 1923
4 13 8443
5 52 7194
3 49 5675
4 56 2955
4 100 3231
10 7 629
1 86 5831
10 1 4062
7 15 7400
7 39 579
5 31 3165
7 75 3469
7 94 4484
10 15 7379
3 44 9773
8 56 6904
2 39 2596
4 42 7406
6 18 7718
7 97 2040
7 43 9354
6 35 1975
4 23 4391
8 69 5873
6 61 8909
10 21 1579
4 84 9669
5 98 8441
6 71 9431
10 13 4944
4 26 1668
2 63 7534
6 62 9306
8 48 2063
7 88 2242
4 30 8810
7 95 9090
10 68 2601
4 32 3561
8 51 1430
8 77 5413
8 55 6108
6 72 1501
6 17 6692
1 30 1363
4 28 4847
5 85 4421
6 81 5605
8 64 5293
3 13 3934
8 14 2327
3 10 6538
8 78 4121
6 1 8268
2 3 4220
1 75 6593
7 69 1911
5 34 4531
10 52 8563
9 87 5727
7 96 6144
4 49 401
4 65 9365
7 2 8204
1 53 6847
8 8 5551
8 52 4783
8 1 25
8 13 5513
1 58 2425
8 3 2358
3 42 8856
2 20 2426
8 87 1488
7 40 4941
3 51 731
6 37 7608
5 93 7944
1 5 7497
1 71 322
2 51 4667
7 36 5440
9 62 652
3 82 7508
7 79 5654
7 97 722
7 95 3295
1 35 8643
8 93 4258
7 6 7684
5 45 904
5 68 4809
3 85 3239
5 71 2760
3 16 7116
9 82 8201
9 60 783
7 8 7431
4 15 4729
8 99 2006
3 75 1352
8 81 2873
2 100 8208
6 90 7473
8 40 6551
7 80 1461
8 50 8182
8 95 2126
2 75 2819
6 76 9908
9 99 5311
10 10 3161
4 67 1007
3 80 9744
9 55 5422
8 88 1760
4 18 778
10 27 9929
7 59 72
5 15 1705
1 38 6564
9 74 4450
6 10 8621
8 90 5561
5 57 8249
2 88 379
1 59 5782
4 7 9805
7 75 1377
4 54 3960
5 4 7826
8 35 1964
6 67 6548
7 42 9283
1 52 1995
2 62 6825
2 62 8108
4 43 5114
8 28 8611
1 79 277
1 86 5877
4 89 8876
6 89 7705
9 4 2389
7 72 2788
9 7 149
1 90 6337
4 9 6593
6 77 6558
10 82 3343
5 79 5600
4 25 5182
8 72 3670
6 52 4291
10 94 9581
3 15 4010
10 22 1840
4 1 1059
7 85 5016
1 9 9544
5 61 9624
3 2 7931
6 98 6953
6 10 4399
4 28 9364
6 73 8839
9 88 5210
5 51 2288
4 71 1813
4 6 6608
8 13 6548
8 87 7392
5 43 5102
10 93 9949
8 94 241
1 22 8903
6 100 7643
1 78 6675
8 58 3920
7 75 4453
6 2 847
3 32 7249
10 73 3995
4 100 1253
4 54 7392
7 30 2453
5 3 519
10 44 8298
1 94 7589
9 15 5255
2 17 4905
7 57 705
2 61 8340
7 73 9656
8 41 2353
7 36 7717
10 81 8145
8 32 7801
8 1 2827
5 47 1880
2 14 4549
8 81 3137
7 50 6906
8 94 8140
9 47 5210
9 41 2072
6 59 271
1 39 5168
5 61 8073
2 61 2626
8 58 3054
10 43 9505
4 61 3747
10 71 8787
1 71 937
9 23 5129
5 47 4229
8 13 1876
8 68 6345
5 66 9103
1 14 7859
9 58 9875
4 74 2795
2 66 3254
7 42 6911
2 26 4608
6 58 1630
8 54 8897
8 1 4515
9 32 5799
5 99 6833
7 20 177
4 50 1783
10 93 4431
5 32 1607
8 7 8292
7 81 4720
7 33 4645
4 12 3406
4 20 9718
1 76 3499
2 45 1348
1 98 1910
1 78 3803
2 9 2710
1 31 2737
4 38 9836
9 55 6670
4 70 5223
2 83 3033
4 16 8606
4 25 5092
2 4 6517
5 58 8766
4 89 1145
3 15 5886
9 12 5113
7 18 2335
4 8 4128
3 14 1405
7 50 5639
6 31 8826
5 79 1254
10 3 2389
5 75 388
8 17 9863
6 90 2312
6 99 6894
6 40 9937
3 64 2638
7 31 7555
4 20 8357
5 81 5399
4 55 5158
1 48 4118
3 66 3458
8 29 2768
8 67 842
10 100 7568
8 49 537
1 12 6239
7 55 1899
1 44 9440
3 64 8170
7 26 9508
4 4 8845
7 66 452
10 68 2278
3 29 8958
2 93 5506
10 54 7621
3 27 7232
8 3 1838
6 29 4741
7 79 5351
5 84 797
1 100 8237
10 91 5560
1 67 7063
9 62 7736
6 30 8348
6 91 7491
2 14 9023
5 58 3428
8 37 5952
2 11 9252
2 39 7166
6 98 6652
1 16 9491
1 42 130
7 25 5004
10 89 9747
10 34 8426
10 16 322
7 3 6071
7 87 633
2 72 6284
2 87 8288
10 22 1099
10 79 244
3 27 6363
9 73 3765
7 78 1389
3 62 7726
5 5 6691
1 90 8660
3 99 7407
10 15 6500
5 100 7041
4 23 7813
6 26 1398
9 54 7883
9 22 776
9 91 4966
2 75 4176
6 75 9415
2 5 2179
9 98 4879
6 71 3439
7 11 4807
3 45 6810
10 36 9703
9 53 3390
6 48 1905
3 86 6364
10 81 2235
9 32 8191
4 90 1897
2 68 1777
3 54 1071
9 75 3319
4 36 5952
10 26 7161
8 94 9559
9 54 7124
1 73 4157
5 99 3476
2 77 3490
4 94 2712
3 12 3096
7 2 5080
10 66 6298
2 9 4054
5 9 4522
3 35 8558
6 61 503
2 96 2664
10 54 2352
2 21 7468
5 42 9959
1 82 5738
8 67 3780
5 88 331
2 17 9757
2 18 4926
4 77 756
5 61 9510
9 75 4030
7 63 7744
2 78 8011
7 53 9968
4 44 5180
8 27 1403
4 28 538
5 82 5717
8 26 5972
6 78 475
1 66 9280
3 60 243
8 96 8559
9 58 389
2 25 8204
3 7 7943
9 78 4033
5 11 7771
3 31 2302
5 28 174
4 92 3118
3 70 7122
8 12 14
5 20 1433
5 82 736
5 57 9472
6 34 9755
5 100 7709
8 6 1405
10 42 14
2 96 3369
5 98 1379
10 59 3829
2 30 9016
6 60 5191
3 9 8945
10 61 9417
6 1 7991
3 91 7393
5 54 9272
4 8 2520
2 49 1164
4 28 4166
5 2 4754
2 70 6136
10 20 9068
6 61 2577
6 67 1772
6 53 5771
6 84 8177
1 31 3216
10 42 1608
10 72 6973
7 74 3795
7 8 9050
3 91 8560
2 67 8104
7 61 3709
4 31 524
7 58 4017
8 90 5725
7 42 4836
10 5 9409
7 67 3779
2 62 2306
4 17 8746
7 90 8391
10 10 2841
1 75 4546
7 45 2728
7 78 7290
7 63 539
4 58 9730
7 3 1219
3 61 9084
6 61 225
1 18 985
9 4 389
2 52 600
5 32 7791
5 2 4386
10 41 5358
6 66 8336
8 71 6617
6 58 9755
1 86 9853
7 48 816
5 54 4683
5 33 4805
10 23 3164
2 86 4480
10 47 5905
10 47 7238
7 4 7000
7 69 678
3 51 9861
7 57 8580
4 30 2077
6 24 7627
9 26 7518
4 1 9887
1 54 8253
7 53 1930
4 76 5396
1 49 6738
1 91 8932
10 60 1213
7 73 2469
8 8 7712
10 93 2237
9 41 3014
7 75 2015
9 61 9262
3 42 3317
8 84 6131
5 6 8655
9 65 769
8 53 6815
3 79 1280
5 100 5449
2 63 4281
10 33 3224
3 24 7112
7 47 5534
9 75 4508
9 92 5896
6 90 8882
1 38 6850
5 57 4277
2 83 2934
7 33 5083
8 88 7252
2 60 9105
2 72 2317
5 4 6998
7 9 6420
1 93 7191
4 42 530
3 49 976
5 44 5205
7 75 9403
2 70 6902
9 33 2074
9 57 7571
4 39 6847
9 92 1923
9 24 7014
7 79 5977
6 44 3674
10 82 1845
5 79 6353
8 13 3199
1 78 2352
4 99 5451
4 41 6442
5 39 7336
2 5 8368
1 54 101
3 91 5164
9 61 2955
7 65 294
9 28 3255
1 54 8440
2 48 979
1 26 9339
10 38 4459
2 10 69
4 74 63
4 93 6843
2 11 9094
10 58 7405
8 30 7647
7 22 2316
6 56 9836
10 88 8722
6 53 760
5 66 2357
6 80 1496
2 26 1620
4 10 6241
1 35 1854
3 100 1883
5 68 5483
10 49 1288
5 42 1381
1 31 3885
7 12 9199
4 14 589
8 24 2271
3 72 8329
1 53 5432
7 57 6123
5 72 6304
8 97 6095
8 5 6377
5 46 8499
8 20 1467
8 26 540
10 65 3883
7 32 7513
5 89 9584
10 40 6494
3 48 855
6 71 1076
8 28 302
8 12 534
1 77 5572
4 23 1187
5 47 9428
9 72 1974
5 72 1928
9 29 6736
1 97 2586
8 23 1265
8 14 376
4 32 6714
6 70 8055
10 44 2981
7 64 2977
9 85 4392
9 82 1928
6 31 1415
2 80 50
4 62 4934
1 76 384
9 17 7638
2 97 2388
2 72 7339
4 84 7897
10 75 8426
10 90 5164
7 49 2270
9 54 3155
10 77 6644
4 67 5692
4 44 2291
10 52 8398
8 87 8416
10 97 9589
4 27 6904
2 6 9228
4 87 8046
2 82 6784
6 63 3651
5 89 1346
3 22 6802
9 61 5076
1 61 9046
1 17 6777
5 3 250
9 88 9695
2 78 2800
6 68 1968
3 17 4091
4 79 8938
2 16 8798
9 33 4979
6 91 1530
9 1 8422
4 60 5021
6 50 4216
7 28 3844
10 25 4163
10 86 4960
7 5 5274
10 3 292
9 35 5687
8 21 53
1 16 3995
9 99 7554
8 71 6447
5 5 1905
7 40 618
3 96 5583
2 12 9028
6 22 1549
4 93 5517
1 56 2695
10 76 413
3 84 420
6 16 9058
1 98 7385
3 47 9575
9 32 4297
8 71 417
4 100 5266
5 72 1582
4 20 5023
3 84 541
7 49 5217
6 13 8560
5 40 9780
3 34 2246
4 87 5932
9 8 3514
2 26 509
1 53 2548
7 25 6042
6 9 8541
3 4 7394
8 22 8240
9 77 5167
6 71 7030
7 4 5865
6 15 9265
8 7 4742
7 29 2180
4 70 4576
1 88 6837
2 6 8241
1 71 1823
7 47 8953
1 77 6262
2 72 22
7 62 1481
4 49 9331
5 71 2703
10 4 2944
10 93 5144
8 23 3595
1 98 6270
2 16 613
3 98 9915
2 83 1022
1 52 907
7 19 8714
8 42 790
6 71 1744
3 75 7498
8 97 5549
7 54 9983
2 58 826
3 35 3714
10 36 1069
10 78 3854
10 55 6726
5 95 7783
3 78 9431
1 96 2501
2 60 9969
7 62 1254
9 8 6677
4 44 3057
7 81 3809
3 39 6371
1 61 1728
6 3 7806
6 68 8297
8 1 1748
8 43 376
4 96 2256
5 91 6500
9 61 8459
3 63 3564
6 53 5379
9 75 914
4 25 9634
6 89 7733
10 91 8187
7 83 6883
3 51 3970
7 73 7023
10 57 8980
7 84 3744
7 22 1688
3 80 4871
4 75 3303
1 40 54
7 45 5959
5 30 5972
10 78 5482
3 83 5858
6 63 7608
7 35 3212
7 24 527
9 2 2749
3 73 5054
6 98 6287
6 27 2170
6 14 7618
8 74 9747
10 19 6975
5 99 4708
4 65 1102
5 11 4553
9 96 2145
6 46 8806
5 93 2696
9 63 7189
8 15 4893
3 23 7470
7 43 9999
1 60 9843
2 55 8746
1 91 7099
8 89 5710
10 43 481
8 99 6571
3 42 6809
1 81 7374
6 30 3665
1 97 4958
1 55 3501
1 57 9839
4 60 2638
10 28 5417
4 18 7216
6 86 4868
4 68 9721
1 26 8963
7 31 9094
7 31 8943
9 44 5849
5 52 8350
2 75 242
9 28 9723
9 41 2171
2 58 8793
9 62 5711
8 97 5422
8 56 3494
7 73 470
1 25 5992
10 26 7458
3 56 6077
5 52 1831
6 22 9991
6 80 1995
5 63 9169
10 59 8269
2 58 7568
7 97 7123
8 4 4159
2 84 1128
5 48 9217
3 93 4704
3 34 8169
5 21 981
6 56 1910
7 48 7797
4 60 7931
6 90 9267
6 58 6778
8 49 8597
7 43 7497
1 94 9006
9 67 710
4 89 8663
4 27 3982
10 47 3540
1 28 1742
3 89 7390
1 39 5123
8 90 5781
8 55 254
2 32 9250
10 91 9828
2 13 4127
4 88 3798
9 42 1629
3 85 3594
8 5 9546
7 100 9406
8 58 9993
1 19 5919
8 89 2366
4 68 7297
9 90 2083
1 9 1017
2 91 5190
5 72 5265
7 80 2297
5 12 9512
7 1 5847
9 49 2193
5 60 8115
9 54 4702
1 8 7035
7 59 6255
7 7 6078
4 96 9498
4 4 1398
1 72 870
5 73 1535
5 42 4365
3 81 716
10 21 2590
8 100 6977
4 83 2521
9 72 322
8 57 8205
10 1 6172
4 15 3066
3 41 3622
1 38 171
8 54 3031
1 50 9123
2 99 6796
10 7 2897
9 32 1139
1 2 7492
6 37 4590
6 45 636
7 29 8438
5 35 286
4 72 4366
2 45 4055
6 80 546
6 88 6849
6 15 4951
7 19 3474
10 7 9703
8 98 311
6 41 7317
5 37 2171
8 50 6976
7 34 422
5 22 7579
3 65 541
4 94 5112
2 31 1488
6 21 1693
5 18 3398
6 55 1591
2 74 947
2 49 696
2 89 4978
7 12 2814
3 77 7741
7 76 13
3 37 4822
10 71 9033
5 58 2790
6 59 7293
8 91 7513
1 7 8084
8 94 9390
2 99 5393
6 26 4119
4 28 4352
3 61 2340
4 34 561
5 35 4080
7 22 6882
5 48 3520
10 41 7438
9 58 4012
1 47 2155
4 75 5025
1 50 2404
2 64 672
2 4 4874
5 15 7707
4 54 2037
7 37 3366
2 56 4050
2 11 4853
5 18 9522
9 58 1993
5 32 8682
5 54 4718
5 61 7879
8 70 3191
4 14 6346
9 19 1905
9 11 3847
7 69 8290
3 10 234
6 16 4545
4 48 6905
5 14 1406
9 29 4017
7 51 4031
9 5 5298
6 11 7740
10 5 5809
4 67 8831
9 21 5663
1 97 6656
10 86 6733
7 55 6828
4 77 9610
2 65 5867
8 81 4113
8 60 2269
5 86 2407
4 1 7205
4 81 9208
10 37 5488
10 91 9311
4 2 5009
6 78 431
7 14 7406
10 88 2913
3 90 9720
10 28 8707
4 61 8718
8 12 9156
1 24 5651
4 36 9159
10 93 8653
4 67 9459
9 17 1890
10 46 3250
6 4 9100
9 1 9492
9 82 580
4 96 7667
2 44 2523
6 89 4786
9 55 5388
4 11 777
3 26 2757
3 48 8525
2 19 6131
10 6 3202
4 32 585
4 62 8663
5 57 651
7 5 6300
1 97 7984
4 54 1605
10 6 1189
3 95 8092
9 16 1607
7 61 2431
3 33 9681
3 95 7745
5 86 9961
2 50 8000
10 61 8329
5 50 1891
2 23 1667
3 35 3647
9 32 8876
4 78 3590
6 66 6155
7 19 3001
8 32 4412
6 2 2744
2 19 5663
9 74 8359
8 16 5822
6 63 9691
8 28 3064
7 85 9906
3 84 3730
8 23 1700
6 92 1219
1 56 2761
6 48 1701
10 79 8812
8 100 2125
4 98 1803
1 30 9209
5 93 9731
9 39 6057
6 36 146
3 97 7178
8 79 248
10 19 3053
7 59 1573
5 29 7773
2 86 8753
4 44 5607
9 59 518
3 6 1399
6 85 7229
2 23 6026
9 65 6185
2 42 5794
6 5 3919
10 87 636
1 96 2462
10 2 8047
6 32 4674
6 69 2031
2 15 4411
8 55 8619
2 91 1828
1 77 1591
5 60 1718
7 38 9323
2 73 3718
4 8 6964
9 82 5296
10 57 7822
8 14 5600
5 85 9338
2 28 6039
2 64 3230
10 68 1704
8 85 8896
2 52 1732
6 92 5991
8 39 1919
9 79 9160
9 82 2488
4 38 6783
1 20 7269
10 35 125
1 50 9124
5 9 3878
5 29 3305
8 2 7073
10 62 6109
8 58 9579
4 78 5096
3 36 9970
8 40 6762
2 98 7695
6 11 341
7 55 6284
7 1 6518
3 68 7432
1 61 4763
1 15 9784
10 99 9896
3 94 2384
9 4 7768
6 32 9255
5 43 4689
9 32 8538
10 8 4643
7 11 2800
1 29 2495
2 47 32
5 24 7346
3 69 6642
2 96 2380
9 47 2995
9 10 3670
2 79 9816
3 91 4235
5 86 1679
6 49 2099
7 84 7810
2 1 6371
3 98 9446
2 47 621
4 16 8725
3 59 4153
7 89 4228
6 64 1084
2 66 4584
5 75 4105
5 75 5622
4 12 4184
10 48 52
1 55 5494
1 18 2149
5 32 122
1 96 724
4 30 3063
8 29 2941
5 74 8448
3 89 9542
3 57 8109
5 67 2435
10 49 2333
5 23 967
3 29 3647
1 13 5211
9 17 9547
6 53 5529
5 57 8637
5 63 6737
2 26 5747
1 16 5317
1 73 6012
2 58 430
1 66 9446
9 80 5535
2 89 7900
10 38 3964
1 5 4138
4 98 6444
9 29 2938
4 48 6643
9 23 2535
1 45 1165
2 52 2802
5 13 8468
5 63 879
6 20 5348
10 81 3391
9 46 5713
3 75 3784
6 2 4433
4 12 4395
4 31 9775
6 75 6203
10 82 228
1 83 8153
7 5 4274
6 8 7428
9 58 4551
1 48 3829
8 1 7248
4 40 4298
1 25 7386
3 71 5428
5 46 3965
1 53 8340
5 28 2445
8 42 4828
7 99 2948
7 83 1669
4 21 7810
3 88 9998
10 81 9305
3 16 4670
9 26 6282
4 55 9414
4 66 4677
3 89 3434
5 59 7754
6 38 2439
7 45 7752
6 37 1224
1 6 1792
10 68 4983
6 37 5778
4 81 4440
9 36 3200
4 77 5565
2 30 3541
1 66 6961
2 63 4205
7 62 7164
4 39 4972
10 96 6917
6 61 9749
1 99 3735
7 47 851
8 94 3388
7 13 1760
1 84 3953
3 89 4218
6 33 2820
10 1 3894
7 15 9556
2 3 4273
4 65 9612
2 74 9892
2 62 1895
4 94 7003
4 34 4379
10 20 2424
6 59 6716
4 49 6554
3 96 4983
2 92 9755
4 4 2881
10 81 9960
5 2 4592
9 36 2054
5 77 8370
7 23 5410
7 46 7003
5 100 370
6 74 3150
2 53 3151
4 24 8693
5 85 5323
8 92 1826
2 63 2866
3 42 1732
2 65 724
1 10 4665
9 80 2
2 54 4358
8 50 4442
9 89 880
5 90 3021
9 12 4108
3 30 9525
6 96 9767
7 80 2636
1 10 6523
5 33 1781
4 67 9337
6 16 8875
8 18 8509
8 20 2267
2 17 306
1 76 9019
2 2 7035
5 66 6361
9 40 3052
8 15 4512
4 7 9136
8 42 9847
7 64 1756
1 28 4586
2 39 4646
6 24 393
7 82 3727
3 23 8099
9 3 3168
7 54 2385
2 40 9397
2 92 1628
6 92 9148
3 68 4941
3 55 592
1 20 3919
5 1 5955
6 49 5188
9 71 4315
5 2 7560
6 100 8104
3 73 6711
2 33 1921
3 50 5817
8 55 7325
6 23 1161
8 96 1221
1 99 1981
6 41 4949
2 44 2852
8 25 9915
3 98 703
10 93 7934
5 89 6915
3 96 9231
7 96 6213
4 84 2305
9 42 2637
3 22 4306
7 18 7426
1 95 9738
2 51 4622
9 60 5336
2 59 7460
3 46 5721
6 32 6656
7 23 5232
9 3 612
5 90 9512
3 12 5575
1 10 553
6 10 7329
10 5 3677
4 23 9046
6 57 5292
6 14 2001
9 43 1986
5 88 5891
1 8 7806
3 56 1236
1 100 9300
2 39 758
2 61 324
1 1 5566
1 63 82
1 8 9711
4 31 4719
1 14 3697
6 33 4264
3 31 7800
1 86 4134
4 80 3413
9 9 9959
10 97 426
3 69 7297
4 87 1421
2 62 6505
4 64 9937
5 85 1424
3 59 2866
5 64 4035
9 16 6271
5 95 2759
9 44 3132
6 57 7700
6 55 9126
1 79 982
4 2 1475
10 12 160
4 2 3758
10 60 8057
1 77 7536
2 62 9052
2 58 4748
7 40 9002
2 31 4720
4 30 1621
8 20 6024
10 20 4111
10 14 8888
1 98 2513
8 49 1970
10 82 4332
2 55 4567
6 60 1313
2 45 6120
2 8 2091
8 28 646
7 62 2430
6 10 6406
10 66 499
7 40 7552
5 60 8460
1 69 8110
10 10 995
9 30 5419
9 55 7198
3 37 7314
7 93 8644
4 37 5970
7 73 422
6 45 6035
1 12 9235
4 27 4493
7 97 6655
1 2 568
3 38 5850
7 51 9787
4 23 1658
6 2 7267
10 13 9503
4 38 3884
9 66 9137
7 16 9896
5 91 6097
8 30 2259
2 50 8266
1 95 5229
5 55 2992
2 53 6168
7 45 9820
1 100 1626
7 57 1637
5 40 9973
9 92 4502
10 62 4173
3 66 8787
5 8 9659
2 4 8028
8 60 7606
7 16 7976
3 10 1241
4 33 6930
9 77 6205
8 62 6480
5 36 9764
3 10 8724
1 88 4487
10 39 9538
6 46 600
7 18 5190
6 73 1819
9 29 6512
10 6 4324
10 66 6103
1 62 8167
10 21 2703
9 96 391
8 30 6840
5 90 7914
6 71 7458
2 31 4661
7 41 6637
7 29 365
7 82 9862
10 68 5290
9 27 7991
10 62 5064
10 94 357
6 29 2506
4 15 7431
5 91 7012
4 66 4361
3 29 1211
1 30 5442
9 18 6639
3 63 9758
8 54 8657
6 15 6796
7 81 6879
7 72 8021
10 77 9308
6 96 1549
3 66 456
3 76 2215
7 9 4522
8 4 5250
1 31 3797
4 87 9046
7 97 3441
1 23 3290
3 25 4382
7 29 4208
7 59 4516
4 35 3456
4 98 6616
7 63 2666
3 55 8126
5 78 5664
1 92 3802
6 89 5489
4 27 4013
10 73 2407
5 67 6761
6 30 9030
2 26 1767
5 35 4112
7 96 3186
7 35 6237
10 47 1722
6 60 7062
2 71 8368
5 93 1653
8 1 4378
4 98 8687
1 21 5976
5 49 2568
4 80 9180
5 32 1964
5 42 7518
4 74 9107
2 12 434
7 2 9114
2 80 9596
1 25 8964
8 3 1246
7 67 7496
6 40 4847
10 98 2591
1 30 2481
8 54 5292
3 22 2587
1 56 6295
9 63 8944
3 40 6794
8 60 7744
8 9 530
6 91 7282
9 43 7079
7 17 3382
2 10 5277
4 17 8568
1 56 2835
1 51 4475
7 85 6370
2 66 5081
2 84 1572
7 86 2038
2 23 6767
5 42 7533
2 82 3956
7 46 7643
3 11 7223
3 1 4508
4 7 2946
5 6 1183
1 84 4843
10 94 9345
2 13 5711
8 59 2852
1 35 9113
8 26 493
7 57 9680
4 26 8054
7 22 3978
6 68 8934
4 36 4072
8 90 5021
6 35 2316
9 35 7701
6 22 7457
8 47 1197
5 49 6928
2 58 479
7 35 5721
9 2 992
10 36 1067
2 31 7606
9 21 268
10 33 365
9 44 4984
4 88 2755
9 53 9313
8 37 7034
5 26 2187
5 16 4179
7 34 3359
6 26 5294
8 6 1824
10 43 3503
4 3 3735
5 83 6694
4 57 2026
4 6 1011
9 69 5317
1 94 6815
5 86 3591
5 89 6784
10 36 1828
2 92 2331
4 96 4115
2 98 2656
1 39 7644
1 7 3053
1 21 905
10 45 8715
9 96 4511
1 89 7084
9 35 4624
3 30 7189
6 35 6351
8 64 7205
1 73 5058
6 70 3545
1 94 590
6 79 806
8 30 429
2 47 4075
10 33 2267
3 11 3265
1 23 4798
1 79 1252
1 15 765
2 66 4700
4 35 9915
5 78 5485
10 85 1501
6 44 1301
1 26 508
7 1 8992
1 70 2150
7 72 9582
1 5 3753
9 70 3106
7 81 2302
1 41 3041
5 12 4634
10 57 1823
2 23 4539
6 91 8461
4 26 4297
1 75 4454
5 15 3016
5 56 9633
4 91 3897
4 25 6141
6 99 6931
5 23 7934
9 20 4266
4 58 4316
8 7 934
2 47 8790
10 68 7304
7 92 9586
10 65 2383
5 48 497
8 32 4327
5 25 5060
6 42 3124
8 36 2293
2 60 1974
9 51 7567
4 15 9564
5 51 5990
3 4 4411
8 24 4606
2 75 2513
10 1 5670
2 45 3757
3 65 2604
2 28 7330
3 79 3139
2 17 6901
9 38 9385
2 40 4482
10 37 1090
4 92 9315
10 79 7321
3 45 258
2 72 8036
6 84 5308
4 60 6021
5 49 2656
3 12 9463
1 6 5706
2 22 1658
3 47 8541
4 3 4039
5 75 9519
9 97 6996
3 100 4666
3 49 5769
3 44 483
10 70 4275
7 50 6180
7 71 1275
4 47 183
4 85 7886
5 41 7747
5 62 2855
5 42 5743
9 32 1913
6 55 3351
8 75 5853
6 74 9209
4 11 3002
5 60 6022
7 30 1387
6 38 3124
7 68 6144
6 8 6487
10 16 8041
7 31 2937
1 80 2778
7 85 3871
4 19 7927
5 27 6107
7 85 5909
4 15 3848
3 37 2574
8 12 6816
2 57 7081
5 92 1639
1 39 4842
6 82 3127
10 12 6312
9 46 952
1 92 4995
4 65 814
9 16 2287
5 55 4298
2 67 4830
1 56 3049
5 92 6740
8 72 9592
4 72 4361
4 62 2996
5 100 99
4 28 9548
4 95 1824
1 26 615
3 4 9004
10 31 3969
5 59 6658
9 74 1076
1 68 9218
1 88 2506
4 42 8599
5 45 8410
8 59 8285
6 82 1297
2 76 5756
7 48 1976
3 39 642
10 51 7917
7 83 8324
8 11 3261
3 53 7311
5 59 9029
4 8 2724
6 62 669
8 63 1818
2 17 9292
7 47 1948
5 87 984
2 99 8214
6 72 8937
2 90 9562
7 3 2154
6 2 5790
8 22 6851
5 80 8338
7 85 9431
2 86 2924
2 73 9518
5 96 8275
6 33 6871
6 68 2500
3 38 9361
1 90 7169
4 56 3317
4 43 6809
8 24 6290
5 28 5091
9 37 2781
10 57 4366
10 10 5240
2 65 6420
5 7 8917
7 52 2037
6 86 8557
1 53 2988
6 1 6722
6 42 9188
4 96 4629
1 50 2774
7 29 120
9 91 4581
10 22 4936
4 8 582
3 73 6821
1 25 7640
8 10 2271
2 91 549
9 78 869
9 100 296
2 73 2921
1 69 1543
2 80 7863
6 52 7670
1 27 6577
3 22 1152
6 27 921
9 1 900
2 54 5487
10 9 68
6 54 9374
2 67 9523
8 11 4448
6 96 5892
4 9 7483
6 38 8925
3 6 9798
1 80 3161
6 45 6223
8 46 8576
6 11 2294
6 69 9360
9 23 9884
7 2 5523
9 71 44
10 23 5353
10 43 7068
7 39 8770
2 9 1321
2 74 2472
1 15 9905
8 66 8807
3 76 6615
2 66 1615
6 82 2628
9 35 5753
3 1 7298
5 29 9186
10 40 9922
1 23 5810
6 80 6822
1 24 9405
3 74 7879
10 40 9002
1 80 5849
9 27 4126
2 44 8271
6 30 822
6 98 8662
4 91 322
7 26 1890
5 66 2143
4 82 8314
2 26 8634
9 35 8710
9 38 9492
6 31 5081
6 98 2180
2 28 5141
4 7 2348
1 33 8961
3 84 6986
10 78 1646
6 97 548
2 81 8958
10 62 2101
5 43 3544
7 66 144
6 67 3093
5 70 4463
6 94 2117
6 41 7923
6 99 7623
7 6 2204
6 14 9788
7 18 4595
5 21 1598
1 46 4663
4 47 533
4 20 5242
3 17 4648
8 80 9187
5 38 8975
7 66 5769
9 21 147
7 58 1508
7 22 7349
6 16 1774
1 5 9556
1 68 2682
10 49 2644
6 26 5547
3 49 5645
5 97 7964
2 49 6802
5 51 708
10 51 2437
8 23 7873
9 92 7170
9 72 8924
3 48 7566
5 84 6428
9 52 7486
3 34 8824
4 97 5817
9 41 4009
6 22 1957
2 44 645
9 57 87
6 65 7186
9 77 2556
1 22 2834
1 74 4808
9 63 9744
5 33 6651
10 28 7233
9 82 5992
8 54 8785
7 72 5788
6 60 805
6 69 863
5 22 4581
4 69 596
9 51 8537
5 76 9810
7 16 8948
9 42 7031
4 81 7223
6 34 8910
9 92 3037
5 15 3723
10 58 9911
2 72 331
10 4 55
6 44 3960
1 56 4955
8 19 9160
9 1 3654
3 75 4476
6 68 5100
10 1 6268
8 51 5251
7 83 6940
6 25 8540
9 3 3682
9 10 5882
6 17 861
5 54 1541
7 65 1571
9 88 7365
7 64 6889
7 94 3785
8 44 5935
9 16 6297
9 92 6558
4 47 3495
4 66 8123
6 69 8876
10 82 3566
8 97 700
8 26 9087
5 19 4247
8 28 6112
5 19 8562
10 27 5222
4 78 2405
3 35 606
10 30 8831
10 74 6190
8 53 802
5 27 2557
4 49 9650
4 39 78
1 75 615
1 79 8970
2 85 9920
2 32 8740
3 46 8009
3 74 5690
5 70 6058
6 40 9854
2 12 9496
1 54 1044
3 10 4114
9 66 4542
1 38 6298
7 24 5854
7 82 9115
2 93 2114
8 98 9222
2 92 3273
7 89 2864
3 45 4487
3 19 2430
10 63 6268
10 3 9906
2 23 2402
10 10 6691
7 44 7110
6 1 7626
8 34 6932
10 60 7971
3 52 7071
1 12 4841
10 20 3588
5 43 2874
5 31 3408
1 91 958
5 24 6697
5 77 2773
6 12 6486
4 95 7103
3 32 6816
3 21 2517
4 11 4913
8 60 6093
6 91 8063
4 62 817
2 40 7383
8 75 875
8 4 854
2 10 1095
7 18 9248
3 11 7610
4 81 4987
9 83 1271
4 39 953
10 58 8747
5 62 123
1 7 5027
7 57 1931
8 53 255
5 77 2335
3 77 3124
8 34 5737
1 19 2666
3 80 8157
1 88 4867
2 43 1131
9 32 5928
2 54 7891
10 53 1617
3 41 725
3 100 567
6 90 7158
7 18 9332
4 34 2145
7 64 8925
4 35 9750
3 76 971
2 68 8081
9 66 3926
5 59 5043
1 85 4585
5 93 1089
1 20 4073
10 78 2394
2 9 5939
5 54 7554
7 70 7831
5 96 8409
6 36 1890
10 100 8388
2 83 3383
6 52 1415
8 20 8658
5 97 6842
8 75 1467
1 86 6189
9 85 5068
7 3 9789
9 8 8172
4 54 3792
5 74 6702
1 83 6452
1 17 2157
2 30 152
6 74 6061
6 9 9432
2 79 3594
4 12 979
5 3 8205
5 71 9106
9 47 8232
5 95 2483
7 27 8747
3 99 2736
10 41 4257
5 34 2939
6 70 2298
10 24 2064
8 88 7549
6 79 8335
1 85 2590
2 3 9379
5 72 2260
4 28 1437
10 76 5163
7 82 3181
4 45 4392
5 31 5452
1 34 6043
5 16 557
6 83 4513
5 52 2082
7 30 8490
7 57 6851
2 89 8596
5 35 9917
9 82 4156
5 89 5815
10 23 9106
3 4 4775
7 96 1752
9 2 2457
10 58 2917
10 70 6447
10 31 462
10 33 9636
2 85 4710
6 49 2686
1 8 324
3 12 9496
5 66 9089
5 97 8502
8 46 8739
7 95 5164
4 7 9274
8 39 4253
8 73 7282
2 27 4305
10 56 9341
3 41 2828
2 11 2662
2 87 9988
6 65 1024
1 45 2096
3 77 9618
7 52 218
6 8 103
10 88 978
3 3 1297
10 22 4614
4 43 112
9 4 4657
1 81 9206
7 18 9326
6 76 6459
6 10 7457
6 3 8557
1 54 5266
1 45 8758
10 90 4799
3 7 5959
5 45 9510
5 82 8575
9 61 9458
10 15 3647
9 31 2549
9 8 9163
6 16 779
6 16 984
1 61 3719
8 24 4891
8 61 107
7 51 4436
5 15 2638
4 96 7056
4 60 2508
10 30 2758
2 31 1215
7 99 3398
2 38 8477
6 56 6600
10 16 4644
2 73 543
9 26 537
3 33 2394
8 27 991
5 86 7345
6 79 7153
1 44 8974
1 58 4333
4 22 4748
2 1 2668
5 68 8538
6 32 8316
6 60 1151
9 71 8815
1 65 2204
9 80 1942
4 2 9453
4 94 7510
1 77 3120
2 54 4854
9 38 1053
3 46 6159
10 98 5201
8 34 4615
10 50 4651
8 67 1882
5 84 2465
4 6 3138
10 72 9984
4 62 7101
3 33 3251
1 15 4676
6 31 1875
9 66 9231
9 8 2605
6 100 5771
7 74 1828
2 79 8277
6 78 8421
2 76 2679
5 30 2912
4 40 9228
5 66 8822
3 95 3243
2 30 5885
10 61 7081
9 12 1853
5 63 82
9 19 3612
1 50 2408
4 45 3415
8 29 404
6 75 6769
6 54 2484
8 73 2898
7 24 8877
10 74 8835
10 94 8700
1 17 5299
8 77 1332
10 78 4719
5 53 3283
10 98 2394
1 18 1194
1 36 8758
2 87 7219
6 98 286
5 52 6451
2 63 4814
9 18 2445
9 71 5324
3 65 9689
5 15 6227
1 83 7027
5 6 3662
2 35 3527
6 62 6639
7 10 1290
6 42 6888
2 16 843
2 21 4605
3 45 6876
4 15 9642
9 48 5839
4 33 5656
10 7 581
9 5 7366
1 6 5538
1 17 4794
2 57 7871
2 44 7125
6 77 4255
10 80 6418
1 70 8850
10 6 3406
5 20 5820
8 2 465
8 97 7875
10 99 3630
8 55 3352
7 70 5162
9 10 499
9 71 8969
2 6 6318
9 69 1682
8 46 4857
3 68 2241
8 56 8703
9 21 4086
6 77 4388
4 64 7113
4 5 1991
6 47 945
9 77 2525
2 42 8894
6 58 3165
7 41 2002
5 58 5300
9 70 7287
9 35 4334
1 31 3765
7 90 5989
9 55 740
9 30 7501
4 45 1725
8 92 605
1 15 3829
3 24 8351
2 81 8356
7 98 2387
8 49 794
7 72 965
1 96 7783
3 66 371
10 53 9579
2 56 4835
1 75 3226
5 10 2391
2 94 4930
9 36 477
1 64 3169
7 65 8495
4 31 7255
10 80 4489
5 84 3672
10 55 9488
4 33 5010
3 10 4568
9 29 6934
9 47 7266
1 98 5821
3 54 9615
5 92 1410
4 93 2103
6 2 5327
9 41 1685
1 67 6665
10 28 1509
9 46 6353
9 17 8164
3 26 7270
3 33 9074
4 91 1726
3 19 2448
4 58 8647
5 31 3761
8 63 6313
9 35 4969
5 48 5651
9 52 3752
7 68 5586
4 92 3085
1 14 9803
3 10 941
9 75 6437
6 30 8748
10 74 4538
4 45 7342
3 4 3998
8 93 7100
2 47 8521
1 44 7846
4 54 4546
1 16 9869
6 67 3300
3 15 7820
3 67 6339
7 39 3349
7 87 3429
4 84 5348
7 100 1913
1 16 6072
5 69 2452
2 51 7279
9 59 2923
10 45 8840
2 90 6731
6 1 9120
9 87 9435
4 23 2038
6 40 7563
3 15 4971
8 91 3047
4 8 7528
3 2 5376
3 10 2352
3 25 7443
1 100 4236
5 24 6507
3 54 1462
2 96 2458
9 40 5250
8 8 5519
9 29 3804
6 35 2625
1 12 1733
7 87 5148
2 95 2723
3 58 5852
8 59 3674
8 29 7704
5 98 6414
5 72 6970
9 17 957
7 16 2456
7 5 8677
9 33 7608
1 89 1385
2 25 2991
8 68 7753
4 48 3095
8 60 3044
9 93 7961
2 35 9670
9 96 2551
9 56 6443
8 98 7102
7 70 9692
6 94 4485
3 30 7275
3 80 6702
6 88 7889
8 48 9602
6 20 2193
7 96 9543
8 40 4811
4 46 3128
9 33 6131
9 62 6873
8 25 8608
7 50 9517
9 43 7419
6 7 7893
6 62 2054
8 46 7215
4 71 5892
5 1 5047
4 92 5394
10 82 7396
1 98 9881
10 48 4245
8 100 1964
9 37 5086
1 13 8196
3 45 4806
10 60 364
5 67 1488
4 19 6037
5 23 7296
2 40 5762
3 87 1250
4 81 5140
4 86 7781
2 58 2892
5 68 3443
1 77 1931
1 42 8048
10 76 570
7 72 6740
9 86 5241
3 18 7794
2 92 6653
8 3 858
7 81 1254
3 21 1795
1 18 7950
8 27 9213
1 5 295
6 43 5713
1 76 1718
4 14 8802
8 66 1969
4 80 5568
4 28 5385
9 92 3559
6 14 8581
4 31 3501
1 99 6864
5 49 142
3 6 998
4 43 2655
6 41 4659
9 35 629
8 28 1897
3 28 4056
8 96 8626
9 8 3436
5 35 2054
4 42 3446
6 88 9035
10 33 6087
7 85 4320
9 49 7306
3 13 2006
2 18 9141
7 72 7562
8 78 2216
5 10 1834
9 11 4075
6 25 2000
1 17 9759
1 15 1042
7 56 296
7 13 4748
8 100 1
3 17 7095
8 53 3285
3 95 8821
7 56 7046
10 70 8946
9 71 8261
7 32 6474
1 37 4130
1 70 1650
3 78 1762
1 3 752
5 79 1380
2 22 7551
4 96 8271
2 55 2372
2 85 7011
1 46 5172
3 78 7184
10 7 4243
7 85 5434
4 67 9337
3 65 4490
7 67 5923
5 79 2835
10 26 9564
10 57 1416
6 33 7207
1 7 1516
5 57 5470
3 37 9884
5 75 2266
9 96 7595
5 55 6814
6 60 6830
1 36 2330
7 59 8036
7 17 2405
2 69 3306
5 39 731
5 59 8722
9 92 7294
8 100 3279
1 54 7463
1 13 1676
3 14 2249
8 46 4432
7 95 4975
8 7 4570
6 80 7779
2 73 4640
5 85 9893
5 74 8875
4 84 52
7 43 7518
9 92 8289
10 29 9654
9 71 2533
2 39 9833
2 95 8813
8 75 8535
8 53 912
1 12 6529
7 64 8687
8 39 7095
4 88 3487
2 79 1897
3 81 6058
3 26 1069
1 32 9351
1 95 5433
9 75 513
6 35 4783
2 5 4287
6 7 4008
6 78 4076
9 3 8938
4 22 961
3 82 5729
4 30 8486
5 72 4216
7 15 9275
3 65 9430
8 2 6874
10 72 1772
5 75 6183
5 41 8062
2 9 7427
7 95 3660
1 20 7341
9 20 8029
1 14 4999
4 67 4507
2 58 7927
10 20 9791
2 31 5883
4 18 7826
5 24 7420
5 13 3649
10 26 6876
9 22 6658
3 62 6391
2 94 4918
7 42 6150
8 55 776
6 13 5348
6 7 2124
6 2 9055
2 27 2138
7 52 2928
10 73 1300
4 45 8742
6 41 4227
6 57 1833
4 63 2005
9 79 7273
10 44 1946
10 55 438
9 68 4718
3 41 9840
3 70 7636
8 46 7049
9 14 3089
6 48 6515
9 20 5051
10 21 8022
10 94 1375
3 24 8739
2 14 8774
6 8 9880
2 80 395
4 23 6366
7 29 423
8 96 3262
7 28 242
9 16 9313
2 24 4868
9 30 9569
8 84 6878
10 94 1412
6 68 1980
9 72 7764
3 27 1087
8 33 235
6 32 8931
1 11 2152
9 29 8214
9 27 2473
1 8 8578
5 52 2920
4 26 7915
6 87 5463
9 27 2736
7 31 7114
1 29 8610
7 55 6955
10 79 7422
10 12 5852
1 76 9516
10 82 2779
1 88 1859
10 26 459
8 7 5061
5 22 9386
2 59 2577
5 4 3477
9 58 7839
6 65 1313
1 67 9934
10 30 8961
10 15 4108
3 13 1566
3 64 135
10 84 6377
3 48 9631
2 9 2930
7 29 5525
8 14 5350
6 46 8103
10 59 9258
4 1 5469
7 28 7415
4 60 386
3 56 5243
6 49 8091
9 9 6250
7 90 4211
9 75 1979
2 18 8241
3 74 475
3 60 7893
8 6 2201
9 4 9274
7 57 6890
5 22 7
10 37 1935
5 69 4004
2 73 4215
4 83 8876
1 64 3148
9 41 6243
1 50 4881
10 77 7751
4 39 5584
10 92 7990
7 26 9404
3 10 3111
6 54 8678
4 67 4075
2 19 9937
2 17 3418
2 16 8280
7 35 6468
8 63 5968
9 89 7204
2 84 6892
2 37 3773
9 44 2971
4 43 4500
6 23 8384
1 91 5627
7 52 9716
5 17 8394
3 57 6692
6 85 9864
10 1 1745
9 12 5199
4 97 5207
10 19 2513
2 64 2537
5 32 4526
7 48 9811
10 35 5693
1 66 1838
7 34 6110
1 23 2027
7 11 3122
5 50 138
2 43 3602
6 93 7631
5 96 5798
4 25 4261
5 57 1741
5 15 9719
1 66 8176
6 14 5950
6 23 6425
1 6 9933
10 83 3397
3 44 7118
8 80 8988
3 4 8295
6 66 9137
4 31 3590
8 30 2053
10 38 9327
3 63 2775
5 42 8295
10 92 7919
7 30 2292
4 20 8019
1 67 4580
3 38 1781
9 53 6874
7 11 176
5 58 522
1 96 6988
3 91 4561
6 87 3945
10 29 4951
7 87 6249
1 5 2197
10 23 3425
5 37 1290
6 27 9189
1 62 9199
10 17 2270
1 32 786
1 52 6243
6 50 471
1 86 8822
10 90 504
8 72 3842
2 31 1387
2 59 728
3 52 9617
4 25 923
9 21 5264
10 85 6185
7 65 7413
5 68 8426
9 17 8440
4 71 1607
9 28 3697
8 64 6333
6 18 7896
1 67 1656
5 7 1006
9 20 1763
4 62 2470
7 49 3711
5 2 3721
8 84 7737
6 80 4685
9 50 4211
1 45 9929
10 32 5829
10 70 5419
4 42 5569
5 90 3992
9 92 4256
6 49 3648
7 92 6160
1 90 4104
4 47 3616
8 52 8377
8 72 6012
4 54 2820
10 87 193
4 22 319
8 89 5144
9 29 6326
3 36 842
9 54 8956
9 33 9740
1 100 9262
4 52 6462
8 91 2695
10 24 2580
6 51 5475
10 92 8641
7 93 5436
8 62 6870
7 91 9953
6 76 4421
5 23 7525
7 90 9070
10 38 6182
1 90 3085
4 80 8227
6 92 2055
10 35 5097
4 56 2370
3 99 8464
2 90 4070
5 20 2755
2 42 4086
1 14 7899
1 91 1736
2 58 4387
10 96 9288
8 23 6165
2 48 5855
2 50 9495
10 100 4788
5 59 135
1 35 1059
7 91 9465
3 56 6420
9 40 6483
2 5 9589
3 74 4434
2 40 4138
3 49 6419
9 53 2335
8 57 5502
4 11 7296
1 41 6309
1 4 6368
6 82 5012
10 72 5318
8 86 8326
8 4 6534
10 69 6431
8 36 5695
3 65 6393
5 99 6340
10 30 808
2 74 574
7 26 7532
6 23 3193
3 96 4535
10 56 5151
10 87 2827
2 78 9865
7 26 9868
2 85 1147
6 66 8754
3 63 5593
1 91 8306
7 65 5936
1 48 808
9 37 1489
2 31 1998
4 7 4706
9 64 239
3 58 7543
2 45 7619
9 79 2623
1 71 7734
1 57 3511
9 95 4489
9 27 5416
9 24 1878
5 16 762
8 80 8446
6 89 6698
5 65 4092
1 37 289
10 35 5254
7 81 2389
10 71 3671
1 2 41
1 52 3539
3 100 6018
7 68 9482
4 43 5184
7 45 7588
3 16 6295
7 38 160
10 83 9391
8 99 1983
3 80 6072
10 70 5653
4 87 9914
1 77 7201
8 22 5136
7 86 3007
4 69 3929
8 75 4103
4 56 5721
3 11 7920
4 17 1785
7 53 1355
3 90 661
10 19 1635
3 72 4919
2 36 9162
8 30 8695
6 8 765
5 75 8811
6 5 3927
1 71 2444
9 28 8327
4 66 8218
2 85 7426
2 87 9032
5 13 8955
7 22 6831
6 4 8224
9 45 9346
5 34 3051
6 82 327
5 59 4184
8 31 7757
9 88 8041
8 83 3319
2 63 4009
3 37 9601
10 82 8348
4 73 8061
6 25 1969
2 55 5165
1 75 1733
10 37 8798
10 54 663
7 50 9139
8 26 6368
5 89 2892
2 42 8422
2 10 5123
1 55 8764
4 97 4831
5 64 7222
4 50 7908
4 1 5618
1 35 1522
9 44 7900
10 16 3107
4 94 3631
5 21 1496
5 66 9895
5 24 4823
8 58 994
6 74 9924
7 9 2415
2 29 9304
1 43 8418
9 87 2476
2 17 1284
2 34 5338
8 46 1165
1 56 1052
2 43 6262
9 57 8679
7 12 692
6 4 5326
7 40 9783
2 13 5191
2 98 6673
2 21 6487
7 31 9443
10 84 5844
1 23 227
5 12 8703
3 10 2661
5 23 6794
6 73 7190
9 29 9241
2 37 674
7 72 1673
6 11 8807
10 74 4297
3 15 666
9 69 4378
7 82 8084
4 78 4493
1 64 7750
2 71 3768
2 54 6952
10 14 1976
6 47 3460
3 40 6235
3 64 3248
9 55 4302
10 49 1125
9 52 5158
5 94 9261
3 40 8448
3 10 8210
9 95 8889
4 88 2795
5 55 7649
6 42 5021
1 68 2018
8 22 6256
4 34 7231
5 23 8583
6 15 4828
1 52 82
3 58 8033
8 87 5572
4 42 9155
1 1 1957
3 12 5039
1 83 9680
2 79 8375
8 52 8012
1 19 8711
1 24 4845
9 47 2644
7 85 2304
4 64 2208
4 74 2777
3 26 5587
7 10 6015
9 5 8263
2 60 4251
9 58 5413
5 97 5240
4 42 3815
6 51 2660
1 83 2829
3 61 4819
3 99 2909
6 60 2480
1 19 1894
6 65 18
6 62 1635
6 79 6453
3 32 6131
4 49 4296
6 49 8327
6 100 9394
2 91 1255
7 20 5389
10 79 969
3 30 8001
4 52 384
2 91 1440
9 29 271
3 82 6219
10 14 8997
9 9 4454
7 46 2622
9 29 5442
9 86 3486
8 61 3505
5 51 3946
7 2 2520
5 90 1233
1 92 2354
2 93 3322
9 46 2689
8 55 4839
3 55 4338
5 72 7289
1 88 9350
5 38 6268
1 29 1777
6 7 4668
8 34 9443
6 43 3819
7 45 1159
4 100 9298
6 51 3182
3 24 1313
9 85 5153
7 61 9707
3 51 7789
9 57 330
8 59 1209
2 29 2609
4 59 5831
10 2 5128
9 52 2275
8 4 101
2 81 3250
2 63 2347
3 25 8655
2 88 664
8 4 860
5 36 5026
2 39 5063
9 46 7583
1 62 7741
9 57 7123
2 48 5432
5 41 6428
4 33 1745
5 18 7551
9 79 9762
3 94 4383
5 37 6823
2 79 2151
8 12 2992
10 16 3241
9 60 6803
8 38 9883
10 4 912
2 38 9197
6 87 2063
4 56 7661
4 97 4261
7 20 9880
1 17 7877
1 79 7099
3 58 3764
1 2 7055
4 63 544
5 88 8363
5 12 9985
10 79 8037
5 60 7614
10 63 817
1 10 8464
7 88 5368
9 20 8215
7 37 4773
5 44 7129
3 68 7862
1 85 2790
9 45 8118
5 69 6151
3 65 9196
1 29 9203
7 50 8989
2 47 2364
1 59 7464
6 48 4903
1 25 3978
6 73 1011
4 50 199
1 93 1523
4 22 2223
7 17 6667
10 93 9851
5 28 6217
10 33 784
2 21 938
2 87 9738
3 36 4502
5 18 9850
9 42 706
2 70 5560
6 95 8949
2 57 1169
2 84 1869
1 49 2674
6 46 3924
2 98 27
1 32 6765
10 57 8075
5 86 6908
2 32 7992
9 76 6903
2 37 5961
4 31 4607
7 68 9305
4 97 1810
8 54 4085
4 94 5480
7 22 6286
1 55 1449
6 69 4446
5 89 7044
3 85 2325
9 17 5978
9 74 7273
4 100 9732
9 85 2633
7 5 8773
3 54 2201
5 51 9226
2 24 4552
2 54 5384
6 43 3007
8 12 6967
2 69 9317
5 21 1875
10 3 2374
1 97 9306
5 24 7688
5 52 5572
4 37 4171
3 95 2267
5 22 6068
3 2 8611
8 52 2707
9 82 8395
5 37 5507
1 2 1331
5 20 4836
7 21 2300
4 4 3934
3 95 4132
3 58 5902
8 41 5535
7 96 2567
3 58 4046
4 83 4087
10 70 3602
1 50 7012
8 24 8610
8 32 7747
1 51 4077
10 98 390
1 33 1141
3 73 7337
4 70 2769
5 12 956
9 77 3080
4 92 3482
7 16 590
2 62 1666
1 15 355
9 47 4322
9 28 441
7 91 1486
6 45 5765
6 64 4788
9 35 9403
2 77 2401
3 27 5530
1 1 8134
8 61 3999
1 41 4758
10 22 6911
6 41 3601
8 64 7957
10 86 1198
3 2 5828
10 23 6138
5 97 9063
4 62 8104
8 84 4430
4 2 2283
3 91 8260
1 5 462
6 25 5036
2 44 6773
4 95 332
3 26 500
4 83 6634
1 68 615
3 69 5162
3 12 616
1 41 3906
5 50 7151
9 75 2233
2 40 9728
1 69 7825
4 29 205
3 14 1288
1 51 8252
4 97 3557
10 21 9890
3 59 4612
6 68 7056
10 35 726
9 5 8639
2 79 408
6 74 8658
8 50 9752
3 71 671
1 77 9884
8 79 6987
3 43 882
4 82 7005
2 29 6865
3 78 5336
8 65 1500
5 64 883
4 89 7190
9 44 1996
2 37 7
7 45 2752
9 10 9057
6 59 4733
1 75 8599
1 77 4320
3 60 7031
8 23 8307
2 99 3197
6 35 758
4 54 1389
5 64 9789
8 18 1290
4 8 8586
9 95 1527
2 75 3250
8 42 6741
5 27 3729
8 94 5295
7 1 1561
3 34 3545
8 20 393
8 66 3069
10 27 8023
1 27 8155
1 98 384
7 73 4777
3 30 6301
1 10 3098
7 96 288
7 90 365
3 81 5981
7 22 3900
5 13 64
2 49 5777
10 44 9461
6 71 7460
2 53 5090
10 31 8247
7 66 9073
9 76 1546
3 14 7578
2 75 4073
10 55 5306
10 61 8692
4 60 3518
8 25 9941
5 65 1905
9 12 1171
10 12 3201
4 75 615
8 67 530
8 67 2835
5 100 316
8 16 1858
2 26 8352
3 64 115
5 36 4083
7 66 7641
8 87 5052
4 43 5910
8 54 836
4 78 5195
3 70 3390
8 54 390
10 33 4042
4 68 6552
5 29 6944
4 54 2534
3 48 8776
9 33 9586
2 71 2213
4 78 8026
6 12 5675
4 25 665
5 15 1562
2 52 7586
7 33 9287
9 81 3594
6 31 8040
1 75 8108
9 8 1129
2 1 340
2 92 9512
3 6 8131
2 15 14
3 52 7796
6 93 8514
1 74 4476
2 64 6994
2 15 9614
9 21 7586
8 32 9200
8 99 2756
1 65 3835
3 91 4520
5 47 4225
4 84 3738
5 35 8936
9 92 6620
10 38 1863
7 85 7802
9 23 6803
6 65 2033
4 78 1357
5 79 6774
1 80 1140
2 46 4310
6 41 2893
7 59 6460
1 67 1974
4 90 4923
10 41 3700
7 29 6422
8 99 1829
6 89 8531
3 83 4160
3 72 8265
8 87 9255
6 58 5369
10 29 7241
9 44 7705
2 23 2324
9 55 4525
4 88 8602
1 29 4196
10 26 6329
5 28 5427
5 18 1496
1 65 4513
2 6 8260
4 61 9960
7 13 8447
2 36 22
7 14 951
5 59 1231
8 64 3354
10 89 658
2 51 1317
3 57 1280
3 73 2189
6 92 321
9 29 4
5 78 4783
3 94 5690
9 5 3800
6 75 7658
1 39 1654
7 95 8749
3 21 2559
5 34 9865
5 10 3830
4 52 18
9 12 4241
1 19 4216
5 97 6705
5 72 6588
8 40 8893
7 69 1546
4 52 5575
1 10 2058
4 48 3222
2 71 4828
5 55 1260
9 42 3407
4 71 4038
9 27 6437
6 63 6885
1 63 7824
10 81 413
3 15 2160
9 31 6921
10 63 7543
1 63 7804
8 18 1724
7 78 1900
5 12 8797
6 85 7237
7 19 9501
4 45 5584
2 72 3670
4 37 5751
9 95 9241
3 82 7662
4 24 7493
8 92 3138
5 3 8933
4 6 8089
4 36 873
6 58 7794
6 77 1867
7 23 1933
9 72 7010
4 1 2299
3 27 4572
4 64 3154
4 43 1564
3 62 4183
3 27 8075
9 75 4073
8 3 4239
8 77 380
3 57 3282
5 84 1517
4 44 4620
4 85 5682
1 31 9893
2 8 8289
5 13 820
6 34 6636
10 20 7326
4 47 9528
7 46 5728
3 53 4215
10 3 5389
1 61 5626
9 46 3978
5 19 1504
1 77 4460
10 94 6811
4 33 6010
6 61 5026
4 81 5801
3 15 9539
4 63 3797
1 56 2447
4 47 5597
5 78 702
8 26 832
4 17 8751
3 44 2146
8 69 8068
7 58 9260
3 62 3644
2 76 820
2 65 1469
6 30 5348
1 36 922
5 89 9339
10 68 8875
9 62 3100
10 50 83
8 81 8314
5 7 4884
3 22 8630
5 91 7304
1 39 9211
7 29 6928
4 76 3039
1 27 5874
9 48 3453
1 90 4120
2 3 9139
8 73 8481
9 92 9464
2 28 1762
6 60 4111
2 64 5568
3 99 1377
6 84 1280
9 42 7098
2 61 8233
6 66 1636
6 56 846
1 45 7755
5 56 7887
8 69 7143
1 84 9519
5 49 597
6 90 5475
1 56 84
10 61 6307
9 44 2851
9 99 9962
3 68 8307
4 29 4939
6 5 4441
7 87 8755
6 10 8463
2 100 4735
9 26 7177
5 76 2646
8 24 4891
6 34 7311
10 70 1051
8 31 9843
6 65 8528
7 44 3816
4 67 4436
8 44 3919
10 98 5508
3 37 3871
8 67 8784
4 92 2851
1 4 3925
10 88 6119
1 5 3679
1 14 254
10 97 2347
2 40 745
5 65 1572
3 40 5853
6 89 7984
1 33 1840
5 52 4106
4 43 1587
2 33 729
2 58 5432
7 31 8916
9 85 3374
1 14 739
6 5 8513
6 67 4207
9 58 2561
5 85 4027
10 23 8561
7 75 7117
8 87 1946
10 87 8035
4 71 8258
9 70 398
2 49 335
4 77 9343
7 89 1637
7 98 3214
2 67 2948
7 71 2929
3 23 9593
4 38 4435
6 37 6334
8 99 4118
7 13 9151
10 68 6108
10 20 9374
3 28 930
2 40 1935
5 57 7335
10 72 8898
10 17 7125
10 22 9041
9 50 4541
10 60 1220
10 61 8045
1 39 3724
3 18 4178
6 85 816
6 5 3446
7 78 3411
6 83 8532
5 66 9840
2 3 3559
7 44 7200
1 66 5130
7 39 3961
1 72 450
9 92 6931
8 30 8802
8 85 6692
10 23 3556
5 86 1164
7 32 6760
5 42 9226
4 63 2777
7 93 912
4 65 6477
4 1 6479
5 77 9830
3 35 8487
2 66 4295
5 99 1429
3 52 2225
1 29 4092
7 82 1449
9 68 1323
10 65 1298
1 34 5238
5 43 6064
4 73 4416
7 23 3541
1 33 9370
5 11 9195
2 6 1971
2 18 3989
4 73 3385
2 22 7263
8 51 2488
2 28 4456
6 97 7775
7 75 9497
3 61 7325
1 67 1141
3 7 1721
2 3 6474
3 61 110
4 19 871
4 98 3413
4 7 8965
6 55 2082
3 78 4711
1 67 2739
4 74 3324
8 40 8978
3 13 8131
6 33 5650
4 17 7643
1 72 5782
1 66 9572
7 48 4198
4 66 9928
7 43 3931
8 34 236
1 39 5288
6 71 2308
10 19 3373
4 76 7172
1 18 6753
1 77 704
2 92 1195
4 96 1397
4 83 6036
9 95 2459
10 7 2435
4 5 3442
3 85 5371
6 51 8165
7 31 4460
2 84 6535
8 34 7538
10 29 2752
6 35 9389
2 54 2180
2 100 6876
1 6 9824
2 10 5916
10 33 6653
4 51 128
7 30 5047
4 91 4625
10 81 4935
5 31 6113
2 42 3205
7 75 9801
8 11 6785
7 7 6631
7 59 3665
5 39 4460
2 75 4841
7 48 7021
5 10 6800
8 22 1154
10 94 9729
2 48 3974
10 76 9149
6 80 8417
1 53 9434
10 66 8172
3 85 4996
5 68 9612
8 79 4848
5 1 2210
10 95 9790
2 98 4973
7 22 1504
6 3 6088
3 32 9270
1 29 8815
7 88 8918
3 43 7766
5 79 9960
2 47 2224
1 76 3104
2 95 2838
10 82 13
3 4 1003
4 6 2871
6 22 2048
6 71 9160
8 64 1203
4 22 4703
8 34 1179
6 79 9462
1 31 2614
6 73 2002
4 52 3992
5 2 9411
6 69 5640
9 1 5348
8 36 3402
5 47 3363
9 90 4216
10 7 8960
1 45 8527
10 34 3352
10 90 9339
2 100 4715
6 6 5375
4 87 5899
10 25 3359
2 10 2689
1 14 8783
10 12 6244
2 7 2096
2 49 3179
10 52 9386
4 43 8312
10 76 7557
1 92 1112
6 42 2515
9 29 7911
7 58 8409
2 28 2601
1 2 6236
1 78 7985
5 90 571
1 77 596
8 45 1486
4 21 7165
2 45 5775
7 84 2258
1 65 9255
7 91 9225
2 99 989
1 10 2613
10 7 3066
7 80 6632
2 29 4809
5 44 7608
4 15 4173
7 73 5490
10 19 6232
7 93 897
3 32 508
7 91 2796
4 48 210
6 48 7546
5 9 2769
1 98 548
3 74 3946
4 30 296
7 48 1668
10 23 2040
6 70 5501
6 72 4404
1 90 925
3 70 8613
6 100 3123
10 84 7657
1 69 8123
9 28 5342
10 18 9268
9 34 3616
4 4 1560
5 61 3182
2 40 4040
8 91 1365
10 96 6058
5 35 9025
3 100 4656
1 8 1828
9 41 6845
1 32 8617
1 52 9604
5 99 4345
6 20 6356
8 11 577
4 90 3932
3 51 522
8 53 6755
10 82 5734
10 64 2227
1 6 4036
5 39 3615
3 38 7468
7 19 135
7 35 972
9 11 2533
7 55 2835
3 69 4054
6 60 8579
6 68 8552
10 48 9130
9 39 9355
4 100 8355
5 96 9249
10 60 4741
4 7 6603
2 38 7629
10 3 5789
10 91 1728
9 11 798
8 70 7081
4 54 9909
6 67 8583
3 75 7305
9 29 1071
5 84 6262
8 49 9757
4 67 863
4 81 1790
10 72 7929
6 24 4776
4 30 1771
6 82 3502
10 77 2609
5 25 8194
3 20 1884
5 85 4851
3 69 3866
5 5 9489
9 16 5795
6 43 5367
5 49 8760
7 99 363
1 94 2849
10 23 4222
7 87 8299
9 63 6076
2 89 9311
8 38 2303
4 10 315
9 69 1042
4 7 5364
6 92 7074
6 55 7439
3 13 5876
8 76 5963
5 25 9291
9 5 6329
1 86 9853
6 35 1204
5 13 7954
7 69 8189
10 94 9384
1 73 4293
1 66 9425
2 52 2257
5 16 4768
3 7 4955
2 34 7656
4 61 2833
3 62 2576
6 90 6033
7 36 9481
9 74 6084
1 35 1625
4 40 4463
10 69 2855
9 50 4714
3 25 1221
2 28 4766
10 16 9334
6 93 8133
3 78 1772
1 86 1290
5 58 2116
7 88 1240
1 56 2583
4 55 2150
3 51 5366
9 61 924
6 16 7566
6 6 9671
2 99 5322
10 66 3092
5 51 1129
6 18 7191
8 85 2804
6 72 6748
8 92 7120
1 55 8213
6 93 9612
3 43 3501
1 84 8163
6 11 9066
8 48 9853
2 26 7954
10 62 8055
8 58 1389
8 70 7485
3 64 1737
9 87 9336
3 34 7250
10 99 691
9 34 9252
3 57 6980
10 34 6434
3 65 3718
7 56 5813
6 42 3764
3 37 1369
7 85 8834
9 45 8820
7 1 5811
2 49 5396
8 56 8184
10 1 9352
9 18 6378
3 56 4749
8 18 8375
3 35 1028
9 99 4554
4 29 2604
7 6 3704
4 28 8374
1 37 8850
1 11 8245
3 83 2248
3 75 5116
5 55 376
10 96 8381
5 88 2958
5 55 1649
1 66 238
9 75 6351
2 32 997
7 21 8698
8 34 7237
6 63 1208
9 87 5574
5 48 5137
2 49 4623
9 22 7000
5 2 7446
8 82 1320
6 93 6074
3 86 7848
4 54 8756
5 64 816
2 74 7376
1 61 9993
6 53 4203
4 55 488
10 81 1743
3 45 5406
6 100 1909
9 62 9351
3 24 5359
3 35 2121
4 85 9250
4 50 9013
4 60 4490
3 37 4857
1 22 4711
5 82 2682
10 1 3597
9 35 1381
6 87 9913
8 66 2198
4 77 4952
9 15 8072
8 30 7855
6 33 9832
9 4 8096
6 41 9191
7 20 8651
10 26 3569
5 33 6847
10 77 870
2 27 8751
7 88 7937
6 37 700
1 37 5549
7 27 703
3 33 4955
5 59 2865
1 90 6089
7 11 6785
5 42 8179
5 97 3002
1 47 3703
8 39 5334
3 4 4486
9 21 8855
7 45 9399
2 23 8131
9 46 9436
3 25 9575
9 39 8897
4 72 6700
3 58 3497
5 55 4517
3 24 4865
4 97 3458
8 16 7586
7 65 2651
6 98 8337
4 77 2667
4 57 5428
8 15 7431
2 58 1544
4 13 7772
2 27 9821
9 68 4784
5 76 5136
2 87 2004
1 47 490
2 35 1573
10 7 3482
8 83 8532
9 71 3639
4 92 412
4 42 6876
4 47 1133
9 49 5036
9 88 2768
10 65 1499
6 61 8655
3 58 4779
6 34 9111
9 6 2034
4 65 1706
8 61 4034
6 59 2634
9 51 6216
8 24 8751
9 94 4015
8 70 6522
1 42 1195
5 93 4951
4 17 7939
2 88 4099
5 61 8826
4 17 7396
2 16 2439
9 14 3964
2 8 363
5 36 7842
10 49 4167
9 39 9560
7 83 3262
8 2 2936
10 66 7132
3 32 909
7 83 3590
9 6 4132
5 1 2916
10 64 8671
2 36 6008
4 85 9811
6 95 8378
9 9 4324
2 17 5469
4 65 998
9 98 9650
7 85 3732
4 43 6249
10 21 3489
8 55 714
5 20 4433
8 100 8176
8 91 9956
4 97 9684
5 5 6331
1 9 1336
4 94 524
7 84 3900
6 96 634
4 46 4011
6 91 1310
1 85 9616
2 8 6943
4 45 7981
8 18 5910
10 23 2038
2 15 5065
3 86 6501
1 73 5990
3 77 5487
5 73 6103
10 15 382
10 79 8362
3 40 9438
5 21 7955
4 17 2090
1 51 1364
3 1 865
10 7 7460
3 51 8916
9 97 9329
4 35 5667
10 99 9712
9 40 2561
9 57 1673
8 31 4145
10 71 4599
7 31 3389
3 63 9122
9 76 630
9 48 5619
5 45 4116
6 14 5919
1 27 2751
6 53 1022
4 95 2940
3 13 9544
1 50 5090
2 24 7171
7 10 6914
6 35 6375
2 84 5868
1 38 1081
10 48 53
9 34 9519
2 4 7960
5 28 4321
7 73 326
3 100 9602
8 9 424
7 16 8572
4 46 5923
10 77 1116
6 43 608
4 94 7362
5 67 2816
10 43 8899
5 45 6893
2 14 6933
7 83 1846
9 5 4125
6 38 7021
7 65 502
7 69 9716
9 49 4386
7 82 2519
5 23 4095
7 27 2963
1 93 4504
6 85 682
3 89 3161
9 14 7121
4 68 5709
1 1 6824
3 76 302
5 94 5537
6 78 375
9 78 4581
6 81 9609
4 64 1089
9 91 9417
10 76 2671
2 52 2600
4 81 4720
4 23 1301
3 54 2780
9 54 1603
1 99 4465
6 96 4754
3 52 1076
6 1 1912
8 65 402
3 56 8929
5 92 5282
10 29 6745
10 27 3367
7 70 4853
1 67 7758
2 66 9585
6 90 9312
4 100 1457
5 81 6096
10 53 5678
10 76 7486
6 98 6718
7 73 6882
10 26 9826
3 77 9681
4 80 4099
8 65 8218
3 50 7432
4 70 9576
1 93 4278
8 22 2055
3 22 7103
7 45 9574
10 34 8417
2 79 3453
10 90 2403
4 54 3165
3 63 92
3 51 8421
2 45 7825
3 90 2994
9 34 1546
2 18 9416
5 10 6933
1 22 5283
4 63 5371
10 41 8115
6 72 6237
2 64 5178
10 59 8783
8 56 3314
10 98 6152
7 61 538
2 44 3570
1 96 8825
4 68 6338
5 14 1100
7 84 1511
2 84 2091
7 99 7300
3 64 9058
3 44 2869
5 4 2246
1 64 1201
5 78 5756
8 55 5432
3 8 8906
9 48 5408
2 52 6097
7 78 4591
3 59 792
2 43 8549
9 94 3019
9 85 7874
8 44 4054
6 72 8559
6 18 8577
3 63 5608
8 78 1164
8 32 8305
5 18 9176
9 16 4598
6 61 2241
6 70 9450
6 71 2301
2 89 7
8 10 7494
7 6 9163
5 38 7174
6 22 7233
2 42 8120
9 23 8267
2 64 7477
5 90 6886
5 18 1020
3 2 7878
6 12 5975
10 79 5013
10 38 1810
10 38 2690
7 93 3191
9 34 2088
3 44 2919
6 3 1267
9 9 4482
8 81 5953
6 2 7763
3 27 7582
2 57 1630
9 60 9296
6 57 2739
2 86 2148
3 52 1086
8 50 9149
7 44 3102
7 31 9650
6 35 4210
6 21 3916
3 44 6797
8 39 9526
6 49 6713
9 43 4852
4 78 4092
5 6 2902
5 77 8738
6 15 3921
5 1 5806
2 48 2214
8 74 5367
3 5 9430
2 25 1718
1 9 6395
7 13 2192
1 46 3373
4 19 1798
9 15 9834
9 71 7073
9 5 6859
2 65 8975
10 90 5834
10 9 7170
9 21 8810
8 22 7450
6 90 215
8 52 6539
8 91 4029
7 30 7093
8 91 184
1 42 6693
4 14 362
1 74 9572
6 31 9219
6 77 4053
2 85 2933
10 14 9600
10 76 3967
2 52 741
1 73 8641
4 33 3218
4 65 4525
2 7 3683
7 9 1960
9 49 8796
1 41 1196
5 39 5771
2 25 7074
9 73 9225
10 85 2888
7 44 5102
6 62 9310
5 82 8150
2 20 7247
7 45 2084
2 69 3994
1 37 1692
9 90 8216
2 47 1687
8 31 6378
6 12 3871
6 100 9515
2 28 3484
4 28 5356
9 9 2465
5 81 3060
8 71 3273
8 94 8337
7 94 5361
4 32 2076
8 23 1165
7 23 1580
3 66 4391
4 31 6546
7 75 7068
10 79 787
6 6 5836
10 64 8371
5 52 7395
8 56 3143
8 73 138
3 63 6147
5 99 4356
10 97 8411
1 72 3285
10 47 2163
10 98 8618
4 19 9925
3 55 4027
3 17 1271
4 44 3124
10 87 7760
10 31 4958
2 42 8328
3 79 4011
3 43 6996
5 34 4755
8 53 5490
10 82 6288
3 18 4391
2 12 2299
8 33 1734
10 17 2838
8 14 3439
2 6 4085
10 91 2314
7 48 3396
4 9 7816
8 16 6147
5 52 7819
9 69 3646
8 31 4266
10 37 3556
4 42 8106
9 70 4331
1 33 1009
10 86 6172
8 26 2394
1 60 6959
1 75 6067
1 53 153
8 81 4603
4 15 9013
3 43 8387
8 81 9179
3 27 3655
1 41 367
9 4 1610
6 82 7838
7 74 5281
7 79 8677
8 4 2787
1 27 6726
7 28 9307
1 71 6920
10 82 1589
9 61 7609
3 21 2566
9 50 5266
7 27 7529
10 89 9543
2 45 9690
6 64 6590
2 91 2610
10 80 2409
9 14 2939
6 52 1177
9 100 367
7 88 2355
5 99 7850
6 14 546
1 90 5605
7 85 1500
9 78 9573
10 73 7238
7 97 6730
9 70 2224
9 24 3020
3 67 5381
10 79 8329
5 78 6149
3 39 7106
8 17 2957
9 62 2300
5 75 8704
4 53 3324
8 76 1291
4 60 4416
4 25 6188
8 77 3025
7 72 8125
6 3 1228
9 11 4462
10 52 3551
4 66 3803
10 87 4828
10 82 2138
4 16 4591
6 44 8058
3 100 4718
9 26 7468
3 19 2485
8 71 734
5 68 7999
8 59 5619
1 99 996
3 21 2381
8 86 8275
9 84 1436
5 10 2902
9 17 3047
7 47 9708
2 1 1854
3 9 8638
6 74 1684
1 96 2461
7 5 8255
2 87 4695
7 93 6626
9 12 8216
2 93 346
9 97 9503
4 38 6964
7 4 9001
2 7 3444
8 90 5312
9 27 7364
1 7 3064
7 77 4830
6 59 5101
7 44 6285
2 50 2724
1 71 1286
1 42 9207
10 86 3199
1 71 4176
3 99 6330
4 53 127
9 45 9204
10 24 956
8 21 47
8 99 7714
7 75 2410
2 84 5549
5 61 2475
9 42 2560
9 73 1277
3 83 2756
1 40 8284
3 24 2430
1 29 9461
3 46 5504
6 12 832
6 3 1371
3 70 1489
4 76 402
8 86 594
10 75 2669
10 80 1451
6 43 9837
1 17 943
9 95 5742
5 62 2152
5 63 3098
6 83 3220
6 12 5465
9 65 4367
4 93 6233
8 61 5975
10 99 6475
7 31 5444
5 73 5835
5 89 2339
4 4 4706
6 25 8202
9 50 3689
2 50 1426
4 9 4214
4 34 3152
10 28 8208
4 33 6553
10 70 1018
4 21 8006
2 55 1420
2 81 5803
