10000 10000
8 37 2311
7 60 8085
8 6 5863
1 40 5508
6 57 3186
1 61 8738
1 23 1466
4 42 954
7 56 4318
4 51 9661
3 15 8957
5 17 2320
10 82 2392
2 15 5059
6 47 5430
1 35 5136
10 100 3060
6 58 6556
5 62 3521
7 49 6046
8 1 7645
5 68 363
8 74 6971
10 84 693
9 28 3245
7 22 3350
2 22 7994
9 7 6760
10 60 9918
6 80 9892
5 100 3578
8 33 7263
1 49 7763
2 24 3138
6 26 657
1 98 2974
10 39 1146
9 34 2850
2 52 5799
9 68 7123
1 92 4513
5 15 1791
2 43 5964
4 26 4936
7 42 9557
2 75 6485
6 29 503
9 9 9007
3 68 2653
1 7 8040
10 35 29
3 6 3847
1 98 8433
5 2 6640
9 23 354
7 90 4103
3 91 5509
8 58 6955
1 33 6145
9 78 868
7 58 5679
9 48 6250
7 59 8006
6 82 5679
4 71 3908
9 80 9172
7 3 4998
7 67 2916
9 4 6533
6 35 8067
7 51 7632
4 48 2984
3 31 207
8 51 7281
3 66 7070
3 37 9797
9 44 5369
4 95 2931
5 2 2331
3 42 2410
5 55 8493
1 95 2503
5 58 9775
4 42 3072
4 42 5747
10 40 8403
6 88 800
5 68 6613
3 21 189
9 96 8619
7 9 6779
7 28 6843
5 19 9794
1 28 877
1 9 8742
5 82 5210
10 75 4437
6 66 9047
2 4 6438
7 82 48
2 87 1883
8 26 5443
9 97 5851
1 46 94
7 76 7044
1 96 5397
6 58 9264
8 20 6735
2 2 5326
9 79 2830
2 11 4892
8 37 5638
2 64 3098
2 68 6727
5 93 149
6 41 3292
7 81 1026
4 94 7258
4 65 3060
3 14 5477
1 37 7998
9 100 5419
4 8 2358
2 55 565
10 8 2898
8 70 2563
3 14 4433
1 29 9284
4 75 2180
5 97 4924
10 9 2902
4 56 6299
6 3 5420
7 16 3539
4 16 5615
6 25 9386
9 13 9006
4 53 6956
8 37 4628
10 69 5569
3 28 5219
8 70 7183
8 2 2392
8 61 9845
3 92 6953
6 24 9563
5 81 2040
2 26 4964
10 65 1342
9 10 173
8 99 3302
10 9 1162
4 85 2368
7 31 323
9 19 7554
10 4 3880
3 46 6166
6 11 1241
4 23 1673
1 21 7465
3 5 551
1 52 4691
1 52 1778
4 94 6056
7 29 9930
7 97 1910
7 76 5929
9 85 1178
8 50 5530
7 85 3548
5 3 7151
3 93 315
1 95 2249
1 20 222
6 30 5833
4 74 7326
4 48 7628
10 81 9681
7 72 8139
1 71 6232
3 64 9812
4 18 8603
4 75 4959
3 29 6383
6 10 942
1 40 4929
8 23 8451
10 28 3665
3 79 3474
4 79 7198
5 21 589
6 54 9420
5 50 3985
1 37 425
3 10 9476
4 68 9128
10 73 7662
8 93 287
4 88 9893
8 62 6634
6 53 8314
2 50 9702
5 76 5649
3 44 9922
5 50 2723
9 28 369
10 89 3807
8 38 3635
5 25 6252
6 19 5471
2 5 4940
5 7 6789
1 43 8984
7 45 2570
8 86 3737
10 58 702
1 45 7121
6 49 47
9 35 5531
9 41 8799
1 5 2982
1 32 6013
1 77 9778
9 61 591
1 63 187
2 37 2737
4 96 7977
5 85 8809
7 45 5349
10 18 6766
9 9 2656
1 40 9905
8 21 2276
4 31 8770
5 32 1626
7 30 6599
8 48 2151
6 43 4270
9 52 73
9 81 4164
4 82 6572
5 34 2106
10 60 3147
4 7 8808
3 75 5339
6 24 3198
9 87 8969
8 90 9986
6 8 2730
5 44 4093
9 93 8704
2 100 4100
5 64 1747
3 97 9887
3 74 3557
3 67 5640
5 98 6412
8 79 3300
5 100 1311
2 69 9177
7 99 430
5 100 4862
2 69 8660
10 43 8963
10 95 4582
7 64 8931
10 86 5280
2 25 902
8 60 963
2 89 7683
10 42 9866
5 31 2787
2 83 7480
2 44 9853
7 43 7929
4 41 1374
4 57 9059
7 93 1787
10 100 5333
3 48 889
8 42 5267
5 75 4970
5 89 9121
3 81 4066
3 4 2431
9 36 4535
9 36 6791
5 30 1909
3 78 2929
3 48 7460
6 7 3414
9 63 1775
10 43 1080
8 35 2264
7 88 7467
1 31 5149
4 84 4435
4 22 3583
7 54 6886
10 51 1658
7 7 3385
8 43 937
8 90 2312
8 23 7534
1 14 9777
4 16 9750
10 24 8483
10 6 2623
1 5 6361
6 32 8610
3 67 3903
4 79 8858
3 53 8335
7 4 6538
5 32 9452
3 65 8409
8 20 9723
8 64 4006
7 1 3167
2 58 4881
6 20 9440
4 21 1893
2 25 4262
4 64 2834
8 27 8850
6 10 8142
6 86 8281
5 91 9855
4 94 2165
4 49 4981
3 8 6413
1 51 2379
7 33 4665
9 61 7391
1 5 6314
2 37 1546
5 84 7478
6 58 7266
8 47 2368
3 7 92
6 26 3028
6 85 7393
2 60 6720
1 1 4239
9 97 4521
2 80 5000
7 43 7031
3 2 8358
1 73 2663
9 83 5013
5 68 2087
9 81 7434
4 30 6132
6 9 638
8 62 4269
3 71 9493
10 57 5092
8 57 8110
3 50 2303
8 83 9810
10 55 7924
6 2 3286
1 6 5026
4 98 175
3 46 2133
5 80 135
7 83 7465
10 26 2962
3 48 7378
8 39 6945
7 38 1870
6 30 7730
2 95 5943
2 24 8129
10 34 3532
10 73 7997
9 12 5113
2 30 372
1 36 1156
3 25 3373
2 65 5630
2 38 7267
3 1 3883
4 10 3549
2 14 2873
8 11 1921
10 68 4605
2 67 6304
5 17 9223
2 74 4057
4 8 8343
1 76 1404
1 39 409
6 27 8364
5 70 3397
7 40 8217
9 79 9714
1 63 7567
8 18 1399
10 32 3394
2 93 2125
7 65 3141
10 51 3328
1 60 2736
9 47 494
10 59 821
6 74 6431
5 41 7291
5 57 4952
3 41 3072
5 57 8187
3 39 1836
3 73 1557
3 9 6216
1 55 6260
6 83 1183
2 8 8953
10 17 201
6 90 2650
9 81 1716
5 28 6170
1 45 1095
4 79 9391
8 7 8220
9 84 8702
4 17 6668
2 34 3404
1 42 2067
6 22 8956
1 5 3868
4 42 3857
8 18 2607
5 44 6709
4 21 2815
7 94 6669
7 79 6164
5 57 5650
4 70 1786
4 30 1257
9 23 187
9 70 6205
9 35 7322
7 68 4816
9 78 334
6 5 12
4 14 2944
10 56 668
10 54 5589
9 83 1400
3 15 9377
9 27 4801
1 18 1267
9 16 9143
6 61 3210
3 12 5170
9 89 3695
10 57 1041
4 24 5777
7 52 1655
6 87 3119
1 12 6407
3 59 751
6 86 5670
4 51 2940
5 19 4152
10 51 6743
5 39 2824
1 79 9702
5 74 7553
6 1 8393
2 30 6917
5 4 9830
5 56 3590
8 21 6707
8 17 6653
2 56 2826
1 31 1836
3 39 296
3 58 9860
3 2 8903
5 20 2679
1 59 9906
5 75 6646
7 13 2469
7 34 6949
9 100 459
6 30 7666
4 29 4124
5 83 4789
2 31 942
2 17 7621
4 22 2869
6 85 6306
3 34 1072
2 16 9846
4 14 9889
5 9 3689
7 36 9086
5 61 8537
6 68 1086
7 4 4232
4 77 708
2 35 929
3 82 1564
8 84 5723
6 21 5429
4 20 5310
10 31 8046
7 8 3481
4 47 2250
2 34 7464
10 75 7919
3 10 7345
3 22 4200
3 59 6241
5 18 913
4 39 2539
2 89 5816
10 52 1009
3 100 8930
1 33 2397
7 82 1363
7 57 2946
5 65 8703
9 65 7401
9 35 6129
6 49 2125
2 25 5272
4 6 8094
10 68 7227
1 22 7738
7 71 8575
3 46 8666
3 93 2505
8 34 5314
4 50 9923
7 69 3480
9 55 3415
2 98 1914
4 4 9999
4 64 525
2 89 9839
4 71 4445
1 67 6130
6 65 2477
8 16 1895
5 63 5768
7 50 6682
9 46 6336
2 69 402
6 3 2221
6 20 139
9 62 2914
3 83 8421
7 81 3471
7 65 5412
9 23 815
9 65 2297
8 39 2233
9 33 2248
10 54 5355
1 17 15
1 1 6817
2 72 6371
4 51 7496
6 63 253
5 14 6169
10 89 8189
1 3 9766
5 40 3961
5 46 3841
7 45 7017
4 27 2578
10 36 9329
10 96 2876
4 69 7977
5 1 4764
8 5 4300
2 66 1866
7 53 3977
1 44 6737
10 68 8425
1 85 225
8 36 1685
9 29 9611
9 58 6821
10 41 7443
3 51 4516
9 57 9235
7 33 815
5 42 3158
4 63 5381
4 54 1676
8 81 5976
4 62 659
7 96 3167
6 100 964
2 11 495
7 50 3218
5 50 7955
2 76 5628
3 23 6852
6 45 4692
9 81 8320
6 15 6979
3 75 4181
8 13 9806
2 25 8425
4 12 7553
10 27 6755
8 64 2726
2 52 6940
3 43 974
7 85 3293
5 95 5894
2 9 7493
8 43 2901
4 97 976
6 39 1278
10 11 1560
8 69 8490
9 5 1530
3 40 53
6 34 7466
9 23 7533
5 4 6459
5 33 8306
9 95 9122
7 49 1461
10 8 2924
5 53 9182
3 59 2746
3 35 9828
7 37 414
1 36 9099
8 68 7470
7 22 597
5 90 2668
2 73 5016
10 17 7305
6 33 149
8 93 1248
6 47 2145
3 37 7209
10 7 9044
9 85 1495
1 95 5510
6 19 1894
8 82 5495
8 54 3785
7 61 8555
5 3 9148
8 50 6637
6 91 8894
7 42 207
10 31 7137
2 90 5894
1 43 8487
5 48 1842
7 8 2811
4 4 8328
5 61 677
1 93 2034
3 39 264
4 82 200
1 7 7988
10 26 8620
2 60 7583
6 88 7888
10 44 8620
1 10 6466
7 14 9075
2 10 4266
10 63 1253
8 22 3553
8 43 941
6 12 2495
7 64 1833
2 2 1975
4 40 2139
4 39 1278
4 59 600
10 51 8500
9 73 7291
2 66 3101
3 98 8921
3 36 5855
7 33 4274
8 86 9678
1 76 7757
9 1 7021
1 37 365
3 58 8605
8 63 1932
3 92 9015
5 58 4238
10 66 6581
8 77 4192
9 1 5870
4 77 38
1 21 423
9 94 8802
7 74 3039
2 32 2483
4 19 1972
3 51 5045
8 86 5715
5 86 570
10 89 7718
10 51 4233
8 83 3749
3 51 4754
6 54 2271
3 69 8850
8 55 1484
2 91 4187
2 2 3003
2 8 1130
4 89 5091
2 73 2384
10 54 9932
7 81 9923
6 16 9018
5 33 9824
9 90 8907
2 88 8357
7 23 8245
10 25 9869
2 92 564
7 63 8388
3 45 8393
2 1 5239
10 93 7254
5 75 8655
10 11 205
3 28 8611
5 91 6787
8 95 8289
6 51 1523
4 27 1223
7 48 5658
3 52 8693
1 6 4065
3 86 9120
10 36 4616
2 17 4473
3 16 8253
6 98 4570
9 33 945
7 14 2499
2 98 2737
3 69 7470
9 68 5115
5 55 9087
8 83 4538
9 21 933
2 31 956
10 11 2435
3 81 3518
5 30 9805
10 33 2423
4 49 7408
8 24 7370
10 23 7654
8 71 2997
1 3 3626
10 8 5562
3 23 1172
5 23 9857
3 33 9931
4 61 5466
1 59 5736
8 73 5777
2 24 7341
10 62 2232
10 71 6946
9 30 2157
4 35 8214
10 98 3988
5 70 5055
5 50 8967
1 44 49
3 99 9180
6 80 3195
2 18 2747
1 7 5710
6 42 3566
8 12 9703
9 91 8405
5 49 5972
2 100 5444
9 45 5159
4 11 8926
10 14 4981
10 84 5019
10 57 1471
5 42 6478
6 70 5453
2 69 2367
5 36 686
9 95 4497
3 77 485
8 17 1855
6 32 9267
7 32 9102
8 3 9577
8 48 517
10 83 4885
1 4 713
8 73 1390
5 61 1097
1 18 9450
3 60 6827
3 92 5988
3 95 2553
2 41 7754
9 40 8277
6 77 935
10 85 1178
10 74 522
5 95 789
5 43 8848
2 1 9260
6 34 9
1 19 8083
2 91 1000
3 48 3939
1 44 9300
1 4 5648
3 63 5654
9 49 6145
9 12 6592
4 5 2692
7 7 1948
10 53 8192
2 52 7415
9 46 2481
6 81 3011
8 55 8489
7 23 8960
5 82 9297
7 95 4820
10 90 717
10 87 9875
8 76 4747
10 32 9643
2 36 7132
9 7 769
4 95 6455
3 37 3478
9 14 3715
5 100 8363
5 24 1266
3 73 7690
4 82 2577
8 15 3126
3 80 5663
4 96 9948
6 61 8304
9 30 8867
7 23 4815
6 97 2130
8 5 5497
6 72 5808
6 6 7834
7 57 1881
4 49 318
5 71 6185
7 37 7377
9 97 5194
1 90 6227
3 40 1900
3 49 7642
4 25 2238
3 28 2802
6 8 3059
7 4 8240
6 51 912
9 63 3250
5 33 8700
8 86 5054
8 56 5688
6 70 9995
3 26 1100
2 56 4376
3 73 5380
6 22 3220
5 68 4615
7 16 6095
9 22 9432
1 22 1447
10 78 3293
4 71 3726
2 37 6452
2 89 7750
1 82 470
9 51 782
6 97 6891
5 93 5524
8 34 1520
8 71 7990
7 35 3427
6 67 6959
4 52 9453
6 61 5182
10 29 6231
3 74 7771
4 79 3009
8 95 9436
4 40 3308
4 49 1214
1 45 2085
9 8 8338
5 27 7962
8 23 324
8 46 3488
10 82 1738
10 71 2616
7 56 1817
2 8 6613
5 65 8277
7 50 612
10 48 474
4 5 4295
10 87 8073
6 77 1251
8 44 4615
4 7 5666
3 98 8808
4 39 8333
5 83 3934
6 50 1176
1 78 4518
1 97 4109
6 9 591
2 18 4089
6 91 1838
10 3 8498
7 19 9243
3 27 6436
5 39 2384
9 30 7097
3 1 6343
10 9 945
4 87 7982
4 13 3727
10 70 5317
3 69 4169
9 28 3039
1 67 9993
9 12 2530
1 76 6300
8 27 6304
7 12 3249
3 10 108
3 17 9077
9 38 504
2 47 9555
4 93 7744
1 93 3239
9 89 9315
1 88 9947
10 56 5823
1 8 2824
8 53 6666
9 41 6788
7 79 6279
1 18 8784
4 78 1690
7 66 51
1 47 8373
10 16 1263
2 53 9094
4 35 3103
10 82 1365
7 98 1941
3 3 9020
4 6 4057
10 4 9498
3 67 5622
10 50 9826
7 14 597
9 88 271
9 24 5210
2 39 3593
5 81 5561
2 88 8452
3 22 7046
9 1 4971
3 87 24
10 44 4923
6 68 1346
3 73 3869
7 1 3372
3 58 5641
9 16 4877
9 59 4259
2 69 9523
3 50 5129
1 99 4452
10 20 6507
3 30 9033
2 3 5291
9 10 3860
4 88 6016
3 45 9470
7 47 9799
5 14 1550
7 2 5397
4 99 5471
3 54 2421
1 61 4423
5 12 8280
5 87 8088
2 20 2652
9 19 4478
5 71 8026
1 63 9323
2 27 1620
4 72 3071
5 32 4867
3 42 6765
8 77 751
9 83 7199
1 35 3355
3 6 1275
4 96 6221
9 32 3964
1 25 8083
8 93 750
9 27 4180
6 26 4151
2 27 6448
5 53 393
9 82 9710
7 88 6005
6 45 411
4 19 9410
7 99 7314
9 17 4323
1 14 5109
5 71 1951
10 100 6175
4 10 3628
2 70 7697
7 13 9627
3 16 6909
8 74 6246
3 92 5324
6 11 284
10 5 5769
7 70 567
5 46 1608
9 20 58
7 55 3132
2 43 8250
4 17 4581
2 67 7595
1 4 1229
9 30 2176
4 73 6403
2 32 7126
7 92 517
2 76 5307
4 19 817
5 40 7949
5 78 7411
1 27 2350
3 26 6570
7 45 2831
8 12 7217
3 51 8019
5 82 795
9 96 2583
6 96 1528
1 10 2112
2 6 3756
9 68 8687
4 39 766
10 35 7143
5 29 8395
6 79 8770
6 59 8366
1 38 7531
4 94 1610
2 89 5015
4 93 3863
8 36 4726
3 79 7313
9 15 3990
6 93 4364
1 10 5147
9 71 2825
4 16 899
9 73 6365
10 8 8058
6 99 3540
3 3 8176
9 85 8441
7 63 6434
6 64 5898
4 37 9642
5 98 2348
2 86 8426
5 29 5164
1 66 6495
6 67 7332
1 99 2866
5 95 5331
10 69 8521
1 41 2497
1 88 1779
3 68 4655
7 6 5703
8 89 5625
2 78 4674
2 8 9476
9 78 5350
8 34 6062
3 3 108
8 12 7646
6 52 6191
9 53 7107
6 9 1388
8 98 1039
9 52 2721
3 71 5852
5 21 3619
8 99 6071
7 31 5518
5 85 4466
7 29 6080
9 20 1040
6 73 7394
10 28 278
8 63 9367
10 17 4786
9 22 8704
7 3 7006
5 70 8393
10 54 2806
10 51 5920
9 48 1046
4 85 9345
8 16 2494
8 35 9939
9 16 8429
7 54 3488
1 43 8223
6 19 1843
5 42 3586
6 84 5346
4 58 2695
9 95 9754
4 56 6839
1 19 1193
10 25 8522
7 97 4333
1 64 3057
10 20 8134
6 44 3455
7 42 9106
9 65 9161
5 98 3886
3 24 8065
4 61 1810
9 61 8396
6 42 4871
4 87 6240
5 45 8335
2 6 9096
5 69 2171
4 22 8396
1 55 5432
1 54 6933
8 6 381
8 18 1651
4 32 7062
4 66 4475
9 41 875
4 93 7981
3 58 6913
4 9 9792
8 25 5859
1 56 7238
5 51 4172
3 49 5666
4 63 9176
3 62 1734
3 38 1286
7 26 2670
1 1 3513
4 28 4167
7 38 5968
9 100 2616
5 72 9022
2 57 4985
6 25 2667
2 60 6285
6 74 9790
7 83 6067
8 9 6325
7 15 2671
4 97 8997
9 13 9333
10 74 3398
6 81 4606
5 73 9097
1 77 3571
7 24 575
9 79 2875
8 94 6217
2 48 6966
4 51 5264
5 23 4452
10 18 7376
4 72 7574
4 20 2474
10 63 7366
2 23 2385
2 62 6013
8 29 7547
1 42 8631
6 27 677
5 92 2605
9 92 2416
1 33 3111
2 59 4938
9 49 4673
4 78 1541
3 21 5659
8 50 6587
2 45 696
8 26 6741
5 55 4148
6 4 7082
4 82 345
4 98 1491
7 75 3802
2 76 2757
9 35 9589
7 71 4361
8 60 4387
3 10 6720
3 72 1931
4 94 4903
7 93 5606
2 90 8801
5 71 4044
8 50 6923
4 87 6210
8 46 558
8 1 4823
8 10 763
6 92 9511
4 13 2486
6 21 6964
7 76 2805
2 52 3541
10 31 4120
4 80 5684
7 58 1136
2 20 1971
5 53 584
5 54 97
5 85 180
6 18 2335
6 92 4359
3 54 7038
1 44 6570
9 46 6091
9 64 1216
8 27 3047
9 26 7463
1 92 4867
7 28 1620
1 8 1513
3 2 2404
3 75 7135
2 56 5399
3 91 1831
1 85 3214
10 99 3491
10 42 8724
7 55 447
2 54 9107
4 56 1547
5 14 974
9 65 1223
5 82 7189
9 41 5646
10 6 929
8 16 4018
10 14 1228
2 54 1668
8 95 6027
8 72 2567
8 50 2066
7 9 7738
1 39 2402
9 100 2238
2 89 9523
8 98 8771
4 58 7788
2 83 7559
2 39 1526
8 57 1931
3 40 1552
3 83 5003
3 46 4496
2 98 6145
7 56 2109
7 47 4318
4 86 8670
5 61 8629
8 28 10
1 37 9048
8 74 9564
7 57 4884
7 24 1088
8 54 864
6 24 8166
3 82 7685
9 83 8071
9 37 4998
3 25 1556
7 29 8606
7 75 4174
3 7 6326
2 58 1447
7 16 8866
9 19 4038
10 90 7632
2 75 2654
6 17 289
8 19 5535
6 94 6974
10 5 9807
6 16 6672
10 74 5197
9 8 868
1 53 1120
3 81 587
8 82 4096
1 35 3814
4 53 1363
6 38 7337
3 14 8715
8 35 3233
8 56 3630
6 29 8116
2 5 5898
3 67 8908
2 90 5080
2 93 844
3 94 9830
4 88 3934
6 95 691
5 50 3413
6 20 5389
8 50 9982
9 47 9474
7 28 3643
5 73 6273
6 85 2585
3 47 6232
3 98 1393
3 33 8453
1 51 6552
9 21 8106
5 69 2787
2 58 5066
8 60 640
8 23 100
9 22 4029
1 72 1088
10 60 2479
6 29 4465
8 100 2712
7 70 7073
1 90 9263
6 76 2981
2 44 6484
10 52 48
8 23 5853
3 36 7662
1 21 3757
7 42 464
6 38 1499
10 37 9415
5 21 5597
7 39 4108
9 14 6542
8 70 3228
2 3 2952
9 74 5083
8 65 3507
9 26 204
6 33 5696
5 41 116
10 74 170
5 91 4946
9 74 8627
4 10 284
8 63 1124
5 8 6951
6 53 9533
1 34 2972
10 14 9263
6 59 3338
2 33 5265
1 53 2645
9 32 5168
3 80 6140
9 72 8332
1 38 7659
8 61 322
9 69 1763
6 83 1462
5 1 6062
6 8 4185
4 68 2215
6 84 7347
4 52 6534
3 35 2925
1 98 650
5 16 378
6 20 8977
4 68 2643
7 93 1476
3 65 8061
4 76 8951
7 31 5996
9 18 8587
3 12 4348
4 50 8122
5 80 101
7 26 539
4 37 9063
6 63 2951
5 88 3614
4 12 2311
3 5 9877
3 27 7943
6 79 9214
9 18 358
5 81 5373
4 83 1020
1 85 3441
6 70 3749
10 58 5067
7 80 1004
4 9 4017
10 35 2198
9 77 564
3 16 1960
5 88 9019
3 29 2136
10 26 3271
10 82 9397
9 1 8440
5 89 7886
6 96 2046
4 25 9407
2 22 7534
9 76 6093
6 33 9561
7 8 8616
5 44 2767
6 35 3120
10 45 292
10 53 589
4 63 6755
6 61 1048
4 90 2508
2 85 6829
4 77 4530
10 64 1420
2 19 3680
7 63 48
5 96 4973
9 32 2214
2 67 7466
7 90 136
8 16 2892
10 65 1677
8 69 2451
9 25 8467
1 24 1656
9 45 1139
10 58 3303
5 100 7331
3 51 8225
2 7 3332
3 84 3478
10 66 8240
3 100 8178
7 50 906
8 18 8099
3 30 9348
8 92 2647
4 94 1650
2 88 8333
7 14 2573
2 27 774
8 50 8871
1 12 55
8 2 1223
7 43 6437
4 43 7404
6 29 9521
1 73 4139
4 82 7340
3 16 5657
5 4 9295
8 51 446
1 75 101
5 99 3166
9 24 1779
7 67 8009
10 28 3100
9 33 5137
2 60 825
4 87 1735
3 54 8247
9 16 3504
1 7 4455
3 30 1431
6 18 5440
10 3 1316
8 43 6760
7 79 762
5 13 2013
7 93 9651
2 61 2926
9 50 4309
1 70 8495
9 65 186
3 83 3527
6 78 9124
9 47 2771
6 12 9095
2 68 2761
3 87 8314
6 60 6225
9 57 8469
1 27 1001
4 93 3505
8 57 1369
3 71 31
4 63 6474
7 28 1269
9 91 3573
1 54 6637
2 71 5496
9 89 1821
5 41 5298
2 29 8713
10 17 5337
8 3 9403
2 14 5225
4 67 6270
6 55 3373
2 82 8865
7 26 6451
8 74 2535
3 46 4484
10 20 3500
7 71 4402
9 87 757
5 56 4216
2 94 7888
9 67 240
10 1 8908
4 2 9507
5 90 3732
3 75 8676
6 91 9696
8 70 8575
6 15 6502
1 73 2438
6 100 4397
2 84 5888
4 17 8344
10 35 8690
6 95 9448
6 36 9400
8 72 5225
7 81 1166
5 58 7151
4 70 8631
5 95 2755
2 16 4288
8 81 9654
9 43 8101
7 24 6961
3 44 4267
8 1 1586
5 82 6792
9 67 8382
7 5 283
7 59 6889
6 11 3559
2 71 3426
10 41 3488
2 1 5947
6 22 4939
2 35 6145
1 48 6692
3 1 7305
1 69 2960
3 24 6740
3 42 2124
5 61 3578
1 71 9644
4 41 5283
1 21 7658
5 38 9533
2 15 2745
6 80 3823
9 79 8110
7 93 9337
10 48 4527
10 14 9907
8 20 4800
7 100 8946
9 88 5991
2 7 7334
6 81 379
10 95 9678
2 76 1865
9 95 6946
8 24 8612
3 43 5901
5 63 7356
3 37 1781
6 24 3986
10 4 9609
3 13 9622
4 75 8785
4 9 8489
2 93 4204
3 46 7477
10 55 9730
10 53 1973
9 48 5543
8 17 3389
10 10 1010
5 62 6103
9 57 3674
4 23 2882
7 74 9254
2 55 897
5 57 4805
1 83 6163
9 4 7808
3 9 116
6 33 9453
1 93 1681
3 51 3624
5 91 9952
3 3 9903
9 75 5843
4 84 8025
7 46 4093
9 18 7433
3 48 1048
2 22 4948
3 56 5784
3 58 1752
2 72 3504
10 66 664
5 10 2564
1 14 7702
2 72 9500
1 41 3870
3 20 2848
6 97 6207
7 93 1982
9 55 831
4 82 3758
2 26 6155
9 21 1969
7 13 8134
3 15 8888
2 90 8765
3 84 9810
5 13 8542
1 66 6869
4 85 4431
7 26 9232
4 3 4407
4 90 9911
4 54 4000
7 55 1606
7 47 7608
4 42 4785
7 72 9953
2 23 7860
5 89 4177
3 91 1065
4 69 4220
4 85 6281
5 90 4592
8 71 1362
9 7 3726
3 26 2023
4 65 991
4 18 676
8 46 232
4 4 8395
10 74 6855
5 10 7374
5 34 5773
6 96 1051
10 1 8081
7 81 4083
4 39 1330
2 40 7127
5 33 4740
4 6 5317
4 98 4748
6 29 2620
9 25 7414
10 92 5274
9 92 5146
5 8 6494
4 43 3483
3 84 3636
1 60 9612
1 28 9632
3 78 583
10 8 4728
10 40 1692
9 66 68
9 100 8219
4 52 4147
4 73 2602
3 90 5802
1 78 4763
10 72 8781
9 6 6079
8 75 4184
5 80 7872
1 12 4214
4 71 8249
8 48 1224
4 14 6957
7 67 7732
1 85 7370
6 9 2195
2 15 1205
7 11 5685
8 47 1084
9 2 583
5 20 7264
5 12 628
3 23 7151
9 34 2459
2 65 4125
8 99 2916
4 34 2067
10 65 514
1 68 8568
5 52 3980
1 60 353
10 83 967
4 43 4719
3 36 6365
3 63 2959
9 78 3609
1 1 7813
8 24 6495
5 57 8041
2 30 6366
8 61 2388
1 35 595
6 45 3663
4 1 9168
1 68 7550
6 22 7849
4 65 8186
3 11 2576
1 63 6144
9 70 994
10 10 2155
9 2 3432
9 95 2081
2 38 9213
6 98 6796
1 78 5626
1 24 6237
10 73 3553
6 14 9681
10 26 9633
3 56 5634
2 11 5586
3 33 5346
6 17 9313
2 64 7260
5 80 2844
8 47 1307
2 37 5525
3 21 8702
4 23 460
7 32 721
10 54 6161
7 50 2090
1 53 6734
4 44 1657
3 17 2390
5 62 871
5 78 1608
7 30 5399
7 61 658
4 86 5051
3 34 7174
8 67 8305
3 50 985
3 71 5748
2 94 1716
7 70 460
2 21 4536
9 97 7911
5 57 9018
6 30 4488
9 46 4923
1 54 6059
8 98 7208
6 20 2095
2 91 3546
6 1 3364
5 12 3487
7 11 9350
9 8 6238
1 94 8694
7 13 7599
4 67 5820
6 45 7925
2 97 6644
10 94 6136
2 86 6419
2 86 6447
2 17 195
5 53 4583
10 93 9057
2 71 379
6 97 739
6 25 996
7 72 5181
4 41 3121
3 96 5955
5 13 5462
2 29 4845
9 72 5078
10 99 3486
1 85 8897
1 84 7999
6 79 2263
6 32 8352
3 42 6797
5 23 569
4 2 9724
8 48 8234
9 58 822
3 16 8955
2 57 620
1 17 8270
10 76 2118
6 31 5553
6 41 7091
2 96 8118
1 67 4841
9 51 4555
1 22 468
7 8 8753
3 4 4886
9 2 6340
9 59 6486
8 9 7297
2 12 3846
6 99 5963
8 37 574
9 31 7085
7 73 917
7 85 8577
1 54 7797
4 86 4510
1 8 5364
1 50 1492
1 17 8350
8 43 3875
3 86 1165
1 33 1171
7 6 4270
10 21 6121
3 31 2156
7 27 1863
3 88 1955
3 47 7733
7 41 4032
2 43 2969
10 58 7269
3 85 5558
4 59 3666
4 34 4955
6 89 4075
2 91 9148
1 44 7200
1 7 6468
10 16 5894
2 47 5860
9 84 7197
1 81 1020
6 7 5231
8 11 7293
2 27 4177
5 88 2889
6 19 3026
4 40 5959
5 60 6629
5 1 5071
10 23 9910
8 72 1705
5 32 3081
10 46 2247
8 36 5696
2 28 9144
5 92 3087
2 84 3161
1 66 8545
3 63 8544
7 70 2263
4 67 1970
8 70 4722
3 61 3847
7 92 5750
4 2 1985
10 64 1503
2 12 4223
6 51 3324
5 37 2736
6 36 805
10 39 2021
6 91 6664
5 83 5363
1 37 3058
9 51 4392
7 74 3176
3 35 1135
7 14 4415
5 36 3186
6 13 1252
6 34 6742
9 46 9549
4 57 7398
7 92 1051
9 99 4917
9 2 2215
3 46 5651
4 73 6809
5 58 9539
9 29 6338
5 27 8702
9 12 3424
4 37 7120
9 47 7493
3 27 6460
7 68 8599
9 97 8355
3 89 4157
4 99 7125
6 8 5557
8 1 7293
6 13 4087
6 45 9076
6 98 9549
3 26 6451
10 29 1940
5 96 981
10 94 7105
7 47 8850
8 61 6741
2 75 7740
6 84 3462
5 13 4110
2 84 3534
8 62 6277
7 41 6739
3 31 6940
9 37 9149
8 34 5742
3 73 9601
4 26 8074
10 49 9623
4 97 2792
9 58 1428
7 93 5639
4 74 7607
7 13 630
3 38 382
7 56 1134
8 81 3297
9 69 9945
6 33 7444
3 76 7250
6 51 1319
3 83 2079
7 46 4295
8 68 3058
6 31 2684
6 45 5296
9 44 8667
5 4 4559
2 10 478
6 70 6848
5 14 8273
5 65 5944
5 33 1088
8 8 9482
8 87 9988
1 74 8069
2 47 5348
1 22 90
4 92 5430
2 30 9942
9 68 4346
7 3 3246
9 15 1892
2 49 2645
7 12 455
9 58 3624
10 51 1022
6 9 4545
9 59 1612
2 37 698
2 56 9727
5 88 535
4 13 181
8 68 1481
3 19 5454
6 6 6173
7 20 9244
2 82 9863
7 38 9534
7 5 5536
7 64 1387
3 70 5371
5 9 6795
3 100 5200
6 80 5873
9 83 2796
9 82 2958
5 100 2447
6 75 3162
5 48 873
4 92 9605
5 44 5219
8 56 3493
10 73 9567
8 43 3698
7 50 9154
5 97 5982
9 39 9587
3 69 3662
7 40 1725
1 18 8082
10 60 4359
7 45 8991
9 64 4145
3 9 3076
4 38 4935
2 11 4321
1 58 1608
10 90 2741
8 8 6806
4 73 6234
6 23 9899
1 44 9726
7 11 8388
2 16 6133
2 51 5536
4 47 323
9 79 3570
3 28 3567
9 62 4929
6 90 9342
2 15 8770
3 29 1649
1 67 7911
4 76 297
3 86 5310
7 68 5031
5 38 8429
5 63 9784
4 26 3912
8 22 2968
5 18 6838
9 61 2318
10 38 1227
8 100 4663
2 35 4783
4 19 3685
3 49 1805
10 43 2523
3 61 4418
4 15 1353
5 24 3350
1 48 3106
9 29 8204
3 99 8444
8 84 6355
2 30 8800
7 22 7664
1 53 3614
10 10 5416
9 24 7458
1 80 4588
1 48 7499
4 10 471
2 10 6015
6 17 83
7 56 3745
4 98 1242
4 43 9835
8 73 127
7 4 4134
8 58 7072
2 26 6601
5 99 5398
4 28 2318
3 77 6532
1 17 6435
1 29 9561
2 29 3510
1 61 9159
7 15 2933
4 64 712
10 45 4063
6 66 6025
9 15 6236
6 18 5524
9 61 3464
7 55 7038
1 27 1648
4 48 3765
9 25 5201
7 40 5756
8 51 3452
9 43 4687
4 16 9877
1 31 963
1 66 7799
2 59 4613
2 60 9245
10 2 7143
8 69 7022
3 25 996
3 86 7309
10 62 5484
2 40 9287
8 89 1860
1 30 9186
8 2 6885
3 65 5338
9 2 6039
4 42 1042
9 85 931
1 23 6689
8 30 9777
8 81 6039
6 72 9881
6 36 647
8 14 6331
1 84 8587
7 63 7576
3 80 5955
8 48 8535
6 73 4458
3 63 246
8 44 2339
6 89 16
6 16 2619
7 74 2369
3 64 4468
1 58 1253
6 100 9894
2 86 3738
9 99 3875
5 64 5917
6 2 3046
7 56 7236
7 60 8103
2 87 281
10 82 7047
7 38 120
1 70 9016
8 29 5064
4 2 4179
1 38 8241
5 78 5418
7 15 6625
4 47 3954
3 55 835
6 51 6921
1 69 4735
3 59 5636
7 94 2422
3 71 7249
2 55 755
8 44 9068
1 17 3819
9 3 7764
10 28 2600
8 69 7185
7 50 8730
1 70 468
9 73 3499
8 38 8227
1 45 5533
5 83 3026
1 26 53
9 72 1841
4 76 3159
2 75 8410
4 13 1432
4 3 6005
7 92 3885
9 55 6102
9 82 6919
10 19 5988
5 92 8516
7 45 4724
5 19 9756
7 86 8576
10 66 6684
5 93 3600
9 49 2482
4 99 985
10 97 1369
6 99 384
7 70 9625
4 9 9094
10 63 4624
7 73 9438
4 98 3403
9 13 71
10 20 5987
1 54 6896
4 2 5864
10 76 2159
6 24 2456
9 92 1044
7 52 7783
2 61 8170
4 34 3306
3 63 6601
2 20 2604
9 85 4756
10 83 7277
5 36 2425
9 5 7228
2 3 4620
7 20 5577
10 60 1090
10 31 5788
8 51 1550
8 47 6957
6 93 1894
8 21 9850
6 63 2175
7 48 3700
6 25 9026
3 4 6274
1 16 6904
5 49 775
8 67 4272
6 83 2041
7 92 9825
4 80 439
5 8 9965
6 19 4330
2 10 4198
10 23 2060
1 88 2011
2 79 4600
1 11 1375
2 48 1231
3 29 6126
7 11 8081
9 28 8040
2 5 9695
5 5 9746
1 36 1903
5 87 4994
7 41 3851
6 82 335
8 90 4174
3 3 5653
6 32 3850
5 25 5288
10 16 114
2 17 6416
4 61 8182
4 42 3193
5 97 5351
1 9 9477
4 81 8417
6 42 6157
5 62 7725
9 32 8074
7 61 9283
3 83 5692
7 87 172
6 26 9063
1 77 796
3 72 752
1 60 7307
6 52 8822
8 48 8601
1 53 8804
10 86 4038
10 23 2509
3 56 5191
2 97 7381
10 17 8609
7 77 8420
9 13 6660
9 37 9561
9 90 810
8 81 2752
2 36 7298
6 8 7281
3 39 12
10 33 9644
4 98 7003
10 34 1572
7 11 431
9 71 7753
1 6 3040
7 13 6772
6 65 3625
2 63 3391
4 15 6631
10 43 5461
9 56 5260
5 28 1966
9 19 9437
4 80 9976
3 17 5048
10 69 5270
3 93 8121
7 21 1386
2 28 3389
8 1 9834
2 83 5894
8 36 8040
6 66 4222
1 10 6892
9 52 4872
9 8 8870
10 87 1587
2 72 6645
9 36 730
6 38 4694
5 24 7760
1 32 5313
8 91 8037
4 4 6482
7 31 4816
1 99 4403
6 46 2171
4 12 5797
8 43 3406
3 56 9758
3 32 8425
1 87 6666
3 66 8928
5 35 9141
6 14 8116
10 84 4002
2 50 6446
4 97 1384
9 23 3774
10 66 710
10 54 8828
1 52 2419
9 49 7018
9 27 3702
8 45 9749
7 56 5565
3 2 2701
6 19 6171
1 78 92
9 67 7192
8 86 3580
5 4 7967
2 93 7679
6 12 8989
4 33 2845
3 76 9356
10 20 1605
10 35 9340
5 3 6856
1 65 8423
5 16 8944
1 72 22
4 51 7218
3 49 8304
8 77 3855
3 71 3521
7 98 7281
5 46 4132
8 18 307
1 50 6674
6 2 5294
2 65 8205
10 82 666
2 41 8491
1 52 3991
2 1 6162
1 65 93
3 31 5521
7 17 3802
7 47 4070
3 60 9697
5 71 8298
8 78 7016
3 62 3628
4 67 7330
4 76 2116
4 18 8922
6 42 7595
10 34 3170
5 90 618
9 13 2083
3 20 3030
4 77 6738
7 53 8378
6 84 9311
10 23 670
3 83 9487
6 75 3809
5 11 1627
9 47 4209
6 20 1079
3 89 8236
9 21 2052
5 16 7423
3 44 8948
2 79 3201
3 45 4015
3 91 5099
1 76 9967
8 81 1095
8 94 3235
4 21 7178
8 60 5851
6 67 8497
8 61 935
9 57 5399
9 70 313
7 70 6319
1 35 8917
8 89 7058
6 63 7157
1 57 157
4 72 2320
9 72 1523
6 11 23
1 34 9342
4 70 407
2 74 6614
1 33 8591
7 17 926
9 70 1178
2 44 1305
4 90 2447
7 77 3086
8 97 1262
3 39 1932
9 18 7809
2 76 8214
1 26 796
2 79 6766
2 5 2585
5 75 9815
3 20 8017
3 52 779
4 53 1350
5 92 8987
1 4 9463
6 53 8087
9 38 1961
6 20 3020
5 50 9478
6 16 8879
7 24 6984
5 15 1491
5 79 1945
1 17 9410
7 41 3109
10 11 2540
7 97 5631
7 64 1824
8 72 1861
4 53 8886
4 57 8916
1 26 3020
9 19 7505
6 79 9871
3 39 9015
1 48 2848
1 86 9883
5 3 7258
4 95 835
8 54 147
6 48 969
6 36 9667
1 61 1280
6 41 2136
2 1 3925
6 28 9878
3 4 724
8 72 6132
4 69 7873
1 46 4944
6 72 1002
8 32 3027
10 55 854
7 83 4216
6 48 3593
7 38 8224
8 45 8934
4 94 6785
7 63 738
3 31 3386
10 69 1349
2 23 5015
10 35 5815
1 19 175
7 39 8294
2 97 2173
8 51 5595
10 17 3279
10 28 9087
7 2 788
7 51 4768
3 44 3122
5 35 7282
3 60 9685
2 47 4789
4 94 7522
5 6 4877
8 64 7403
1 33 4331
1 8 8561
4 58 281
4 33 6792
5 80 4223
8 59 683
2 68 1998
10 11 7435
2 45 2180
10 55 7742
4 64 6532
7 77 4161
6 69 1510
9 47 7761
5 83 2557
5 98 4880
3 17 5972
2 54 1651
5 80 4025
9 19 3795
2 39 4815
1 9 6276
7 19 757
8 77 3278
1 81 4328
10 55 4248
6 17 6057
9 89 9463
4 40 1089
6 19 6548
7 4 9718
3 97 3443
5 67 619
4 86 100
5 57 9286
10 10 6136
1 87 530
7 24 8100
2 77 7703
3 44 3168
10 81 3191
1 49 2102
9 62 3303
3 25 4956
1 21 4625
6 98 3850
8 46 1621
1 36 5179
3 97 5161
1 18 3303
9 82 2194
5 8 5924
7 5 2809
4 60 3445
10 7 1143
8 49 3528
1 99 8057
5 38 408
6 76 3344
3 56 5946
4 100 2904
1 76 1227
1 28 6800
8 34 8690
4 75 7985
9 52 1193
10 2 2711
3 34 5470
7 32 9784
4 13 9380
5 78 7879
4 46 8330
8 94 1708
5 63 3626
8 63 4564
4 75 1144
6 79 7179
1 14 6088
5 29 8104
2 59 7496
1 33 5715
5 91 8511
10 61 2039
1 82 23
10 21 2653
2 79 3416
4 89 2591
10 48 5830
10 90 1345
4 84 3516
6 92 4409
2 85 5238
2 58 202
10 57 1514
3 100 3127
1 62 1422
3 88 5226
4 47 2963
3 60 8933
6 3 9779
2 66 498
2 69 62
1 76 5231
10 8 8334
6 88 8894
1 13 6257
6 47 3717
1 82 1767
1 86 1807
8 13 342
10 31 3163
8 55 4838
5 43 9364
2 35 3112
3 31 9105
8 58 2726
10 71 3021
6 10 2509
7 65 3864
7 65 9878
1 30 7964
8 71 721
9 10 4432
5 4 3914
2 4 5162
5 6 9089
8 53 3539
8 78 7010
8 76 3851
10 33 4886
6 74 4558
7 88 1769
10 29 3455
5 29 1462
3 16 342
9 74 2197
1 41 5744
7 40 6762
8 45 7765
8 71 2896
5 88 4887
2 12 973
9 34 1594
7 62 2219
7 50 397
7 93 4437
9 58 9468
7 99 4562
4 73 4796
4 71 2020
9 56 2906
8 12 2316
8 45 782
1 73 9296
1 4 548
7 15 5289
8 21 1308
8 4 6567
2 88 5508
5 8 8299
9 91 5729
6 73 1168
8 27 4262
8 26 4356
10 72 2224
2 94 9257
2 57 2182
1 7 4941
3 80 8210
4 72 4169
10 43 2594
6 57 9378
8 33 3560
10 77 9127
4 90 9114
4 5 5053
6 79 7369
7 51 6543
6 64 6919
9 72 3719
10 48 6930
1 50 8885
4 64 2557
6 75 3381
9 10 9639
7 1 9333
10 21 2461
7 29 864
4 84 3552
5 49 761
2 15 5244
4 55 3782
7 76 1105
8 64 6537
5 30 8477
1 3 197
1 89 4333
6 68 3996
7 61 6674
6 28 2524
1 72 9914
3 23 5783
8 40 7877
4 68 8351
7 90 9930
1 54 534
9 3 5883
6 43 9200
10 85 8449
6 30 7066
10 99 1309
8 38 22
9 31 2652
8 67 4043
6 41 21
7 29 4639
8 26 5876
1 75 956
8 8 6398
10 75 6762
8 64 8792
4 49 5444
9 70 9059
7 39 1133
1 2 8492
3 88 3199
6 8 7284
9 78 8027
6 62 3985
5 18 543
8 27 7571
6 77 7827
7 27 1429
7 40 5511
8 19 8102
5 67 7683
4 19 1891
4 94 7710
5 22 388
10 92 4973
5 38 8622
4 11 7345
6 50 5976
6 51 7
2 57 236
10 40 5031
7 75 1845
8 6 1170
3 34 3776
9 17 1121
4 100 8193
1 61 3801
9 5 4890
6 16 9834
1 6 6768
1 69 6922
7 48 9446
7 48 3391
6 11 565
10 66 150
6 86 2491
8 14 8014
6 8 5256
10 55 3710
7 16 8077
10 24 2572
10 11 7551
10 60 8797
6 86 5765
6 24 8498
10 22 4169
1 87 7416
9 59 9079
9 75 5865
6 25 7596
4 76 3364
6 51 6540
5 61 3507
3 39 3059
5 17 4614
6 73 3814
7 72 9542
1 41 9154
4 55 5088
9 97 896
7 41 3172
9 93 149
5 80 7669
1 29 9503
1 59 6660
5 13 450
2 29 5796
4 20 8569
3 77 3259
4 52 3982
8 37 331
8 84 8855
8 65 6992
7 78 9997
3 68 7194
9 52 4649
7 20 6943
6 6 4505
6 84 7116
4 74 8520
10 36 3986
8 67 9712
5 53 9594
1 5 3382
3 80 7987
6 25 1571
7 76 6944
4 18 5124
4 2 5749
4 14 8456
10 52 4689
2 6 7803
1 36 1798
2 15 6014
2 8 7661
1 8 945
6 45 1796
2 3 1641
4 8 918
5 44 4937
1 21 4835
6 20 3245
10 69 3223
3 16 7790
5 59 7323
7 72 8189
7 51 7801
3 10 9028
8 61 7000
2 93 7180
6 33 6106
7 78 5297
1 100 6981
7 36 7290
5 54 3069
9 90 7951
5 10 9747
7 56 2081
10 81 5874
1 77 8428
1 16 9926
2 91 7227
3 10 6699
8 64 9782
3 35 4724
5 97 7054
1 65 6510
10 37 9515
3 46 1567
1 90 6581
10 91 8553
10 78 924
8 74 6206
5 97 1259
7 92 9309
3 93 9968
7 22 557
5 34 1058
5 40 3925
7 24 8275
1 84 8540
3 46 1821
5 97 6686
1 41 2972
9 95 8594
6 70 5022
2 65 6449
7 34 7453
3 26 2339
2 95 226
9 41 8384
2 72 4401
5 81 9847
8 68 1115
7 71 5344
6 29 2475
4 81 925
4 74 3364
1 73 6561
7 72 4812
1 43 3304
6 88 8260
9 11 1381
3 22 7386
3 17 6741
9 97 5586
10 5 3208
6 9 9599
7 28 9566
5 7 7305
3 93 1335
9 91 2551
8 51 1144
1 31 960
8 73 115
3 22 2903
4 1 7923
10 51 213
3 27 4122
1 71 5909
6 26 5996
5 66 5903
6 96 9496
1 16 815
2 90 8814
5 76 8219
3 74 2696
2 99 8899
2 58 5440
5 42 1142
6 90 8584
4 73 8894
9 47 8747
8 30 8211
5 8 128
4 14 9509
1 68 853
10 65 4647
10 36 8184
7 66 75
6 74 4928
6 8 5452
10 52 9899
5 63 3005
1 89 8736
5 51 369
1 79 4967
2 50 2574
1 13 4792
4 68 315
10 37 7217
10 57 2040
9 14 6133
2 82 4606
9 47 1237
1 26 705
8 29 2872
4 89 2674
9 84 3821
10 54 2957
1 81 1010
9 64 8560
1 54 2702
6 47 6224
9 97 6620
1 59 2451
2 89 1017
7 81 2661
6 51 9698
10 68 4394
6 73 8812
4 56 7282
6 67 4403
4 52 5216
8 2 4613
3 83 8678
1 15 130
8 17 6017
8 87 3292
4 1 3505
8 7 6647
2 88 8744
6 32 7764
9 95 7061
6 53 4426
8 8 6903
8 45 3700
2 41 6431
1 10 1690
6 74 7054
7 66 1380
3 94 2932
10 25 1715
6 85 2047
4 49 2581
7 46 2623
9 86 2600
4 56 5680
1 61 5387
10 63 8592
3 21 441
10 40 2512
8 98 1685
8 30 608
4 68 7369
7 57 9895
6 73 4608
9 95 4861
6 32 5702
6 54 5450
9 3 2224
2 77 8922
2 30 8395
7 55 9692
2 41 9039
5 46 8953
1 12 4528
2 62 4426
3 35 8141
7 76 5674
10 13 6197
8 65 7895
9 12 4178
8 27 1052
10 32 2470
10 9 5535
1 62 2006
2 100 2867
9 31 4673
10 97 6697
6 15 3140
6 3 3698
2 16 3501
4 88 3334
3 15 5242
2 1 5960
6 99 5059
3 50 4536
5 36 2509
3 20 5499
1 51 8897
6 1 1069
8 17 8642
7 31 4357
4 79 2435
5 92 6295
2 47 2131
5 20 4052
10 100 9069
4 98 5443
6 42 3023
8 2 1609
4 63 1540
8 68 2755
1 62 708
8 6 4515
4 53 3173
7 46 6015
10 83 7586
10 52 4212
1 32 8408
7 25 5752
3 9 2655
6 10 9976
5 63 288
7 11 3804
6 50 8358
1 90 8891
6 86 5075
1 63 2153
10 27 4479
6 85 533
2 38 8953
5 25 6907
8 60 7377
10 16 2060
10 59 8651
2 70 9002
4 18 1261
6 97 9692
1 69 1157
2 26 6017
10 69 792
4 89 8451
8 64 3750
3 20 6169
6 89 9946
3 5 4874
5 27 2786
3 18 5576
5 59 2431
1 59 5813
8 14 1632
2 71 2450
5 92 9544
5 57 5255
10 26 3854
2 97 8169
10 90 7580
2 57 9295
7 90 7230
7 71 719
3 65 4624
5 20 3804
8 72 2755
8 66 3413
2 80 4197
3 87 1293
5 76 711
10 84 7383
10 88 3268
9 11 4053
4 17 2334
3 95 8124
3 43 3188
3 40 4327
2 89 7756
9 81 4631
8 55 1531
9 65 5081
9 83 1742
7 84 8967
6 85 6465
2 40 7924
6 15 7303
3 98 1820
10 34 2324
8 4 9879
9 65 3160
1 27 9336
4 24 5740
5 58 2837
7 86 4516
2 39 8112
9 97 5013
9 20 8550
9 25 8041
10 34 1425
1 55 7085
2 72 4368
1 52 2215
3 75 2776
7 1 6438
2 18 8247
10 10 1889
10 45 4132
10 4 3765
9 68 1194
4 73 1531
1 58 7285
1 68 4472
2 44 2263
1 48 277
9 61 6222
10 51 5292
9 11 7928
6 60 9297
8 63 7047
5 81 7609
4 46 8492
8 37 2799
10 82 166
2 43 959
6 74 5158
6 69 8012
7 98 5706
6 4 1471
6 78 4065
7 50 2659
1 37 6055
4 54 8878
9 36 128
9 23 541
1 83 867
7 32 4251
5 53 3155
10 74 2048
5 20 6915
9 30 3224
6 36 7246
4 71 9501
9 69 9094
10 49 403
3 19 79
10 88 7621
6 84 3574
5 30 3970
7 44 1431
2 22 1879
2 51 6146
6 73 8393
10 17 5369
4 9 5435
1 29 9597
7 86 6037
5 38 5830
8 74 3572
10 63 1865
6 67 6973
10 71 689
8 95 8207
4 44 3088
10 17 6704
9 100 5915
8 58 9610
3 38 6846
3 17 2545
7 33 5840
3 1 9218
4 9 1580
2 98 5771
5 78 9834
4 29 7453
4 81 7734
8 33 7333
9 68 5407
8 98 5045
4 63 5231
2 57 4501
7 64 3806
6 57 9506
10 41 7945
8 35 8356
8 7 2096
7 32 8198
8 67 4735
6 54 2308
5 31 8569
1 31 320
6 3 7514
7 54 3807
9 71 7904
9 83 5027
5 8 6485
10 53 8491
8 38 1019
10 54 6174
5 74 5247
2 79 4844
1 50 5331
9 56 3397
8 75 6084
7 51 1011
3 59 6621
5 11 4455
6 19 1810
2 89 4327
7 27 1551
4 38 1366
6 49 3239
7 3 1745
4 71 8139
2 58 4964
2 98 5342
1 37 7207
10 57 2570
4 34 811
8 99 3419
7 74 4352
8 15 4860
3 82 1454
2 94 4171
5 59 9973
10 5 803
7 80 3321
8 1 2658
6 79 6231
6 36 5590
2 69 1495
1 14 3142
1 57 7491
7 76 2664
5 85 7140
8 56 4119
10 71 1378
9 39 7886
3 61 7980
5 30 6960
5 100 7249
3 42 1531
3 87 4815
7 75 5922
6 51 5386
5 15 2908
6 88 6817
2 26 7798
1 26 2782
6 37 5698
3 72 7737
10 75 6654
6 77 8330
8 6 1802
5 52 9457
1 7 256
9 98 8377
7 60 3122
2 91 7571
5 88 9955
3 74 9714
9 32 1472
10 15 7362
2 6 4464
8 33 5962
7 20 8646
1 75 2540
8 68 9871
6 62 5830
3 65 451
8 72 5331
1 65 6264
4 61 2181
2 2 2138
4 19 2738
6 18 6390
5 28 5316
10 69 2925
1 68 965
1 3 9231
6 51 4543
2 67 3469
1 59 5535
10 81 1258
10 59 2191
3 18 4619
6 1 1900
4 62 2329
5 64 5940
6 33 5463
9 67 6360
4 89 6212
7 59 8297
4 37 1389
8 64 8868
1 34 1438
1 37 4298
2 57 3162
9 90 6359
5 66 1734
4 22 8213
7 96 3437
3 16 8275
9 71 8242
10 52 8559
8 60 419
8 76 487
7 39 2143
8 78 5764
7 18 5167
9 91 714
7 39 3209
8 85 9123
5 98 5265
9 92 8518
8 16 2278
2 53 7841
3 5 6933
7 44 3779
6 68 9396
8 56 2881
8 38 6453
8 7 1174
1 35 9774
2 35 8446
2 49 3590
9 48 8361
5 93 4476
3 41 4865
4 60 7940
5 46 3415
4 5 5949
1 33 9329
4 85 3629
6 30 3685
3 48 2054
7 31 573
9 74 8250
7 23 7130
9 39 7070
9 58 3239
4 86 7364
5 74 3978
4 72 5950
8 67 3304
6 97 5085
8 22 6220
5 39 7724
2 6 2912
3 11 4897
2 37 8684
8 59 2793
3 57 5871
5 26 4285
8 57 1138
4 1 3244
3 92 1095
3 37 7511
1 4 9626
1 3 7257
5 65 8443
9 100 6794
9 8 2142
4 36 525
9 39 9497
3 98 7826
3 32 8464
7 74 3536
1 31 1448
6 27 4156
10 34 4034
1 23 3023
4 41 12
3 31 2505
3 4 8314
1 88 109
2 78 6960
3 38 2009
5 87 7059
9 8 4576
8 11 2807
6 29 3848
3 36 4950
9 1 1521
7 73 9122
2 21 4234
1 3 2104
7 8 4541
8 92 5139
2 70 4481
7 53 251
7 53 5952
7 48 4795
7 55 5548
9 80 8470
5 56 3108
1 43 4732
10 79 5828
8 49 6475
4 82 2977
1 51 443
3 22 1124
7 6 7407
1 93 5035
8 92 957
1 56 4043
9 68 6589
10 55 5112
4 5 9721
1 62 8095
5 41 4860
7 62 452
5 44 6126
2 41 31
1 53 561
6 79 9800
7 45 718
1 94 918
4 100 2473
5 13 3013
8 54 8616
6 31 9917
3 32 7787
3 95 9215
6 93 9776
3 89 9702
7 47 143
4 40 2924
10 56 9287
1 61 1873
7 95 7785
3 72 4741
5 24 9943
3 36 9077
3 10 4137
3 74 3093
4 72 3207
6 37 5543
1 29 5494
8 19 9009
2 3 2318
5 14 1809
2 65 3530
8 77 6296
4 8 5190
3 44 438
6 67 3588
7 97 7160
1 75 1027
9 35 8414
7 29 6121
10 84 9239
10 1 3827
4 14 4141
5 20 9828
6 28 5673
5 64 201
8 1 226
1 70 3550
2 53 4392
9 62 8435
9 87 2970
3 52 6193
2 54 7008
5 16 3920
10 74 9818
1 51 9576
7 46 676
5 2 1689
6 9 4093
8 33 1942
9 41 3065
5 46 5712
4 55 9723
2 93 7378
5 28 7305
3 63 4764
2 46 2782
3 24 4658
7 25 4930
1 90 6340
2 5 6140
1 100 5179
5 63 154
6 8 9839
2 25 7754
6 71 1780
7 14 4615
10 90 2715
9 2 2410
9 36 2893
5 87 1651
3 13 195
9 4 702
8 95 8608
6 45 2317
9 68 1531
4 72 4658
7 40 3683
9 41 6581
6 20 4185
8 26 5340
1 59 8874
4 12 6876
7 49 2686
2 32 6250
2 91 5639
10 44 8001
7 70 8938
10 84 2740
5 90 3750
4 22 6810
5 76 8272
10 32 3046
4 40 3288
6 83 5922
10 79 6614
1 24 7163
2 32 6404
7 77 736
1 71 4516
4 82 2932
1 61 8768
4 75 7102
1 35 6179
4 100 1067
8 17 2929
10 72 818
2 2 4680
9 46 3474
10 36 9558
1 89 3929
10 23 3182
5 69 8203
2 18 324
7 30 3297
2 46 947
2 41 6963
5 13 2148
6 70 4350
6 83 1565
3 46 4094
9 91 4047
9 64 6264
10 69 5306
2 76 7111
6 76 196
3 83 9070
5 49 7524
5 21 7863
5 9 4933
3 60 4893
1 70 8286
10 73 1403
5 62 878
2 74 9581
4 14 5020
6 48 3245
1 53 2013
8 62 4105
9 31 6470
5 61 4519
6 99 7208
8 79 2895
4 81 4551
9 46 9869
6 31 3349
9 74 3954
3 35 4993
8 67 9588
7 71 4995
1 72 8595
10 60 8417
1 20 2735
1 44 1292
10 37 5700
5 74 9537
3 87 3977
4 7 4133
10 8 889
6 16 5273
10 41 6655
8 93 5271
9 11 8841
5 24 7249
1 78 8999
4 72 8439
10 51 8853
6 52 3895
3 20 6675
6 24 2735
7 25 3981
6 71 6812
8 29 3123
1 83 3424
9 38 5390
1 21 566
1 83 436
10 10 8618
2 51 1320
5 18 1868
5 59 4773
2 23 2381
6 82 1792
5 53 214
4 64 122
1 77 7500
10 78 3022
4 6 386
5 12 2704
7 4 7584
4 75 7107
8 49 7567
7 93 6281
2 28 9836
6 69 7463
9 30 4846
7 50 3852
2 62 5076
4 54 7648
2 53 4294
8 3 5525
4 5 8764
3 77 1884
5 8 4747
1 7 7999
3 23 5991
5 86 5832
2 77 8582
10 71 8911
10 21 2751
8 95 6198
1 16 4381
1 61 4552
4 42 3653
3 24 933
4 1 7385
3 5 2995
10 20 4709
1 4 8427
9 29 4520
10 7 4711
3 96 8177
7 91 1373
10 54 6070
5 34 3178
5 8 6933
1 53 5499
4 71 2951
6 28 226
4 20 8203
10 33 8024
1 12 3507
2 81 814
10 71 6520
1 44 3917
10 5 8853
5 6 9561
4 57 5667
2 77 9014
4 66 5311
8 8 1665
2 95 5707
8 19 4372
2 45 3136
3 31 9796
9 25 7363
2 13 5071
10 88 5940
2 71 6914
10 21 4564
6 70 433
4 25 5548
5 100 1377
5 9 2832
10 58 4406
6 90 717
6 15 9538
7 69 4820
1 15 1847
8 66 2314
5 55 9187
9 60 5850
8 93 9323
5 54 3367
4 52 3948
3 25 8018
9 49 8441
9 80 4766
2 98 3733
6 24 2176
9 92 6411
5 32 3090
10 100 7361
3 67 2375
7 45 467
3 59 6295
10 35 5652
5 25 8562
4 75 4159
5 50 9886
5 53 1356
9 86 9729
3 52 3045
7 89 3268
5 98 9756
6 79 4817
5 35 9659
8 69 8850
8 91 5989
10 12 8320
5 8 7379
7 71 2728
2 37 7342
8 98 558
2 44 4552
10 33 2823
3 53 5131
8 12 2015
2 77 5532
5 26 1411
6 95 4372
9 84 9219
5 63 6569
1 85 2401
2 13 1555
4 98 6805
1 32 9598
2 49 8882
9 72 6336
6 11 3849
5 76 6358
9 22 2085
10 32 250
4 61 6481
9 9 8798
2 53 9400
2 86 9220
8 93 4617
1 79 5617
8 11 3235
8 62 8329
7 35 9301
9 55 9432
1 100 3154
10 13 9641
5 30 9148
7 7 7502
10 61 9493
4 51 5910
6 92 4685
7 32 2976
7 76 6169
10 63 3889
8 95 5354
6 45 398
10 47 5244
1 88 5712
4 64 1702
1 3 8195
3 79 7161
9 11 4968
8 68 9863
4 51 4338
10 95 3672
3 60 3808
2 29 6766
9 13 548
6 89 4633
7 62 8779
4 8 9300
7 75 3437
7 2 7218
8 90 9900
7 43 3727
9 16 7493
9 2 714
6 96 976
4 29 1851
5 4 9042
3 23 3264
6 41 9567
3 69 4349
5 44 8741
6 73 9436
4 44 5667
8 31 2518
10 89 7372
5 53 2778
7 30 4046
9 47 403
8 36 508
9 26 3920
1 55 3691
5 25 4523
3 73 2597
2 32 6600
8 100 9353
4 38 7494
8 1 3749
6 58 1543
5 90 6543
7 59 1873
10 60 9904
4 3 7250
3 55 3057
2 23 5285
10 29 5130
3 49 3437
9 73 7683
2 13 5712
10 61 5394
7 60 8478
7 25 9663
1 12 1474
5 92 1734
10 22 6224
9 88 9560
2 56 796
9 8 4907
9 57 7182
5 13 8820
9 21 282
3 8 5921
8 40 2235
8 58 9085
8 81 4792
10 63 4572
4 72 9266
7 77 3486
3 31 1204
9 83 4235
4 100 3912
9 44 9462
3 39 1298
10 42 6753
4 32 6099
5 41 2027
3 4 1544
4 11 1059
4 100 1539
10 72 5031
10 59 5255
8 13 8321
7 78 8321
4 70 2513
6 7 3515
6 30 7369
8 100 7136
7 76 9371
3 58 6387
2 87 1346
10 53 5205
2 83 119
7 43 1632
9 37 3675
9 23 6784
7 75 8459
7 69 1204
4 72 7699
6 77 7072
7 51 8660
3 4 7252
5 98 8423
6 30 6246
5 67 8016
6 62 5136
2 30 1339
6 12 8048
8 77 4083
1 20 4790
3 32 2055
4 79 4817
5 41 1552
7 99 9416
10 97 742
1 33 1926
8 67 6908
1 11 5831
2 28 9095
8 71 6223
2 93 4940
5 44 5370
4 58 9638
3 44 4001
9 57 5156
5 51 7490
10 15 9147
2 85 93
5 87 7442
9 49 2065
2 34 6212
9 1 1352
4 30 9743
10 23 2388
3 53 8796
6 71 6411
1 41 2429
7 89 3491
2 48 1
3 55 4995
10 39 9969
10 95 8264
5 31 6396
10 13 8664
3 15 3826
3 64 613
9 81 6904
9 54 4713
2 98 9425
7 62 5849
7 59 1721
3 97 141
7 49 713
10 32 2519
2 85 6743
4 38 7280
1 9 2161
4 32 6970
8 12 1582
10 49 6784
1 62 1042
3 48 4187
2 55 5067
5 39 6855
4 79 6743
7 93 6481
6 68 5906
10 14 5147
6 20 7738
4 11 8647
7 96 4966
7 43 5432
4 49 6424
5 26 1641
2 81 6231
8 4 7319
7 90 1481
1 39 1329
5 43 1814
3 75 3744
3 84 2712
7 69 3715
9 67 8661
5 44 7829
10 31 9723
4 61 6664
1 18 990
5 47 8332
4 71 8090
1 30 1772
10 21 748
6 57 8183
5 19 7742
2 5 8974
8 39 3287
2 48 8196
9 32 6725
6 35 4775
1 82 3866
9 94 5099
5 49 3670
1 86 439
3 30 6502
1 68 2995
1 2 8525
8 62 1044
7 14 8685
10 64 1934
7 14 5425
9 55 14
9 53 2694
10 13 9426
2 39 1825
10 86 3554
4 50 4339
3 99 4573
2 20 814
6 24 8015
8 55 5222
5 68 7479
4 43 1192
10 64 6606
4 99 2769
4 28 4515
3 23 1153
5 92 3023
2 97 5136
10 73 1908
1 98 8836
10 53 3882
10 97 2694
2 45 4361
2 55 515
6 67 6868
9 24 2279
9 90 1323
5 33 9128
7 50 3848
8 52 3930
6 67 8381
10 45 3750
5 34 3897
4 62 1684
6 51 509
10 87 7328
10 10 40
9 69 2737
2 92 1803
3 65 1888
2 58 9610
2 49 1856
8 16 621
2 4 7118
10 60 1677
4 33 3129
2 48 1948
8 89 4618
10 4 8243
9 80 2316
4 69 9890
3 84 7908
10 31 9766
1 67 3046
9 91 6859
7 63 9993
6 25 2298
3 41 837
3 97 9845
9 72 2252
1 91 1913
8 62 3412
5 86 8090
8 14 8757
7 64 6260
4 68 248
9 6 7332
4 46 759
1 7 9730
10 97 2081
7 94 9657
6 100 8480
2 4 967
5 7 1981
9 42 7370
1 26 1721
7 5 5375
10 66 1605
1 78 1910
4 58 257
9 82 8929
3 55 3009
4 25 3558
2 40 1416
10 69 6609
7 17 5912
1 87 1984
3 78 9099
6 27 3685
4 6 5139
7 13 159
2 54 2185
1 32 5647
1 93 1306
8 88 8684
10 86 1226
8 100 1304
4 68 2572
2 86 5272
2 11 42
5 80 168
7 16 8020
3 8 2276
6 18 8015
3 29 9174
4 75 3507
10 76 4224
4 72 397
7 86 3049
4 28 7181
3 18 8498
1 96 5363
6 41 5660
3 82 5311
7 9 1630
9 60 165
3 72 9106
5 85 6511
9 53 8247
10 52 5158
6 55 7975
6 22 6215
9 82 1655
7 16 4288
5 99 7852
8 1 3972
4 41 3507
5 93 3541
1 50 4996
6 40 6429
5 24 814
5 82 2169
5 61 6163
4 9 8370
1 85 7465
10 69 2233
7 96 5755
7 79 2086
9 38 8635
8 17 5229
7 9 6638
9 71 7495
4 59 2050
6 36 8807
10 8 3548
3 98 8761
5 65 3694
3 62 1667
4 30 1841
10 4 9648
6 40 6890
9 10 2572
8 64 2831
10 95 4599
9 66 8916
2 15 4328
7 62 4174
3 60 2462
7 34 9657
7 14 9746
7 76 9776
3 9 8202
3 15 9477
10 18 2856
5 95 3637
7 81 5001
6 24 2165
4 58 7650
3 35 5072
1 70 2405
1 33 7808
10 8 9317
1 34 4536
1 86 1115
3 67 3241
8 11 7086
5 40 6007
4 92 2392
5 99 7709
9 46 743
1 87 575
10 57 8199
3 86 4417
6 40 1206
5 76 6279
2 95 216
8 78 9502
1 26 4507
3 84 2833
2 49 1061
8 12 3849
8 88 7458
10 83 2450
2 75 3171
6 24 3155
1 25 1787
1 11 3480
8 82 4463
7 71 5338
6 70 4544
5 72 663
4 24 66
4 100 5831
9 32 5309
9 100 9185
4 65 3050
1 57 3943
2 67 321
7 64 5252
9 75 2078
6 87 6127
6 34 8874
3 85 2081
7 5 9582
7 34 5309
4 45 8308
2 98 3568
6 34 5086
2 91 5890
7 49 2043
4 46 5392
3 5 2895
3 5 5532
4 31 7685
6 52 2357
8 29 3841
4 21 4042
3 86 4056
6 18 3384
10 82 5839
10 61 972
9 38 1298
9 35 5074
6 60 7840
9 97 8050
6 29 5509
2 51 8831
4 58 9202
7 82 5596
1 68 8026
5 98 5496
2 45 4881
7 66 3308
6 90 1190
8 4 1917
5 13 2274
8 68 6046
7 8 4812
1 79 9454
4 9 3888
7 6 6703
2 50 2248
7 35 6865
5 27 7671
8 33 6087
2 75 5087
5 30 5318
8 34 364
10 23 1497
8 9 1362
7 24 2920
1 59 6308
2 57 4264
2 35 1994
9 23 2412
5 8 8099
1 63 5061
8 92 5341
10 18 3610
5 50 6034
4 9 5693
10 79 1069
1 24 7234
8 3 8914
7 7 2822
9 89 8636
1 51 6250
4 71 2024
10 10 4514
9 66 2522
7 71 513
5 58 9324
9 43 2210
6 54 6986
3 60 529
7 4 5891
4 46 8325
10 39 5016
10 69 4088
3 45 587
2 33 9729
3 71 3836
2 62 9011
9 33 5573
1 39 6083
3 15 7025
3 26 2736
3 9 4800
7 73 2452
8 86 7233
7 82 5702
9 36 9214
10 38 1786
10 55 8054
8 44 5839
10 49 1291
10 22 86
1 79 7483
7 38 6800
9 6 5394
10 90 8304
9 21 7856
7 63 5706
2 18 5028
7 67 6525
5 56 8001
4 35 945
10 77 5404
5 8 3781
7 13 4301
9 36 6528
1 41 2624
10 62 9146
7 95 3430
4 60 8691
10 50 6896
10 44 9660
3 50 9454
9 81 744
2 85 8997
7 44 4000
9 70 7571
9 84 8724
6 33 4294
3 31 9202
5 84 5403
1 78 3977
3 73 6174
3 89 394
6 19 7658
7 65 8743
3 38 2258
5 27 8173
2 30 9779
3 89 5305
5 45 8261
7 99 2144
8 49 259
6 65 3052
9 100 8368
5 21 6769
2 44 4853
10 43 3406
4 4 1755
2 15 5065
6 91 367
5 27 8234
5 88 3878
1 66 6021
9 7 4691
1 60 5018
8 21 2719
1 45 3996
8 85 6813
2 59 910
10 5 4065
8 35 5385
9 6 1212
2 63 9159
6 27 6209
6 73 2731
2 83 287
10 11 5164
2 68 6801
2 7 880
5 6 7456
7 71 6829
3 96 6100
8 13 4753
8 47 5396
4 72 1205
10 51 5546
10 4 1325
6 46 6006
2 42 5224
6 12 1070
5 20 1861
5 33 6433
3 89 6411
10 14 3191
3 13 2309
6 86 922
6 66 3728
7 1 7651
2 35 7380
1 98 4039
10 8 9306
6 4 7294
2 18 232
8 12 2129
7 68 83
6 82 3835
10 17 1459
10 83 4243
2 82 2703
1 51 4131
5 70 931
9 50 4585
6 27 5618
4 39 771
3 56 6525
7 50 9150
6 90 1251
3 17 750
4 64 3128
1 54 7324
7 3 3172
6 82 2364
2 67 4027
5 88 2772
7 80 6688
7 8 9537
9 31 5264
9 49 6315
3 43 9731
5 47 7325
10 87 1013
10 67 3658
6 87 3716
6 40 2554
6 6 6645
9 38 7621
8 63 433
1 29 8198
1 75 3915
10 76 844
10 27 5554
4 84 3258
5 77 6775
7 100 9864
1 11 4325
8 89 8469
9 68 5644
10 82 8161
1 32 2890
4 7 4761
1 9 6597
8 15 9985
3 6 4342
8 27 8993
2 38 355
5 59 872
7 61 2402
3 16 766
10 3 2696
8 17 3586
5 21 9514
10 56 6192
1 58 476
2 42 2317
6 83 5394
10 80 9578
7 60 2875
1 82 2143
8 66 1044
3 96 7565
6 96 5152
1 88 1972
4 53 5814
8 83 1803
6 28 7377
2 24 3013
1 92 7538
7 36 2497
7 32 7704
6 36 9282
2 81 6237
4 37 4
1 23 1632
8 45 5860
10 83 744
2 87 3007
5 7 5895
2 94 8319
5 61 6803
3 14 2582
9 35 1882
7 100 9583
3 74 5600
9 92 1612
8 45 8894
3 9 8422
9 17 1166
10 33 9109
10 78 8714
7 83 8976
8 41 5284
4 24 3717
3 17 5591
6 16 4496
8 88 4766
5 81 8941
9 22 6135
6 58 5736
10 19 9200
7 25 3047
1 40 269
9 16 7986
5 75 6678
1 52 8044
2 89 8849
6 32 903
10 16 4602
6 2 3739
5 49 8475
5 58 3237
10 3 5048
3 87 3116
6 32 1885
10 20 7185
7 26 2413
9 88 8286
7 73 4607
4 85 3183
3 49 3739
7 11 1342
7 22 4748
10 71 1825
1 9 1699
8 28 6155
7 64 1035
3 18 9482
9 99 3037
2 6 8919
5 61 1252
10 28 2636
2 35 7608
5 35 3928
7 14 4795
5 42 7426
7 7 1704
8 40 457
5 45 2542
4 76 7975
4 22 5608
4 16 89
1 11 6416
10 96 7971
9 90 1605
3 7 7928
6 17 5636
9 36 6405
4 58 2286
3 82 4568
6 31 3852
5 69 4583
8 78 8466
3 8 4054
6 73 9256
10 6 9280
8 37 336
4 29 553
5 32 3346
9 44 5956
4 37 2347
1 43 9700
9 74 1968
1 4 6531
1 90 1912
7 63 5935
10 20 8475
7 48 885
5 86 2344
7 86 6683
2 2 2572
9 54 343
1 3 6545
9 20 4830
5 18 9219
7 41 5703
4 3 8715
4 66 5678
10 96 466
8 58 857
10 61 8615
5 67 4123
8 45 8170
4 68 767
5 55 5432
4 20 7455
5 58 1496
7 8 9318
6 45 9376
5 36 7371
9 36 8822
5 93 750
10 29 9979
1 11 8284
4 73 7095
1 76 9816
9 20 1886
4 46 5202
7 64 2654
10 100 9547
10 35 6678
8 26 85
2 87 7366
6 3 5260
8 92 5104
7 2 2882
7 80 8129
5 57 3313
9 37 4229
5 44 2677
4 38 6397
6 95 7161
2 69 1196
3 99 5812
4 88 9839
5 54 440
4 49 5464
4 53 5209
5 67 224
9 92 1204
7 41 4915
10 8 2707
10 28 5664
6 53 9477
3 89 9016
2 13 5341
3 4 550
8 17 8869
10 76 8089
2 49 4438
4 66 7974
8 80 6063
2 96 7319
2 46 4022
9 40 3911
6 13 8672
8 9 6605
4 22 3093
7 16 9527
2 12 1825
5 55 5713
8 1 5281
7 15 921
5 22 507
10 9 8817
7 66 7489
10 94 3708
8 16 3350
5 5 1273
6 34 8463
8 75 4252
10 56 2356
1 9 4217
9 71 845
8 39 9614
7 88 9279
1 67 1812
6 26 419
2 32 2508
2 47 3718
2 45 4441
7 12 3085
9 43 3057
1 2 1229
9 30 4468
6 80 2963
9 87 3166
3 100 4248
4 21 9670
6 61 2556
10 17 6588
5 19 6677
1 88 7731
3 70 9004
9 38 4305
3 39 7041
2 81 1020
9 24 1450
7 45 394
10 81 6424
8 95 4765
7 22 1687
10 32 5373
5 17 1857
6 23 1815
1 46 5116
1 69 7089
4 59 7882
10 68 9280
7 72 7536
6 90 5135
4 52 5479
9 24 9517
7 81 9203
2 49 8134
7 2 1744
1 68 6937
10 76 3074
7 50 5403
5 79 8401
6 26 8698
10 34 4612
6 52 5603
3 83 9808
1 74 9549
4 50 5237
9 100 6576
7 40 7086
9 23 7652
5 24 9336
4 68 7836
5 89 5856
10 19 7471
10 40 4684
5 9 997
8 17 8302
3 15 8569
6 60 7168
7 55 23
7 2 91
5 19 2356
5 92 2720
10 55 4894
10 97 891
5 22 8887
2 56 3811
3 89 2726
10 90 2420
4 83 668
4 38 6381
3 51 8321
2 47 9073
9 58 332
3 69 1746
1 36 7971
1 45 7575
1 13 7102
6 75 4039
10 56 3234
4 31 1285
7 29 5457
2 88 9584
5 4 3199
1 19 5440
3 29 7570
6 32 259
9 24 7251
5 76 2180
5 98 4753
10 100 2641
9 16 3445
8 49 2152
8 31 9125
3 76 8153
5 57 8929
5 29 8376
10 55 5604
6 24 7655
4 20 8383
1 24 3649
6 13 7080
3 24 8956
2 59 7202
6 34 2123
6 68 3280
3 28 661
1 75 2583
5 2 7363
7 97 1258
1 40 9062
3 52 5516
5 87 7836
5 85 5534
10 43 1698
8 26 7791
6 11 9913
4 58 3846
3 93 1038
7 85 7202
6 90 7886
10 80 4902
10 7 3825
8 85 4137
7 24 5418
7 27 2590
6 66 5554
7 79 149
2 44 7432
9 56 3716
2 45 8173
8 43 7615
4 96 1670
2 83 6375
1 1 1245
2 19 3538
5 7 3926
6 39 2363
5 85 5857
1 9 8208
4 12 8212
8 13 4144
9 84 5993
6 78 9358
9 100 2970
3 92 3836
8 9 439
5 8 5118
7 71 9848
10 1 4507
4 42 3788
9 79 4044
2 16 9576
7 77 4512
5 45 8174
8 39 5771
1 45 2571
9 6 7184
4 89 5840
4 74 1404
6 21 6193
3 33 7888
9 65 1851
9 64 7767
4 8 64
5 13 1864
3 45 5745
6 81 3118
9 14 3278
5 84 7275
3 29 9260
3 49 5185
1 20 30
7 91 4685
3 60 7999
10 98 4465
6 74 6144
9 46 8151
3 62 5857
9 91 8660
2 44 1248
3 25 8248
7 6 9247
10 27 5530
5 39 9179
2 3 8654
3 50 415
7 43 2079
6 65 5004
2 99 9898
2 36 1441
8 88 6905
9 1 6394
1 70 3281
4 29 8786
5 29 3962
10 40 5733
5 100 4146
6 85 5575
9 71 8632
7 60 7058
3 57 202
5 84 2264
7 32 9985
10 1 3975
3 83 4344
7 42 1914
1 91 8580
5 43 4639
10 39 6297
2 15 8657
3 99 4390
4 41 1207
8 8 9981
1 22 5212
7 99 3715
3 32 3351
6 20 641
8 10 974
9 1 5809
5 99 286
3 63 7764
1 2 6457
8 58 1183
10 21 9694
6 18 5284
1 82 3154
7 63 2718
5 22 592
2 56 2861
7 68 5570
10 38 618
4 18 1741
6 27 2541
8 42 652
9 74 2208
5 95 2837
3 26 1648
9 11 3498
9 66 6145
10 73 5466
5 56 8388
1 12 4868
6 35 3330
8 58 6559
3 33 2309
6 89 4037
4 31 8410
7 76 8816
5 6 9694
5 88 8782
5 94 2187
7 23 310
3 2 8024
7 92 6461
5 92 2491
3 37 1963
1 33 8509
5 77 1118
7 83 3491
3 16 7267
9 64 3153
8 97 3209
4 7 465
10 100 9152
9 56 238
8 12 5265
10 63 4062
10 47 668
6 17 8698
8 10 321
1 73 1716
2 92 833
7 71 486
9 2 6094
4 63 4557
8 77 6569
1 22 652
3 57 5719
6 24 2278
7 17 5114
9 14 8690
7 10 6146
5 67 3572
9 67 426
5 9 866
8 94 5928
1 34 2658
5 79 137
5 95 3906
8 26 767
5 71 2528
3 51 1150
4 23 3926
5 73 620
2 19 6124
4 45 6909
2 41 2725
4 63 7026
2 33 9471
3 73 4791
4 41 2838
10 75 8154
10 77 8880
8 96 3251
10 22 4397
1 75 968
1 50 8830
6 63 9792
7 32 7863
3 5 9311
2 32 1134
1 7 1384
5 99 934
7 79 1007
5 86 7080
7 22 2124
1 40 7636
7 56 6447
3 60 8871
2 44 5197
3 57 1305
8 68 9633
3 57 6272
5 8 2178
7 61 5527
2 15 4164
2 22 5066
10 49 8627
1 44 5596
10 93 1349
2 12 8300
8 74 6772
7 7 4034
6 46 78
2 36 2902
4 66 2825
6 99 3948
8 96 8553
4 96 2107
3 79 4985
5 54 5774
4 65 4509
9 70 8406
7 63 9868
2 86 2342
10 30 1541
4 51 9377
5 100 231
7 60 1467
7 90 1893
1 42 3823
2 19 9178
9 79 7387
6 69 2680
9 76 4775
10 39 2676
10 41 5182
1 22 5201
3 12 8525
5 81 5077
7 43 2151
10 83 6869
9 30 2659
2 72 7113
1 82 7000
7 24 408
5 80 1570
1 42 5064
4 61 8874
2 79 8280
8 81 992
6 53 5398
4 19 4654
6 60 2017
9 94 7311
5 51 1906
4 64 6806
4 39 8523
6 3 9010
10 55 1960
10 73 8125
1 72 2011
6 35 7376
4 64 9752
2 1 2495
4 79 7657
6 30 8813
3 91 1382
7 31 3016
6 58 5204
9 26 264
8 59 9709
4 20 9898
7 73 1752
1 84 3480
3 33 5646
8 21 6330
4 40 8469
4 49 5304
4 29 8214
8 56 2437
10 29 4355
6 62 8955
7 71 3842
9 71 8004
9 17 44
5 20 2945
6 74 1994
7 35 3920
9 93 3153
2 66 2135
10 36 3782
7 12 7252
1 72 8053
2 91 6106
1 60 1922
7 73 9846
7 16 5812
1 82 8929
1 58 2759
1 22 8299
6 64 5465
9 79 5234
7 77 3554
6 73 7228
7 18 8503
2 45 6334
9 40 2869
5 79 1568
10 41 4371
2 81 6379
4 37 432
10 69 714
6 27 8446
7 20 8679
7 72 507
10 31 134
7 87 6578
8 81 5195
6 49 5052
6 22 9965
9 60 4193
7 52 189
4 3 8779
5 60 4403
6 67 9941
7 4 5818
10 40 6588
5 63 8894
5 87 5235
9 50 2307
8 23 728
8 29 1979
4 30 5466
4 90 6921
8 63 9699
3 38 5065
8 95 2550
3 37 7086
8 3 3459
3 6 9167
2 88 358
5 36 9322
6 67 6981
8 59 5022
3 48 8469
2 84 5570
2 82 8109
7 99 8570
5 55 7653
7 92 3832
7 98 7727
7 50 8682
5 99 8012
6 63 3505
6 52 9981
9 56 2116
1 41 529
6 84 4164
4 19 6687
1 24 3176
5 4 2547
2 98 904
10 95 3109
4 53 1473
9 56 1973
3 84 6177
5 25 7277
8 53 4328
9 34 3677
5 9 3487
10 75 8782
4 33 6826
4 49 7485
9 99 725
9 74 9007
9 1 7527
10 56 7652
3 98 4438
1 90 524
1 1 4612
5 84 9838
4 45 8675
5 11 7240
6 99 9094
5 65 2401
10 82 8919
4 70 2439
7 94 3424
5 95 9651
3 27 2446
5 85 8828
8 26 8430
9 23 4779
6 18 9375
7 32 4565
7 22 531
5 37 1972
9 25 2439
1 48 7299
4 11 5459
10 43 8848
3 93 5423
3 39 1093
6 70 5259
5 49 4057
8 85 230
6 98 7439
8 32 5963
8 41 3936
10 4 3901
1 48 4623
1 7 9701
4 63 9724
10 5 6658
3 77 5754
10 18 14
9 97 8308
4 35 3482
6 61 1811
3 17 3740
1 54 6847
7 16 2054
9 68 4849
3 22 8843
6 99 7617
4 31 8017
6 68 9055
7 37 1283
1 2 974
9 37 9299
2 81 2694
5 47 1241
9 7 5241
10 57 4028
9 45 6981
8 32 6387
6 11 1373
4 98 8458
2 64 5974
4 97 269
6 26 2384
10 83 2903
1 38 3528
1 1 7964
7 31 9302
1 57 9111
10 31 5698
5 91 2415
3 59 8835
7 39 4609
4 6 9626
9 87 1763
2 14 4471
9 82 8375
10 59 763
6 21 3957
10 99 5599
5 43 2034
4 57 9186
5 51 4642
5 5 2246
4 81 4285
9 50 5680
6 50 2360
7 52 3364
1 59 3257
6 9 639
5 15 4381
9 14 5386
10 72 3020
4 64 9494
6 82 2551
4 83 7059
1 39 1883
1 97 3068
5 19 4507
9 92 4241
4 2 1732
4 70 3161
7 55 1465
6 3 242
1 86 240
8 70 8044
7 99 8373
10 35 5324
5 32 4077
8 42 6755
10 32 9611
6 55 5925
7 46 4766
6 81 9520
10 33 7704
10 17 5226
7 96 1049
4 4 9850
2 27 3526
6 97 785
2 71 550
8 15 8824
5 55 9029
5 88 4400
6 15 4559
2 10 8253
9 24 7230
4 34 4067
7 46 2025
8 34 4806
3 53 3642
1 100 7078
1 78 6437
10 64 7013
1 20 6694
7 11 483
7 56 6764
4 45 285
5 83 3261
5 74 8073
4 74 5544
4 23 9858
4 3 1021
7 64 6752
7 61 3075
7 66 7507
8 32 7082
4 54 2541
9 37 1223
7 100 6315
7 91 9022
5 71 3530
1 65 979
2 4 6199
2 69 4361
6 86 73
2 59 8886
9 18 5508
4 80 2790
4 68 6810
8 42 3082
1 87 8639
2 74 2366
8 63 4902
4 48 5065
9 21 9843
2 31 1039
8 23 758
1 44 6788
4 26 5548
8 96 9944
8 9 6742
7 34 322
1 5 9360
9 67 873
9 47 9570
10 11 9847
3 33 643
1 44 3510
1 27 7885
2 62 514
4 4 2959
8 21 8862
1 93 8363
1 43 8200
4 7 3764
8 42 7205
2 65 5151
1 1 6496
3 65 1202
3 23 7243
10 48 7979
2 34 6563
6 68 4580
6 67 1173
4 94 6722
2 60 5810
5 61 5872
2 66 8154
3 47 2579
9 42 878
4 19 9644
1 59 1522
5 12 7493
5 38 5187
9 60 23
6 9 1856
3 83 1967
10 38 4272
9 52 5329
4 83 4583
9 83 1627
3 70 7435
1 13 6467
3 24 5925
4 79 5175
4 31 2658
10 38 9933
4 36 7215
10 33 4364
4 46 7306
5 23 6197
9 97 1973
5 23 960
7 56 782
5 31 3638
9 68 4269
6 99 3507
10 54 6640
9 10 9138
1 87 3605
8 41 6733
5 15 3870
5 64 7544
6 48 7711
7 47 4935
7 95 5681
10 18 7041
2 93 346
8 87 70
7 96 7600
3 90 3596
8 23 2530
5 48 5927
3 18 4074
7 70 371
2 44 2671
5 26 5630
8 52 69
10 14 9565
7 27 7654
3 61 671
6 22 9218
1 53 4575
10 45 5325
1 72 958
5 61 7989
6 59 1951
10 27 4634
6 1 2731
3 52 1762
1 9 8281
10 85 6149
5 49 3648
9 12 1034
5 42 7698
9 38 1702
2 79 1213
2 79 3574
10 34 6692
9 64 8974
4 93 7132
2 38 3457
4 30 157
6 82 754
10 17 1613
1 67 7530
5 77 1823
3 92 2430
4 25 3743
3 79 4701
1 10 8351
8 26 9122
8 90 9461
4 77 5075
1 70 5642
1 98 6831
6 58 9684
5 54 753
1 86 5791
1 30 6304
5 87 2910
3 29 2787
1 62 1286
1 9 4838
4 7 8847
2 65 8820
6 96 1609
1 86 947
7 86 9120
9 27 6799
8 22 2445
5 23 8105
2 53 6236
8 79 8006
1 48 6439
9 54 6970
2 99 3622
5 39 3671
1 87 6935
3 2 5254
1 73 6651
7 5 6505
1 52 6853
9 31 7391
7 82 1716
9 39 4570
4 75 6569
10 72 2655
4 65 5958
4 25 3441
10 1 7913
4 30 3686
9 49 8583
7 57 8177
10 60 2799
1 29 7698
3 34 7607
1 10 8388
2 11 7038
8 87 2377
3 32 4922
7 9 1793
7 44 8723
7 91 512
7 13 232
2 29 9539
7 75 2855
7 88 5690
8 3 7382
10 100 3904
10 38 5127
8 51 408
9 64 1911
5 92 4159
10 61 7428
9 10 8918
3 14 5915
4 99 6879
3 4 7653
9 37 9338
6 41 2764
5 82 2714
9 21 2401
7 22 8331
7 65 2053
5 88 8613
2 37 4498
3 85 5124
2 31 7821
9 83 8607
7 83 2861
10 21 9729
6 3 4705
6 74 2929
10 41 1850
4 79 4240
1 93 8410
10 87 4891
5 67 5997
3 98 3183
2 90 514
7 17 7065
5 76 6855
1 97 6631
3 6 3207
3 15 402
1 5 7481
9 13 2660
7 58 2920
3 33 6474
10 93 8959
5 40 1171
3 77 7494
7 5 7677
9 52 7000
3 22 649
7 94 1432
5 12 7323
1 68 7563
5 93 4102
10 65 239
1 73 3883
5 29 3715
7 44 2704
2 27 7139
10 67 2675
5 19 2373
5 60 4186
4 23 457
1 22 5588
1 11 9913
7 99 2821
4 59 4705
6 30 4487
8 71 9663
10 63 1868
2 61 4106
3 78 5023
2 48 7132
5 62 8389
1 33 9862
3 20 7805
7 32 9227
4 21 4652
9 16 7283
2 16 1941
7 22 5723
4 39 4148
8 67 571
7 97 9113
2 19 5239
9 29 4045
10 21 3917
7 34 337
4 79 6423
7 36 5077
1 61 9766
6 89 2192
2 66 1724
10 64 1728
2 59 5869
7 73 3596
8 31 6916
9 48 3522
1 55 7541
6 18 2962
10 19 7307
7 99 6932
7 52 6785
6 81 2861
1 75 1082
10 100 1412
9 65 3309
8 91 6904
1 47 3894
2 91 2657
4 91 4184
3 8 8524
1 50 2895
5 4 6947
10 91 3519
7 96 4275
3 86 6129
7 49 2632
8 91 8836
5 83 8143
10 28 4109
4 34 2481
10 60 5497
10 100 5758
9 72 7468
10 92 7718
10 30 5268
5 45 5707
1 53 1487
8 25 9872
1 18 3109
7 1 393
10 30 5992
4 22 8955
1 79 5256
8 59 4476
9 80 5934
7 73 4458
3 70 7000
6 87 9364
4 96 1839
1 70 7638
4 80 4620
3 56 337
2 54 4847
3 69 5866
9 72 5753
4 20 8782
6 90 9699
3 58 3751
8 15 5972
1 4 7871
5 57 1168
7 82 345
3 83 4521
4 81 2796
1 55 7065
9 92 1137
2 72 4359
5 46 1818
5 76 6921
2 2 3325
9 95 9577
9 62 583
6 1 9286
4 76 1612
5 5 9186
4 31 6166
9 15 10
1 26 924
4 57 1531
6 83 8308
7 85 3658
9 27 4909
10 58 2379
7 96 9510
9 47 6337
10 7 8208
8 32 5668
5 26 3102
4 67 6880
9 58 4434
4 25 4818
7 90 4390
10 9 5899
9 14 1822
3 25 688
1 2 4827
9 26 9919
10 18 4229
3 93 6377
2 84 261
3 79 5893
7 39 5570
6 73 5438
1 4 4330
10 82 885
5 53 4665
5 7 4849
4 71 2474
8 90 8175
2 68 2885
3 71 1071
6 15 3582
2 65 8761
4 82 8180
10 64 8746
6 20 931
3 61 2232
10 62 6433
8 16 6832
3 30 7301
6 35 5139
4 8 6558
8 59 3364
8 84 9247
6 10 5923
2 10 4576
2 84 6000
3 83 2359
6 32 5000
5 32 4900
2 43 9190
4 96 3549
5 89 9054
8 49 8979
9 36 7479
1 88 9544
1 48 6614
5 98 1727
4 40 8284
8 22 5163
2 26 8014
3 68 4782
10 71 2935
3 25 3354
8 78 686
2 10 2100
10 24 9984
5 24 2438
2 74 9475
3 64 9387
6 57 6684
5 79 8937
2 3 1950
1 86 7251
2 74 4467
10 69 4711
6 40 9801
1 25 7796
6 66 4208
4 84 8534
7 71 8253
9 14 2705
4 6 7191
4 90 4528
9 29 1197
10 70 413
4 70 1347
7 29 2582
6 57 6226
2 89 1351
6 64 3430
5 14 8511
2 81 9837
2 28 5856
1 49 1283
6 75 716
7 15 329
8 98 2200
8 15 2676
2 28 7128
6 50 5449
6 80 8104
7 7 4477
1 1 3046
6 95 4050
2 32 2795
7 1 7146
10 86 9301
3 84 4552
6 22 2431
6 69 727
2 63 4561
5 9 8937
7 55 5593
8 22 70
8 54 4124
9 24 8780
4 50 4562
1 1 7291
5 77 6939
4 84 2131
4 71 6905
7 44 7027
9 71 2839
8 15 6450
1 73 378
7 53 5916
7 5 85
10 97 7488
6 93 9812
7 91 6666
3 100 3632
4 2 8018
3 55 1460
5 52 645
8 45 6766
4 21 7653
6 54 916
6 68 1412
1 36 2038
6 87 6054
1 58 9429
6 77 7484
8 53 5186
10 90 8142
2 39 1302
2 45 9207
2 67 6217
8 38 3025
5 34 2933
1 41 1205
8 44 8296
6 43 4453
1 70 6151
8 64 1596
7 96 2803
3 93 3748
8 99 9815
8 34 6956
4 89 7828
1 21 390
3 83 7826
2 53 317
3 13 5400
6 15 2384
6 27 3683
1 16 868
1 10 9356
2 4 4505
1 18 557
8 48 2939
10 37 6864
4 84 4819
8 62 6169
6 27 5462
10 58 6438
3 23 8817
4 20 5208
5 67 5470
7 15 7694
5 52 9423
3 35 6384
7 41 5259
6 69 9034
6 89 9983
6 45 8690
7 67 2759
10 3 9447
4 5 2793
2 48 7229
7 80 5342
6 51 2959
5 72 263
2 2 6462
4 41 1701
10 60 329
5 21 1709
3 50 8842
4 53 4204
6 5 2709
9 9 855
3 1 1321
1 19 431
9 24 7640
10 14 2186
6 27 6762
3 13 5653
8 61 4237
1 8 4166
1 69 3330
10 83 3212
4 67 9543
2 63 6157
1 47 3085
2 19 4176
10 26 9208
7 57 9262
3 64 2022
2 19 6161
4 47 6593
2 8 5454
1 29 4648
9 90 7804
9 15 5430
5 67 332
4 24 3927
3 76 8914
2 29 8210
2 92 9446
3 79 3842
7 77 1207
5 10 6232
7 82 4603
6 60 630
1 52 1915
5 42 189
4 80 2922
10 100 7077
2 69 4418
5 45 9709
5 33 2567
6 89 3875
7 41 6297
6 83 9950
6 89 4158
1 43 5050
4 77 2731
9 55 2769
2 44 4635
6 41 862
5 54 1115
10 54 7599
6 65 9262
10 68 6488
8 32 6376
3 6 6055
1 76 2612
4 84 8158
4 35 227
9 10 8181
4 100 4991
3 22 3486
5 26 93
7 100 3978
8 26 3662
1 96 5895
5 54 3170
1 38 5824
8 27 1806
7 57 9336
10 53 7630
10 21 334
1 16 6092
9 3 6293
5 53 5697
1 51 2635
8 64 48
7 42 8355
3 40 3335
4 63 5743
1 95 8678
8 47 6948
4 2 1809
2 92 3860
7 93 7402
10 54 4704
8 16 8271
3 90 1096
3 83 1509
1 58 7106
9 41 5672
1 61 6944
8 79 3048
9 44 5198
7 88 5093
9 87 193
10 55 1268
3 77 8744
3 28 4108
7 72 3675
5 68 1103
7 22 2254
5 70 2124
1 2 6235
3 43 4655
9 31 4058
10 18 192
10 48 8964
4 46 3233
2 17 3640
3 20 5420
10 89 1670
6 55 6305
5 95 3560
5 81 5495
8 70 7359
4 29 634
7 96 8389
2 7 8539
6 43 561
1 94 569
7 94 7665
1 43 7133
5 24 1481
6 57 8852
7 16 3127
2 54 5642
7 66 3059
10 43 6031
6 28 9834
5 31 8940
2 53 5430
4 56 9251
1 19 1603
4 71 5589
9 94 5090
1 63 2931
10 29 1756
1 5 7673
3 53 5882
10 68 2474
5 7 5867
6 42 1821
7 26 1119
4 40 5844
10 71 8494
10 24 7085
4 85 475
5 99 800
4 57 5070
7 49 3038
7 41 9550
6 15 261
9 58 1202
9 97 9750
4 81 3754
5 98 7030
10 75 8445
1 37 1302
7 69 1531
7 98 8273
2 90 373
6 74 2736
1 75 9726
9 53 87
9 91 1624
5 52 2880
8 96 6864
1 16 8903
8 95 3479
2 22 1405
6 97 4566
9 54 365
9 72 6759
6 24 7271
2 93 4797
4 95 4833
2 42 6839
7 40 8747
4 20 6236
6 86 7682
2 77 4586
7 100 5706
1 71 870
4 7 4747
7 6 683
4 85 3341
4 86 1474
2 56 168
10 38 6065
9 7 7440
3 22 1071
10 3 5602
8 8 8720
8 6 1481
2 86 3655
10 65 1993
3 21 8458
6 76 9446
3 4 5016
2 88 6737
9 24 8564
6 47 2682
9 89 1375
2 46 6704
6 93 141
8 86 3009
2 88 8052
10 35 7869
2 64 216
1 81 8476
7 27 2908
3 35 7850
10 57 100
8 95 7929
2 76 8470
7 54 2334
10 13 7435
8 56 3735
5 87 5594
3 54 5335
3 91 1478
10 9 6616
2 95 6282
10 69 8175
1 75 5681
1 16 7281
7 69 671
3 9 4353
9 100 4965
2 100 4253
1 12 6105
3 94 5995
5 12 8924
2 22 2360
3 37 1439
2 36 2700
5 10 5065
4 36 2335
2 76 7182
10 96 4747
3 33 1711
10 3 2601
5 79 574
7 14 3665
7 81 2311
7 48 7290
10 54 9556
5 93 1054
8 60 673
8 27 4047
9 1 1291
3 78 6635
8 35 9580
2 31 3917
3 23 7092
9 94 3921
8 4 8094
3 35 9325
8 1 5941
10 65 6643
5 71 6257
5 35 2573
9 27 2281
10 79 4809
8 82 1519
2 20 9291
2 90 8784
4 30 4776
5 7 9345
10 10 8687
7 92 9234
6 75 7003
2 87 4800
9 87 2089
1 80 3751
2 45 4580
1 89 9955
10 99 8748
6 45 3507
4 46 9598
6 9 2816
3 13 2493
10 38 3628
2 38 9452
3 1 7369
2 69 8987
7 61 670
3 6 4052
2 48 4286
8 47 1186
9 96 9527
6 39 2481
4 36 9858
5 100 9314
1 35 8390
3 37 4301
4 3 2318
2 36 3326
10 60 5330
3 86 4007
5 83 7681
7 36 2835
10 75 2017
6 58 1094
3 97 5536
7 31 2722
6 19 36
10 70 9021
1 43 2527
1 35 6871
2 22 3615
4 53 2273
6 91 4466
4 33 2061
1 49 4148
7 23 4281
3 71 5526
3 46 9378
5 93 4473
3 100 7964
8 50 574
2 25 6504
10 87 6893
7 9 6530
7 60 2825
2 26 180
8 41 236
2 24 628
3 67 422
3 55 6692
1 70 932
6 79 4506
3 64 5129
4 97 9638
4 89 7762
6 56 9476
10 27 347
4 51 9858
3 75 8638
9 6 982
6 56 2205
6 11 220
9 23 4254
2 28 3593
3 42 9134
1 28 8977
1 10 2026
3 95 932
3 45 8953
3 32 5523
4 40 1616
7 52 5524
4 8 5438
1 4 1230
2 3 8001
2 43 9111
4 21 8261
3 5 7566
10 37 4568
10 34 4425
8 57 8145
10 42 7155
1 36 7004
9 16 9296
8 31 6809
2 24 6639
10 9 8308
1 83 7501
10 53 9249
1 58 1235
9 53 8460
10 71 8606
6 86 6899
3 89 1910
7 25 1154
4 17 2595
3 33 1973
1 51 9449
5 16 9883
6 37 4973
10 54 6772
10 70 6619
10 64 4390
9 96 66
6 89 5628
1 6 474
1 74 3439
3 47 2857
4 71 1588
10 64 8515
3 58 5545
8 81 6557
10 72 9554
6 88 829
5 38 2857
1 58 9400
9 44 8690
1 94 2292
4 72 8039
2 1 1398
7 75 9777
9 10 8914
5 80 4501
8 10 7674
2 68 572
9 93 4995
4 70 9072
8 21 7427
5 23 877
6 80 1081
6 13 6231
3 91 4276
5 12 7568
4 68 5277
9 95 9036
4 31 1700
5 59 5338
1 61 9267
10 65 2265
1 10 4960
1 13 4802
10 73 6160
9 58 3469
6 48 9621
9 32 6476
10 6 5948
8 64 2233
10 40 7817
4 36 2161
1 11 1757
1 62 4620
7 38 9029
10 26 921
4 78 5523
8 25 3569
2 19 8950
4 6 4875
6 60 1582
2 8 7018
3 6 1346
1 42 7255
1 49 9282
9 37 6520
2 19 4336
10 88 6575
4 61 6852
5 45 4056
8 23 1879
3 9 6160
7 88 3585
8 86 8426
8 45 1185
9 93 7846
6 62 9538
9 77 7689
4 49 3139
10 9 4629
2 5 4352
5 17 7858
2 52 3045
9 98 6852
10 34 9254
6 96 50
4 6 8738
1 55 1063
3 19 171
3 35 6973
1 31 9504
10 3 8137
3 11 7976
8 72 2614
6 83 3065
2 33 7408
9 12 9566
4 88 9816
10 54 1178
9 97 7123
4 82 3914
3 96 4538
1 27 496
7 14 936
5 65 2627
9 73 8361
6 9 7639
2 80 1259
2 20 4306
3 14 759
5 97 6782
3 9 4106
1 34 4233
5 80 7045
8 35 7758
7 14 1296
2 47 7346
2 73 4697
8 1 5517
7 55 4305
9 36 6498
9 34 1157
1 7 9620
7 47 63
10 82 8392
10 73 4635
6 83 5154
2 61 4561
8 59 8984
4 63 2559
5 34 2423
4 29 2583
8 69 6857
6 50 4975
4 11 1929
6 70 8286
8 98 1816
7 79 294
3 92 8436
3 54 9261
5 53 2027
5 39 8725
1 26 6631
6 68 8568
5 32 1930
9 85 4011
4 97 9768
5 46 4594
2 37 8813
5 51 5750
5 90 9585
7 84 5965
9 70 2271
6 18 5424
4 36 8782
3 16 7984
5 38 1286
8 69 6372
2 12 8539
7 3 6379
5 34 7011
9 64 7746
9 59 3095
10 55 8907
7 90 6559
8 57 8470
7 97 2913
5 94 2148
1 18 5626
3 31 7403
7 22 7085
1 15 5190
3 90 5136
4 74 575
10 47 5693
3 76 9129
4 11 1005
10 63 705
8 81 3809
10 45 8711
10 73 287
3 68 5415
9 37 9673
7 30 9242
10 37 6266
5 78 9440
4 25 8289
6 74 9315
9 54 5865
2 61 858
1 96 76
7 83 9548
6 6 7283
2 39 5633
9 83 1518
4 38 5491
9 1 4788
1 73 8704
4 12 2858
10 84 7418
3 56 6727
10 81 3944
6 25 5773
6 10 7977
4 32 7046
5 59 9090
10 74 7186
2 40 7270
1 82 7391
10 33 4135
3 19 8582
7 19 7590
2 84 1581
4 58 5700
8 51 920
3 71 2314
6 99 5655
6 65 9389
8 84 6766
7 50 4949
8 74 5073
6 46 5014
10 58 4498
4 79 7612
9 52 3727
10 1 4700
7 81 6388
8 34 4219
2 94 3966
2 88 1374
1 85 505
10 96 4532
7 62 4087
9 47 4562
6 53 3149
7 2 9652
2 24 6572
9 50 898
10 11 9725
1 82 9739
2 12 4746
10 69 1439
7 84 1705
7 95 5653
6 43 3358
4 55 8592
2 63 9843
10 74 2854
10 76 2278
5 57 3339
5 1 5161
7 45 7760
7 21 4239
1 98 9514
1 13 8253
6 95 1059
6 95 530
1 13 5906
9 2 6969
6 31 525
4 55 7148
1 46 2169
10 7 3557
9 51 6669
5 91 7923
5 33 4471
8 28 2093
1 72 6787
8 94 9282
5 47 8331
7 19 6937
9 22 5227
5 38 9341
7 69 5789
6 33 511
1 28 1986
9 17 2149
2 49 5777
4 52 9597
5 89 4281
4 23 7740
6 49 6485
1 56 596
2 4 3141
7 32 5585
2 52 9503
6 84 844
5 77 7837
6 97 834
1 59 7863
3 8 6517
5 72 684
3 70 5339
10 90 3138
8 56 832
2 87 93
5 28 307
9 56 8985
2 61 6168
9 29 131
4 97 8711
1 52 5840
1 57 1429
6 100 4574
9 74 4347
5 53 5639
6 46 4372
9 54 2939
9 14 8472
4 94 4944
2 82 6903
4 4 225
8 5 5065
10 9 2981
6 33 2344
10 61 5032
8 15 1616
3 79 7490
1 72 3302
10 18 681
10 74 6889
9 22 1788
6 23 575
2 76 5204
10 87 7132
3 72 2033
2 87 9611
4 41 7173
2 85 4741
2 88 4151
4 73 256
10 42 843
4 83 4348
3 5 7665
10 100 4917
1 68 5021
4 41 6914
9 38 6426
10 74 4966
10 13 2632
2 99 8950
1 24 4023
10 10 1237
1 62 9919
8 80 475
1 59 287
5 1 9669
4 22 1239
5 4 6467
4 98 589
8 15 929
7 14 3164
5 89 3593
9 30 1426
7 46 5919
4 44 2890
7 43 7550
8 43 1815
1 3 2021
9 51 5920
1 19 4471
8 31 2164
5 27 310
3 62 8000
9 93 4121
4 26 6852
10 65 8653
3 66 2112
10 97 8586
5 39 9722
7 45 7213
10 79 4332
3 96 4513
2 80 500
8 45 3958
1 31 2358
5 66 1112
4 52 7744
10 63 44
3 84 4174
3 71 6734
10 91 4661
9 6 3543
2 37 9549
2 31 7008
7 64 3173
4 13 5045
2 3 368
6 9 8489
1 77 100
6 38 2381
2 60 961
2 24 4170
9 81 2393
5 20 4778
8 4 4359
8 67 160
5 16 1736
7 40 132
7 70 9905
4 63 2135
1 2 2261
10 18 8353
4 71 5141
4 79 5689
9 48 8582
4 46 6226
9 58 3820
2 86 3095
3 5 511
9 86 5202
2 40 8462
9 7 6637
1 36 3077
3 81 2368
9 25 1830
4 42 9282
2 8 5024
8 65 2163
9 22 7889
9 58 9998
6 48 4466
3 96 2575
9 84 600
4 18 7215
4 94 9184
9 87 2143
3 34 1980
8 97 3275
9 14 9760
8 17 2565
7 71 9760
9 29 6749
6 31 8942
4 92 3572
7 73 4170
5 14 7607
2 69 3667
5 25 3916
5 62 6303
2 80 242
2 45 6373
4 29 1697
6 40 1892
8 3 3355
2 35 8836
6 69 4427
8 98 284
3 2 17
6 78 8556
3 42 7932
8 6 2482
8 29 6997
6 30 3966
6 10 2043
8 12 3878
5 11 1850
4 11 2984
2 6 9796
9 2 2877
1 74 7717
10 42 4441
4 54 4323
10 42 3137
1 9 6891
3 90 5316
8 30 5557
4 47 8264
7 65 8157
5 26 9425
2 14 8491
8 16 2509
2 97 3717
3 33 7758
6 5 2383
10 80 6056
9 16 8294
8 55 5279
1 4 1451
4 26 6555
2 51 7197
3 5 3010
9 25 3988
4 13 6586
3 28 3521
3 91 2199
9 91 4955
8 43 7701
9 38 77
8 23 6203
2 28 7833
2 16 2673
7 44 6857
10 85 3546
4 44 5649
6 9 6758
3 51 9079
8 12 4637
3 97 3140
9 5 9418
2 27 5856
2 55 9587
7 58 5303
8 22 9662
6 19 6727
3 96 8903
3 84 6167
1 93 5370
3 54 2507
1 38 8201
9 51 558
9 93 3490
2 24 6465
4 40 4314
1 46 7882
1 10 3661
6 61 3007
9 12 5534
5 48 9346
1 16 2060
7 19 8418
4 20 5378
1 31 2639
4 57 2032
1 44 2676
5 30 2173
2 46 5044
7 26 529
3 53 5743
7 64 2938
7 38 8123
5 96 8627
1 19 9761
9 65 659
8 66 5503
2 19 7394
7 36 2989
9 34 90
3 75 1589
10 53 3248
10 62 5185
6 67 7431
7 10 436
4 26 8857
2 12 1310
5 93 1374
6 30 930
6 65 7594
3 16 5719
3 48 575
9 7 7521
8 64 5429
8 40 4403
2 32 8080
10 14 7629
1 70 9074
1 84 7093
6 12 5559
1 50 2489
4 11 6102
8 5 9482
6 63 8747
8 52 3056
7 39 1149
9 27 5214
2 70 4625
3 42 3494
7 63 8431
6 43 6051
7 98 3017
1 52 7179
7 36 4780
1 9 9984
6 68 4684
10 5 8006
8 93 9798
9 53 9755
2 89 2443
10 1 9652
7 91 3933
2 95 4212
10 29 1561
3 5 4680
5 92 2685
4 1 5953
8 10 2166
9 25 7432
6 43 2019
10 78 6703
6 15 212
9 39 6666
5 35 4175
2 60 221
6 31 1225
2 9 3912
2 22 9707
3 77 1979
2 23 5998
2 1 6174
9 14 6693
10 33 7248
9 45 1520
10 53 4801
1 73 8799
10 95 1379
8 98 3314
7 89 3436
3 83 8558
10 63 3555
10 26 5671
4 39 5601
8 36 4881
8 73 8854
4 58 5367
8 70 8503
10 73 8478
9 25 875
3 30 3256
9 55 9617
7 73 6970
1 46 2611
6 80 5412
5 96 6460
3 60 1644
5 36 6061
5 21 1348
10 25 3639
1 81 517
9 28 3470
1 7 8041
4 20 3625
7 41 8769
9 87 9605
5 82 4030
6 83 2769
2 55 5316
4 76 8899
2 95 262
9 78 4093
1 16 1778
6 86 5293
4 99 9277
8 40 2057
4 82 6584
8 70 1828
10 77 175
6 70 3949
7 72 1084
3 54 1702
5 82 8332
3 57 9570
9 71 7367
8 15 7601
2 46 4771
5 28 2813
7 5 9188
7 50 2903
6 45 6978
1 65 3858
6 80 8493
1 87 9599
4 18 4613
3 81 2271
2 42 8518
5 42 6741
4 2 2986
1 10 2181
4 25 7023
6 29 1392
9 17 634
8 3 9896
1 59 3506
3 91 6945
10 83 2964
2 12 8034
2 3 4493
3 44 146
3 74 7583
10 100 6565
10 29 7921
7 95 8207
6 73 796
1 2 5982
1 72 5796
9 33 8074
3 82 2998
9 38 5071
3 65 4694
2 89 4425
8 91 7344
6 9 2492
4 57 9059
3 79 9973
2 41 406
6 82 7175
8 56 1531
8 67 3085
10 4 6690
1 38 8247
9 52 2505
1 68 293
5 85 9319
4 15 9074
3 44 4746
4 43 8889
4 93 2636
9 12 569
5 64 9911
5 9 9239
8 14 8392
4 27 1832
10 43 5605
9 93 8031
8 16 6294
1 51 4933
10 56 9567
5 96 5570
7 12 9656
10 53 8219
5 79 4647
2 59 6523
9 88 94
10 90 680
7 22 2241
8 90 34
8 66 9171
9 81 9644
9 96 8002
10 3 5362
3 32 4389
5 73 9399
4 63 7561
1 26 1571
5 91 7403
2 48 6376
8 5 2859
2 34 2722
2 62 4289
9 73 9042
2 11 9563
4 60 6699
8 91 7774
8 76 2381
6 28 6222
2 1 6477
6 65 5804
3 85 6364
4 6 492
6 65 4187
4 40 223
5 4 1638
7 11 5879
2 6 1119
4 97 8573
10 42 2691
8 44 333
6 42 8465
2 73 2119
4 88 6555
3 87 8455
3 79 4258
9 18 9114
10 68 8087
4 64 5024
3 7 7690
8 80 1907
6 14 855
1 88 7495
10 63 121
5 100 2111
1 65 868
9 24 7249
4 31 1429
2 76 2308
5 58 4153
3 58 2770
2 57 2923
5 77 7151
10 71 4495
8 22 915
9 77 163
2 22 6946
1 91 4100
8 20 5336
2 47 9725
3 73 4482
1 57 5174
5 87 7306
6 54 3124
8 79 7352
3 6 5530
10 2 1338
5 20 4606
4 15 7600
8 41 5501
7 85 5358
3 13 7506
4 60 5461
2 22 7747
3 17 5614
6 59 5687
3 17 4294
10 44 4995
9 93 3116
5 80 9777
6 59 1639
7 57 3218
1 57 3181
4 87 2930
10 56 3857
3 64 4364
10 88 4484
6 10 7065
10 1 1130
9 82 5289
4 23 2242
10 1 4997
6 58 9212
10 70 8987
5 80 7717
2 58 2476
8 46 5640
1 47 8178
8 14 5404
3 19 629
5 42 700
4 56 530
10 76 5524
1 39 7505
1 82 7225
5 4 5267
6 2 1506
7 33 7051
8 10 4907
8 37 9822
6 55 9012
3 63 2570
6 69 6068
8 41 2166
9 75 6761
7 29 8820
5 68 5069
4 27 756
3 92 9234
1 4 8711
10 30 7070
9 46 6922
3 82 8297
7 19 5666
8 52 8054
1 76 5222
2 6 4984
5 82 5800
5 1 2824
7 55 7627
6 66 736
9 20 640
2 18 5343
7 4 3933
5 68 9800
9 54 1138
1 17 893
10 75 5737
2 54 5746
1 13 1796
3 49 3780
4 69 5474
6 20 8531
10 10 3222
10 24 9725
10 61 3022
1 23 1058
8 7 1058
9 52 7633
3 92 3733
7 59 2118
3 59 6660
4 64 1122
5 6 858
4 39 3348
4 38 9331
8 56 2165
10 42 3497
5 31 6426
4 99 4596
3 79 6977
7 70 8804
7 85 2075
7 54 7757
6 43 1189
4 82 1787
3 2 4359
2 76 7304
6 50 8368
3 17 9002
10 42 9687
3 89 1089
9 32 7196
1 91 4092
4 8 4121
9 98 8120
2 40 3554
10 29 7894
9 73 3215
4 64 1507
2 59 7423
2 91 8600
10 85 2293
3 75 6400
8 49 7023
8 8 960
6 12 4898
2 19 904
3 39 9712
5 54 6349
9 91 182
10 70 3569
9 56 3833
2 75 4211
2 5 4720
6 21 9632
6 22 3570
8 89 8446
7 18 9980
1 55 7688
9 32 5505
6 56 2316
1 92 9121
1 72 2790
9 74 7425
8 21 3213
6 74 5847
1 60 5401
5 12 556
3 44 2464
4 7 4378
5 67 6979
9 49 2727
10 94 2166
7 39 1943
1 84 896
9 61 4723
1 100 6141
7 71 1052
10 39 2366
10 53 8039
4 66 2827
7 73 980
8 88 6243
3 74 7102
10 58 4809
1 12 2317
2 24 8488
7 22 5984
2 1 3250
6 60 1111
9 88 5756
2 33 8891
1 90 4183
10 43 2954
8 86 8754
5 76 6555
4 100 314
8 85 2169
3 57 8032
2 52 1444
3 2 2839
8 86 8990
9 87 2526
10 42 5579
10 91 1726
9 69 4756
2 39 5736
2 66 8954
5 97 2749
10 99 7451
6 32 4786
5 16 7041
1 67 5867
7 82 4159
3 70 8629
8 16 7094
1 47 6873
6 26 3242
9 78 6496
5 36 307
3 40 1811
5 100 7792
1 21 2506
3 68 1889
5 30 7167
9 85 8948
2 39 5884
6 33 324
1 38 6727
4 35 762
9 100 4632
8 6 6851
10 72 6642
1 59 7137
6 38 2701
3 8 3986
5 75 4902
4 4 8971
2 59 3084
1 13 9470
4 15 6313
4 30 8517
8 43 1881
4 65 5471
10 44 3312
6 19 4616
3 24 1303
4 55 1769
5 62 1752
2 4 4228
1 52 598
3 47 4344
10 11 1785
1 13 4594
9 62 8437
3 1 5483
4 1 7883
5 44 2653
1 46 5154
6 48 7654
5 97 7367
3 61 2114
5 97 9061
9 59 33
1 80 2469
7 52 1884
7 78 6601
2 2 4150
7 1 3847
7 78 3355
10 71 9963
2 23 2840
3 80 4278
4 35 4976
7 4 3137
8 100 585
9 42 3074
5 20 8336
10 56 1393
6 66 1257
9 2 5983
9 71 4628
3 24 9740
1 22 7465
7 69 329
2 95 5427
3 47 1159
2 8 3240
10 81 2310
1 26 3843
8 29 9948
5 48 4913
8 6 1934
8 36 3292
9 64 4058
2 12 7967
6 97 289
8 14 8637
10 7 235
4 2 9622
2 62 9728
6 15 8642
6 65 5639
10 91 1006
4 64 4267
3 20 7677
9 53 6465
6 25 6763
8 16 9060
6 58 3220
2 7 4794
5 44 7823
8 13 5091
3 93 1723
6 4 3029
6 31 321
1 35 6666
3 85 7674
3 4 8009
6 27 8583
6 56 2233
5 76 2506
2 20 9864
7 85 2553
6 50 5633
2 38 7870
1 37 4999
8 79 2809
4 95 5573
1 4 188
8 79 1678
2 56 7148
10 96 97
2 2 4869
9 78 2594
9 40 1487
2 20 3975
2 44 5109
10 24 7101
3 80 2152
1 67 7261
6 99 7790
7 33 99
10 96 1443
10 10 2332
5 38 3560
9 27 3403
10 51 2985
2 48 7560
6 1 8723
8 47 1058
7 6 9297
1 8 611
9 21 2447
10 45 4938
4 71 5996
3 70 1577
4 24 983
9 6 3270
4 6 9013
4 25 1675
9 9 5155
2 64 6177
5 24 5479
3 71 313
3 74 5066
4 83 1579
4 22 2104
3 77 1457
2 33 5418
2 7 850
4 46 7068
9 11 8716
5 53 6591
4 40 9759
1 97 2855
5 76 3092
9 27 5718
5 4 3842
8 96 6459
3 10 8661
10 75 2437
7 12 9398
6 23 6750
7 6 9118
3 85 6007
8 55 4652
2 5 9575
3 43 7659
1 97 3468
6 48 6199
7 44 861
7 5 9359
9 19 5389
10 13 7773
5 30 9726
4 90 8258
7 14 9742
7 69 8906
1 32 8725
1 72 6982
9 65 9599
4 42 9924
2 43 6980
10 68 5796
5 78 4995
5 14 5693
1 14 6676
9 76 6463
9 84 4546
1 24 9951
8 50 1477
1 25 3520
5 64 8897
10 97 9331
6 54 7083
2 34 9152
1 29 5211
1 81 2445
8 83 6737
10 22 2544
1 49 9019
9 92 4848
9 16 4327
3 95 6318
9 41 6525
9 45 7119
5 1 286
8 10 71
2 30 6688
3 59 7378
10 88 4350
4 75 803
4 39 6586
8 53 7718
1 88 2095
7 49 3446
2 4 6652
1 62 7542
2 42 6608
7 62 7602
4 40 2868
5 1 9441
5 83 180
5 88 7588
1 15 4050
6 94 6586
8 80 2790
7 39 2384
1 80 1323
10 91 1959
5 85 4811
6 26 58
5 32 7845
10 8 6067
10 50 8685
10 53 884
4 38 863
8 16 6769
3 28 1073
3 52 4018
5 95 4787
3 32 7914
7 73 9802
1 17 4662
3 1 49
6 18 5352
6 62 1982
5 80 3677
7 85 4229
3 21 7609
7 34 4563
10 19 4809
1 34 7980
1 95 9519
4 41 9663
4 18 3397
7 76 9713
10 4 6078
10 95 8710
3 61 1341
7 34 6787
6 25 5214
10 14 6883
7 86 8717
4 55 4147
9 40 5808
1 8 2160
4 82 6479
1 61 9820
1 43 7358
6 93 9893
10 31 7818
1 9 1439
9 69 6597
8 52 9388
1 29 8307
3 94 8365
8 46 1917
6 82 8013
7 80 9762
10 94 5600
8 7 8017
10 88 3101
8 88 3310
9 8 3013
6 40 8413
1 38 6142
7 47 7287
4 30 1233
8 30 4840
9 90 3878
5 77 9135
8 16 5929
5 40 1936
4 68 5081
8 22 7597
10 80 7649
9 51 1136
3 67 4564
10 60 2583
10 7 8661
1 25 2621
5 30 6900
10 42 1576
3 20 1231
9 67 3240
4 4 2516
7 16 44
8 79 785
5 34 8350
1 49 3872
6 88 5781
7 11 502
2 69 9858
8 51 871
6 48 1124
8 37 9982
3 58 6636
6 76 5182
9 4 5591
8 54 7329
4 85 5862
4 71 667
10 9 1106
2 25 9377
8 65 1977
7 35 8024
7 56 1395
3 20 322
3 17 363
3 63 2956
6 65 2845
4 12 8514
10 13 2973
4 15 5554
2 24 1539
7 29 1263
9 14 4319
4 8 9110
4 44 7747
4 40 488
7 85 5219
3 9 976
1 77 1775
5 64 6506
2 67 5579
1 69 6011
8 51 6365
8 27 6309
10 73 6367
4 35 6430
3 62 9226
7 6 8620
2 100 5323
10 6 136
5 27 5995
10 70 9741
3 97 5281
7 26 4096
1 98 8315
9 83 7991
3 60 5606
5 37 5007
10 49 8370
6 74 4425
9 53 2099
2 61 1551
8 8 1250
5 51 7759
3 42 4468
9 8 2448
2 36 263
8 77 7282
7 10 7538
1 44 8529
6 32 4151
8 16 4134
2 56 6674
10 88 4033
8 55 5787
1 41 4492
6 36 6783
4 100 9903
6 65 6570
2 45 5247
5 93 3950
8 97 3457
8 21 5192
4 18 632
10 62 4931
6 43 3
10 34 1299
8 11 850
2 74 3835
9 77 8222
4 18 8584
4 9 8370
4 28 1714
10 1 5718
10 30 32
2 28 6005
4 46 1123
1 94 6758
10 43 5067
4 6 6879
2 11 7604
3 25 6825
7 26 5980
10 99 1742
8 76 3670
2 26 350
3 70 3592
7 69 4237
6 36 4371
10 16 9908
10 31 9515
8 32 6172
5 96 1094
2 87 8657
8 65 3546
5 9 6922
8 11 4804
10 72 1660
2 38 4998
9 94 4776
4 15 5890
6 37 3138
4 37 8098
3 62 5361
2 11 5097
8 11 7613
4 44 628
7 6 2768
3 47 3105
10 71 9140
1 37 9685
10 55 571
4 87 6778
10 3 74
7 10 7870
9 13 8569
3 70 5677
5 62 9377
10 71 4424
9 53 5342
8 53 1190
8 29 6047
10 91 9490
8 25 5567
1 78 4715
4 58 6781
3 97 2359
6 57 7569
3 79 6952
9 86 1610
3 32 9523
6 9 3033
8 54 3123
9 30 8703
8 78 1880
2 19 7992
8 66 3894
1 62 4162
5 19 7225
7 55 5495
3 16 211
3 82 9034
2 78 3954
5 87 8792
2 5 8428
5 14 4931
3 68 2684
6 58 1860
6 52 9663
5 44 3525
9 4 2579
2 88 9891
2 8 999
8 22 9723
5 42 281
2 67 8355
4 79 3037
8 85 5081
4 61 6420
10 43 7682
1 51 8355
7 45 5492
8 31 7039
5 98 100
8 41 3124
5 30 8521
8 15 5165
2 11 3056
8 23 2422
2 71 5504
8 67 3846
7 86 9191
10 76 4561
4 96 4137
9 10 6042
4 72 628
9 90 2448
6 82 2674
8 79 3346
3 41 6293
9 31 8619
3 59 9933
4 45 9881
3 8 7710
8 15 6882
8 1 1855
7 67 462
1 31 8534
4 30 9439
4 80 280
3 7 1689
1 94 5847
6 44 8671
4 74 7535
4 78 4240
3 66 2507
2 67 8523
3 34 8470
2 66 7395
3 71 6912
4 59 1524
1 55 32
10 56 9330
9 42 4101
7 88 729
1 58 4109
5 93 5931
9 34 3978
9 8 7147
10 67 589
5 25 2719
1 64 5009
6 1 8838
9 33 9265
9 72 7441
3 76 4328
9 69 5716
2 28 8542
6 48 1523
2 16 179
3 90 3390
5 96 7736
5 3 9367
6 1 1299
7 98 3934
1 49 1084
1 99 1187
9 99 3787
8 35 4701
7 30 6160
6 42 5421
2 58 3097
9 55 2875
1 73 3652
6 60 1368
4 8 5862
2 76 17
7 85 9595
9 24 5616
9 51 8765
7 14 6619
2 6 7522
1 87 6158
3 95 7
2 11 3126
3 69 8363
7 33 2380
3 81 8731
8 2 1813
10 99 3479
8 92 1450
10 38 6957
1 20 6856
8 82 1747
4 78 2213
1 53 1082
7 94 5142
8 89 2823
6 68 4208
6 31 3821
7 24 9353
9 60 269
8 6 6938
10 23 6191
9 47 3721
5 7 4532
8 35 6337
10 30 999
5 11 1031
10 8 3399
2 57 3017
9 70 1925
10 1 2496
2 19 412
1 61 3870
5 12 2202
10 46 6594
8 87 2606
2 61 4757
8 85 6352
9 15 4465
5 82 781
9 26 8291
10 76 7917
5 4 3945
3 6 7706
2 100 2782
3 27 8597
9 28 9996
3 52 3347
6 68 725
4 23 1974
2 24 5979
5 57 354
7 64 4148
10 64 4885
9 77 8387
10 100 6941
9 38 6910
2 29 482
4 92 3938
9 95 7645
6 70 9050
5 59 6705
4 39 2704
4 68 8825
5 90 4780
3 69 476
3 32 4910
7 30 4565
9 10 8497
7 38 8573
6 91 8782
2 72 3336
4 74 7855
8 24 9270
2 3 1656
2 71 4767
7 77 9598
4 58 4315
10 89 3226
7 84 9175
7 21 4426
8 11 9026
9 21 8966
5 29 9458
6 34 1477
3 74 3325
8 4 4050
2 50 3044
5 73 2790
10 16 8584
10 99 7172
4 12 6444
2 90 368
4 35 8159
7 27 306
9 7 2337
8 23 6956
10 63 9280
9 44 2549
5 62 6744
3 40 9595
5 17 6308
2 83 2575
10 25 4410
3 97 8980
1 45 6187
7 37 6979
1 22 2492
8 49 1335
4 66 1223
6 34 7204
1 34 6208
1 28 3594
9 6 3981
7 82 4028
3 8 4793
6 34 8431
2 37 3975
4 28 8782
8 99 8947
9 15 7574
6 10 963
8 21 2154
5 79 3932
4 31 250
9 20 2631
8 42 2522
5 65 7559
1 29 6981
8 74 3153
10 72 3788
6 66 1263
8 21 6635
10 3 3846
7 27 4458
6 13 5724
7 93 2771
4 11 6463
7 25 1927
4 75 5303
8 58 8915
6 45 9431
2 20 6121
4 55 647
9 91 3284
6 39 2325
9 11 7052
5 78 7085
1 24 4888
3 80 5177
10 55 8030
4 46 6484
6 72 2214
5 61 1940
1 17 1702
4 9 1070
4 66 1575
6 34 9823
4 88 4724
4 7 8716
3 92 9892
3 88 3874
10 72 7486
2 90 6351
7 9 8946
3 31 1098
4 55 4986
8 94 9588
1 100 1840
2 15 3757
10 100 5581
9 64 7410
3 65 183
6 83 6939
1 70 8314
2 93 3557
3 94 5225
3 67 6839
4 5 831
4 14 6089
10 22 3826
5 22 3336
2 44 5316
3 54 2143
1 61 1211
2 47 7343
6 31 7841
9 85 1962
8 10 7953
5 59 2170
6 90 9231
9 32 2114
3 73 5098
1 52 927
4 81 4572
8 40 9908
7 44 9986
7 21 7984
6 68 2971
1 32 2112
2 66 6362
3 3 9368
6 72 8673
8 67 2269
6 66 28
5 93 8411
8 86 9850
5 89 459
9 41 2543
9 9 9629
9 34 7276
4 21 5712
5 34 2847
9 20 7441
5 48 2777
4 3 4161
1 99 1547
1 15 6212
8 70 2070
9 91 9226
7 1 7027
7 27 3187
5 4 8436
7 41 6600
6 24 4812
6 12 957
8 62 7042
3 67 2732
6 19 5387
8 25 9036
6 32 4353
9 14 4944
3 83 7272
4 19 6596
8 54 9800
3 77 6710
9 17 9322
6 92 2218
3 9 8862
1 51 9621
8 29 2529
5 24 5224
8 69 2269
5 9 7614
8 32 4490
1 84 3234
1 60 314
9 67 6638
7 28 1569
3 92 264
9 40 4689
3 12 8509
4 10 3525
8 20 8573
7 42 3538
8 94 5581
6 44 4528
5 75 7367
3 8 5431
8 77 3107
2 21 2325
6 77 911
2 95 2195
3 56 8720
1 41 5280
7 76 5220
2 64 1470
9 32 6698
5 93 3357
8 91 8339
6 63 3075
9 2 5002
2 69 8264
10 1 9936
8 81 8581
10 11 4783
1 56 6703
4 87 1896
5 35 8448
6 33 6444
1 76 9749
1 12 2407
10 81 2738
8 41 8808
8 7 1424
4 44 1533
2 5 8403
1 66 3256
1 60 6983
9 11 9513
6 78 6178
6 33 7944
9 25 2685
5 57 8716
1 19 7577
3 8 3987
7 68 1490
2 99 1091
9 94 2706
2 64 356
4 72 9368
4 28 2767
4 21 2154
7 62 9619
2 59 9363
6 67 875
9 79 5977
5 68 4261
6 71 9682
7 84 6572
8 19 3200
3 44 6062
6 31 8805
5 83 935
5 28 100
1 84 3529
9 43 148
2 34 1435
4 82 1534
5 90 7911
9 98 8782
4 87 7398
3 20 9172
2 84 3455
9 2 9584
9 41 166
4 34 8991
9 63 5678
6 87 3220
7 48 7000
10 46 2638
1 1 6779
9 97 3193
9 49 7829
7 94 1921
9 23 6890
4 19 4386
8 45 7
9 60 2775
9 81 8825
9 10 9220
10 2 3165
1 26 5325
6 64 9740
3 73 9655
3 38 9198
6 58 6437
2 15 5734
5 20 3547
1 7 7550
6 89 6958
1 11 4875
5 88 7036
5 69 9670
6 66 9294
6 49 6089
6 42 9500
6 100 2304
9 33 800
1 25 4955
6 85 8171
8 27 8647
10 99 4753
5 71 8650
3 98 5284
10 77 6079
6 57 7405
7 28 5668
6 43 7697
8 52 7073
10 57 1502
3 20 9228
4 50 449
1 29 2842
10 45 3178
7 39 3702
2 43 802
8 68 9014
1 25 4355
7 97 3254
7 66 4131
5 75 7340
10 71 3381
4 1 68
5 76 2424
2 46 2417
6 91 2640
10 90 5847
1 56 5936
7 54 3472
8 80 6239
1 58 5728
6 74 8494
9 92 7282
6 67 6210
1 52 5574
1 16 7041
6 70 5800
8 70 6577
8 48 5515
6 100 1850
7 29 6682
2 100 9105
9 33 3846
5 31 9577
7 66 6473
6 89 6177
9 72 1854
10 67 9312
7 59 7727
6 88 8192
9 45 5185
9 93 7751
1 64 9982
10 2 7157
3 23 8398
5 25 9115
8 3 5465
5 71 8392
5 17 8692
5 57 4409
1 6 9438
1 12 2181
1 53 9995
7 56 338
5 52 8183
4 90 9180
1 23 8119
4 18 1527
10 16 8068
10 65 3687
4 88 2660
8 3 4099
10 56 1363
3 61 9080
5 9 1063
2 29 4453
4 72 51
1 34 4135
8 88 1669
1 1 335
4 96 3298
7 94 8049
2 9 2493
7 97 2770
2 15 6956
4 19 7146
9 77 4421
5 32 4892
7 13 6569
2 3 4614
10 26 5315
3 80 6318
8 87 6034
2 75 5307
6 90 3233
3 69 7920
2 41 3732
7 90 6573
10 40 4837
3 50 9706
9 91 4684
9 33 8695
4 100 7749
7 54 6866
1 96 9506
1 7 7366
6 45 7115
2 53 2051
4 25 8115
6 27 5326
4 4 2705
7 60 3760
4 31 8475
7 28 2909
2 34 2814
8 37 2343
1 79 1141
5 94 1296
1 73 5259
8 85 7998
5 27 8504
5 21 3963
9 45 6193
3 77 9377
7 81 8247
2 8 4644
6 15 3305
5 37 6516
10 22 6463
7 26 4823
7 53 9420
9 59 9593
10 24 5278
2 12 6577
6 85 1958
7 96 7485
9 73 6431
8 99 670
7 71 3516
10 59 2355
1 87 7142
3 39 6542
10 14 8497
9 62 4230
1 54 6319
10 54 7447
1 89 3740
3 68 6189
10 12 2352
10 11 7251
5 91 1170
5 9 2826
9 71 8342
10 24 9629
1 100 727
2 48 4869
5 39 670
1 39 4430
6 19 9105
7 17 2904
4 86 7773
3 75 7339
6 54 8642
3 40 5982
9 78 3128
3 46 910
3 26 9407
9 95 2957
1 50 6480
7 58 1136
6 78 5653
8 33 1599
5 84 7741
9 33 7287
8 21 6100
6 31 954
8 95 6156
3 29 7685
2 69 199
8 96 1726
9 55 4539
3 49 2455
5 99 2069
10 56 7358
9 20 7606
7 43 3121
10 64 9558
4 40 3652
1 15 4019
4 80 4039
8 57 7669
6 95 4791
5 24 9892
3 69 1365
9 91 5529
1 74 6727
10 91 4179
8 72 7418
6 32 5159
6 17 2886
3 73 2789
1 62 5901
7 52 8569
10 12 1120
6 31 2500
7 45 1616
8 49 9183
3 43 807
1 83 8704
7 79 4541
6 26 9085
7 12 3460
10 20 7202
8 9 6919
4 38 3206
4 15 9662
3 80 2291
9 7 4138
6 74 863
6 68 6770
7 24 1651
5 78 8672
6 44 1195
10 94 9846
10 51 7983
4 95 176
2 9 6221
7 16 7855
2 8 6152
9 13 3440
5 33 2894
9 54 2272
1 76 8763
8 62 7706
5 95 5893
2 83 9047
9 5 363
7 51 5427
1 23 4295
2 29 9841
10 45 5159
1 65 746
9 98 9286
2 83 7279
1 64 5546
2 32 938
5 33 4165
3 25 9505
2 75 9633
6 11 2318
7 95 9602
5 30 8178
2 69 6105
1 88 6453
8 32 9206
2 44 9521
7 53 5681
3 40 6656
2 36 3523
2 27 3685
5 49 5145
1 32 3353
4 27 8294
4 50 18
1 60 355
8 3 1799
2 96 2327
9 36 145
4 81 9438
3 98 5071
7 26 7924
10 4 5285
6 63 7220
1 40 8844
8 41 5711
4 49 1571
5 26 1639
6 81 5013
8 77 8363
5 12 5755
4 68 3919
10 75 6301
8 37 5
8 52 9376
8 13 8114
1 12 7061
6 78 1853
3 25 7910
1 38 6078
1 84 8224
1 25 7823
6 82 2252
1 87 1053
1 26 4001
9 91 4443
10 38 1284
6 80 8020
7 12 644
9 3 9706
7 50 6333
5 82 4260
8 11 8647
1 86 3599
8 52 76
2 55 1962
7 35 5398
2 27 2464
2 2 1090
7 88 3082
9 34 8256
7 73 3780
6 50 968
10 19 7842
1 77 7006
4 27 9806
2 41 3997
1 60 5691
7 40 8511
2 81 206
6 66 5622
9 1 1039
3 53 2539
10 89 857
5 26 4065
9 48 4096
3 26 6302
6 15 2833
2 87 8377
7 62 8577
9 35 4723
2 31 5347
7 61 6687
10 63 5855
2 81 5952
4 36 9163
10 84 6228
4 4 5816
6 75 1849
8 70 8220
1 93 7268
9 85 3556
6 30 7514
8 32 7474
7 31 3186
10 98 8383
7 26 9364
2 32 4063
7 70 1720
9 47 6783
1 49 4934
1 90 6066
2 84 5539
8 29 7745
7 34 9354
7 62 3671
5 47 9032
2 28 8023
8 52 3415
6 95 851
6 3 1492
5 13 2967
4 18 1868
2 71 3007
8 80 2186
5 56 9163
9 35 2858
9 13 9294
4 3 1104
8 34 7071
10 10 3265
3 23 818
3 53 1115
2 46 184
9 42 4403
7 73 4265
10 97 2113
2 24 9360
5 72 7416
10 35 6031
6 95 3196
7 61 2520
6 56 3755
5 9 5438
3 63 8668
8 7 7748
5 30 710
1 12 1111
2 56 2775
8 74 3352
4 62 1929
4 68 3691
6 73 3017
1 89 5167
4 10 1064
10 47 7054
7 86 1735
6 43 2981
6 48 4078
2 5 8595
9 9 3471
10 54 7758
1 91 2681
7 10 3225
1 45 538
1 43 1050
10 94 2021
7 39 2874
6 82 8581
2 3 1314
5 91 1960
1 5 2062
8 94 4789
5 89 2039
7 68 313
5 53 7742
9 70 1218
1 81 1491
1 60 9015
3 95 4077
8 72 5152
5 38 7334
10 92 5416
4 89 9042
9 64 7135
4 50 3574
4 39 239
9 21 2543
5 11 8429
10 46 918
5 93 9584
10 17 6777
7 23 6116
9 25 3302
10 21 6424
6 66 5173
4 82 5904
4 20 4316
3 14 7457
7 3 7428
4 38 2995
5 85 4375
6 74 5592
1 42 2574
6 73 6269
4 20 7385
5 41 3991
7 28 7289
10 38 5365
2 95 6375
10 12 9864
7 59 7084
10 93 4897
2 14 8845
8 75 1807
6 79 7299
9 71 659
8 29 9929
2 56 1314
2 67 9295
7 73 2144
6 44 9770
5 46 7716
1 20 8844
4 35 1616
8 45 9768
5 57 1317
2 99 3567
5 30 7546
4 57 4611
6 78 6279
1 16 3734
6 40 1684
7 34 4518
10 61 3131
5 87 2672
7 84 372
4 20 644
10 16 2388
5 91 8097
1 83 2968
6 37 1794
5 25 7549
4 99 8379
1 59 7170
2 33 7014
7 65 9022
10 71 6562
8 5 5491
2 26 7158
5 6 7250
2 24 7884
8 2 9154
2 4 5814
6 9 1061
1 61 1070
4 35 9336
8 1 90
10 29 57
4 7 8694
4 99 4587
7 89 591
5 86 3173
1 67 2289
4 1 3789
4 78 220
1 82 8040
6 15 2530
6 76 693
3 53 4613
4 78 324
6 60 3212
10 42 6174
2 91 2374
8 7 1773
10 33 6195
1 22 9731
2 19 5887
3 79 1636
3 49 303
3 74 3689
2 79 6021
8 29 8703
9 65 1554
4 77 7408
3 84 7487
1 39 5491
4 72 9182
5 22 5772
8 20 6640
6 82 1164
8 22 3837
9 56 5162
2 38 8755
3 87 6987
10 51 3084
10 77 2185
10 70 8992
7 37 8102
7 89 1951
7 53 501
5 54 4033
4 94 1367
4 36 3704
6 72 5242
10 3 524
4 73 739
1 26 3470
10 22 3704
7 15 8565
8 82 1065
8 73 3271
10 65 7651
10 40 9649
7 21 9793
9 97 2280
10 70 5562
5 65 8440
5 78 5304
3 24 6375
1 8 1841
2 84 9759
4 20 7494
4 67 8644
2 76 5872
3 80 5126
7 100 1815
4 95 5765
8 3 9637
4 41 1856
4 25 5679
4 10 277
7 75 1308
4 60 1486
7 76 8115
3 74 8681
6 59 1375
5 100 602
6 89 9814
8 93 5797
8 7 2865
7 45 3282
4 37 6275
4 33 3770
1 43 8155
4 83 7128
3 34 1784
4 38 1917
2 77 2737
4 89 8136
8 43 2698
9 96 4174
8 26 1510
10 91 1256
2 2 3271
10 85 547
9 4 6389
3 96 3619
7 23 5021
5 14 5346
1 95 3513
6 88 7478
3 63 5553
3 87 1884
3 19 8957
5 19 5542
1 79 7256
9 20 2722
10 69 9558
3 57 8215
6 67 8668
10 92 2341
9 6 7025
5 10 7327
2 45 181
3 42 5952
3 64 3509
4 49 6481
7 10 9190
6 37 8047
10 98 7605
5 26 3516
7 64 1518
4 47 1155
3 59 8386
2 2 2996
7 49 404
1 54 9705
4 88 4484
3 34 7469
10 41 9407
5 89 5451
3 32 5717
8 21 4420
6 3 5601
1 82 8803
6 2 9207
2 90 1854
6 13 4825
3 10 7475
9 25 453
6 9 7021
10 60 8146
6 87 3170
4 11 6665
4 35 6722
7 69 8327
9 41 423
2 93 9141
7 69 8534
6 9 1707
10 4 2920
7 37 9027
2 66 9843
2 29 305
3 7 4014
8 14 7356
1 42 6297
6 10 2456
3 53 4914
3 6 2941
2 15 971
9 50 2423
1 6 5689
7 13 7050
1 78 5207
7 78 664
9 82 5642
4 38 7154
10 48 9911
7 51 7763
10 86 933
6 82 9200
8 85 2727
4 7 1141
4 6 5191
6 88 2722
6 47 5209
3 32 609
5 69 4663
6 73 170
6 59 6467
5 78 7089
4 74 3451
5 29 3152
9 99 2405
9 85 1502
2 71 3460
10 12 7970
2 82 2322
1 100 4448
9 54 7259
5 36 3793
2 67 877
1 98 2171
6 95 1307
6 77 3698
4 77 5497
8 6 5939
8 87 1987
4 40 5854
7 80 6839
4 13 4893
5 94 9992
6 88 3037
4 40 5296
3 72 2088
1 22 2529
2 76 4915
9 49 1513
5 97 4127
3 5 6765
8 9 7157
2 73 3097
4 76 4576
10 23 5861
1 99 591
3 88 5509
5 100 6285
7 10 4325
8 20 4084
9 8 5366
5 16 1741
5 27 686
10 54 953
6 12 3796
10 68 8370
8 4 571
1 56 7661
2 17 5284
7 19 2461
1 12 1950
6 7 5127
5 53 1698
10 68 5868
4 56 1531
4 99 3371
7 18 4597
6 40 7897
3 60 1975
3 55 7139
3 74 3026
9 45 6496
7 81 2252
2 67 7063
3 11 1097
5 6 9395
7 44 5139
6 44 3287
2 74 3855
1 41 1530
6 62 507
9 64 4903
2 11 541
10 28 5490
5 43 5443
3 74 5437
5 31 7524
5 44 5427
4 88 68
1 94 8131
7 81 1812
5 81 453
8 72 7107
7 4 7366
9 82 1989
4 44 8626
6 95 6886
8 20 1021
10 75 5778
5 72 3674
5 61 94
8 80 1320
4 43 6781
5 35 6597
10 22 9552
5 53 2872
6 56 470
1 17 6930
7 63 8584
6 11 3016
5 99 860
9 38 3270
1 47 6230
4 46 1079
9 79 5575
5 100 7498
5 27 3460
10 50 2682
5 99 8904
6 90 8893
7 73 1711
3 22 4185
5 41 6229
1 72 698
5 33 1494
10 62 5130
9 89 8165
8 6 90
6 42 9144
1 6 6142
4 40 155
3 10 6021
8 2 4915
8 9 5479
4 73 2236
3 80 3604
10 96 5963
5 64 627
10 51 6728
8 25 4008
1 25 4226
9 15 8471
4 56 1645
10 52 2926
6 98 6336
8 90 5981
5 73 2318
5 26 3383
10 94 4419
7 86 6892
8 78 7881
4 70 1295
6 9 8777
6 89 2466
6 92 3043
1 8 6295
6 82 5536
10 55 3381
9 12 560
4 77 3268
7 58 6904
9 30 8317
6 26 9090
2 11 4005
5 60 2736
10 66 7679
7 41 8917
3 74 4598
7 36 4326
4 59 5783
2 78 1628
1 25 6744
5 95 3048
7 57 8451
7 64 8438
8 16 1760
4 52 4964
1 70 5723
5 53 1836
7 53 3232
1 95 657
3 55 3347
3 75 6173
2 41 7836
4 54 8460
5 62 2642
1 19 3159
5 34 7144
2 93 2895
4 77 6353
8 56 9858
6 51 7635
4 19 535
4 58 5312
9 60 2662
3 62 3850
10 45 1443
8 95 4637
1 66 2010
5 31 3542
4 14 5133
1 79 6309
10 40 6964
3 70 4036
9 27 4422
9 57 4931
10 30 2169
9 78 9709
1 63 8639
2 71 9600
2 78 8044
2 8 6693
1 74 2468
7 92 3741
1 34 7620
7 86 3613
9 69 8086
4 16 5074
7 85 8629
4 97 9680
4 12 3352
2 5 1615
3 49 5836
7 87 8797
6 72 9022
10 70 6548
3 65 4335
5 11 2684
3 79 819
3 66 109
3 69 8342
2 29 926
7 21 2000
5 12 8311
4 75 1782
1 51 6853
7 65 4543
6 27 6226
4 88 1449
10 86 5340
2 44 9661
1 60 2145
10 1 1600
8 36 9772
2 50 5969
3 5 4722
6 47 2241
8 50 9243
10 71 1314
2 16 7746
9 89 5825
8 82 1751
4 98 1849
5 71 5311
2 20 9759
7 80 2096
4 89 9451
4 52 6265
9 91 4072
9 35 4113
10 56 4759
3 22 2740
2 15 1971
4 77 2662
9 18 8938
5 77 4765
2 50 1109
5 2 3746
7 67 7219
1 22 1949
8 20 6702
10 61 4778
3 86 6346
7 69 6772
10 73 1718
1 23 5819
6 26 9886
1 43 8183
3 37 6313
2 47 3696
1 50 5579
4 11 7627
6 30 4490
9 34 2301
10 44 2671
1 77 9900
6 4 2461
10 71 2145
4 74 6860
10 81 236
7 69 7972
2 93 977
5 61 1544
3 76 5631
2 55 9778
6 61 293
4 76 2502
5 17 3861
5 55 9263
6 75 3436
2 56 1516
7 68 3481
4 70 1637
2 85 6372
5 86 138
5 76 130
1 6 7457
2 76 3964
10 78 365
10 97 9262
4 25 4453
6 71 1909
8 96 9842
9 60 3038
3 70 348
1 53 1473
9 92 6650
3 99 1821
4 17 7621
8 29 8911
1 48 9759
7 41 5720
6 41 9383
9 2 7740
3 32 1499
2 24 1468
4 90 6488
10 74 7087
9 73 8010
4 5 4222
9 31 966
10 64 947
1 24 491
1 8 5599
7 83 1170
6 66 8271
5 83 2511
3 94 6195
7 61 8772
4 31 8999
9 36 2763
4 38 4414
1 43 7954
7 96 3340
1 6 7186
8 18 3217
7 38 9430
10 50 5760
7 46 7077
9 46 3966
2 60 6794
8 44 7561
4 82 9410
4 68 196
2 81 4305
5 54 7834
8 2 3342
10 46 5669
2 19 9383
9 84 3700
9 44 8530
8 39 9812
2 60 7826
5 87 3917
8 86 6074
1 78 9521
2 7 83
1 47 9967
1 2 4869
5 54 8180
3 12 2921
2 42 562
9 31 2715
1 95 4800
7 29 2790
1 51 7797
5 77 2480
1 35 9150
7 13 2401
6 69 1568
6 70 395
10 97 3673
4 70 8290
3 100 8733
4 4 6438
6 18 8306
1 69 685
1 34 6604
8 91 9929
2 94 4118
7 79 8859
9 18 8192
3 3 7236
7 19 8938
1 86 3656
2 69 2214
7 30 9849
9 29 1333
4 33 1525
5 75 5550
4 62 3611
8 3 4015
2 26 3700
2 73 2273
10 38 6838
9 6 6791
10 31 1172
8 49 1156
2 29 7660
2 14 5883
8 34 2808
6 63 6788
3 69 7723
8 29 3068
6 44 7620
1 40 9825
10 71 7730
9 34 8550
8 9 4942
8 20 5309
1 1 6245
1 38 8862
3 4 3738
4 94 4476
2 56 3908
4 1 6784
1 77 3813
1 55 5698
7 75 3377
7 93 5670
5 74 9594
10 16 6003
1 58 4487
1 80 3201
1 10 8396
2 27 159
2 79 8707
9 66 7038
7 91 3533
4 76 8671
6 86 2592
10 23 4302
3 43 1544
4 91 2244
3 88 7794
8 32 9487
2 67 5606
8 73 3755
8 53 3649
6 63 6576
5 99 2058
7 35 4014
6 90 5014
2 6 9902
9 9 4628
3 82 6114
8 48 4926
3 13 3178
1 84 7606
2 14 8740
4 16 5033
3 17 6928
1 99 8756
2 95 4858
8 97 8870
9 98 6243
6 57 6348
9 71 1687
3 81 9712
6 84 2125
6 19 7785
9 94 4179
10 95 1305
8 53 6408
4 41 9393
3 8 9530
1 78 2522
1 30 4198
5 45 4614
9 60 9805
4 43 3536
9 64 786
8 10 2618
3 88 5484
7 22 6954
3 31 3978
4 91 830
10 94 9429
5 73 2474
10 17 8791
8 48 423
7 37 5605
4 21 8037
8 65 1040
5 42 5084
5 7 5218
8 3 5607
10 17 2673
9 8 3854
7 2 5267
3 58 3081
9 27 1153
4 79 8982
4 68 1206
3 53 235
2 24 4282
4 45 6694
9 71 4019
6 83 8404
10 67 9675
4 97 6109
6 7 9806
8 18 9195
8 61 504
2 52 8763
4 55 546
5 9 831
7 99 6628
7 2 8081
7 7 9609
6 86 8046
3 87 4327
6 80 1259
8 1 8070
10 93 9242
5 96 4993
1 82 7617
7 6 3504
5 28 4319
10 37 6713
6 25 6682
8 97 1081
10 14 9521
5 65 4926
6 100 755
9 65 1751
2 17 2930
1 66 1344
6 42 9830
3 97 4995
4 2 4588
1 68 3128
2 97 9563
7 18 799
2 34 2750
5 53 6454
4 36 2001
3 17 8804
5 92 2496
10 15 644
4 6 4365
10 90 3530
9 69 8449
6 100 3035
3 27 9762
6 90 8029
7 64 4332
2 72 7679
8 47 4411
7 2 1884
7 27 1479
10 22 7155
3 28 5985
5 5 7260
2 83 6399
7 52 1778
8 25 6097
4 21 9209
4 93 5295
3 67 2851
4 58 6723
7 74 3206
6 40 2649
7 82 3706
3 12 4733
3 31 6277
2 13 5393
5 37 123
9 81 1999
2 23 4381
7 62 5314
10 87 4575
7 31 1087
3 64 8074
2 70 978
10 11 6661
5 16 9628
10 5 9024
4 18 9175
10 85 385
3 74 5714
8 34 6951
2 29 6880
10 6 3740
5 30 6404
7 86 2270
7 52 3263
6 62 4096
10 90 3208
9 3 7517
4 3 6291
10 14 5068
7 2 6248
7 51 4259
9 42 9690
3 35 2278
7 59 9950
4 78 1338
2 84 6519
9 81 5524
7 59 1697
8 69 3836
10 45 5890
8 11 3950
2 88 7332
9 76 893
3 67 5030
2 42 9774
3 59 290
1 45 8116
4 20 1637
9 68 1457
7 36 8861
8 33 4927
6 48 5205
3 83 3951
9 67 181
10 74 2772
10 61 7937
7 51 5175
5 29 5834
9 61 5134
10 93 4314
1 47 9824
9 39 5017
2 15 3633
9 99 9250
6 82 5474
5 21 601
2 14 4743
9 19 1291
4 48 6135
7 20 9999
10 76 8435
1 18 166
8 74 8751
6 49 5976
8 24 3342
6 95 7067
2 80 5575
1 90 5206
7 34 9207
7 77 472
10 42 706
6 59 3136
1 69 1011
4 72 278
1 12 8903
2 85 267
1 29 7897
6 62 7291
4 10 8466
8 57 8151
3 88 5545
3 4 4660
3 58 9065
9 50 9985
9 68 4903
7 86 9016
5 3 6719
8 23 7152
6 54 6039
3 39 3649
9 45 2803
9 1 5891
6 89 3727
3 87 1016
2 73 9039
2 15 1070
7 22 4003
4 98 441
7 16 8944
9 92 422
3 62 2862
8 89 2317
1 90 8648
3 53 7468
2 10 5377
10 51 5894
8 62 4916
9 3 3814
10 26 5751
3 7 3760
8 2 4102
5 87 4082
6 95 9499
7 90 5707
9 97 9991
2 72 4259
10 100 3513
8 28 2535
7 59 5685
4 28 9790
4 91 7975
10 63 2364
10 49 1438
5 46 6826
4 50 7798
1 91 8473
9 45 8845
8 34 3549
9 28 8284
8 29 5881
7 32 9900
8 9 3970
3 98 2418
3 41 1774
4 50 6532
3 35 7914
10 45 8733
3 82 6203
8 12 2777
9 36 8746
8 68 4770
2 43 138
1 72 3917
9 97 9417
1 57 1879
10 78 3679
10 96 5358
2 20 8685
7 21 7050
5 56 2170
2 60 3707
1 78 1780
1 1 156
8 85 504
1 23 1750
7 81 354
1 87 7843
8 99 976
5 98 16
1 8 7756
10 31 4953
7 28 5892
8 25 9750
2 86 9071
5 31 7976
3 35 8840
7 97 7695
3 100 4054
7 29 4174
5 3 7114
3 29 5860
6 26 3260
4 64 8929
8 82 5837
9 37 8640
10 25 202
3 53 9877
1 39 4532
2 34 724
7 24 8416
2 85 2492
10 90 1050
5 85 7519
8 39 8018
4 7 7944
1 48 9438
4 93 6607
5 95 4417
4 44 3994
9 14 5080
1 51 1580
10 13 1364
9 100 8896
2 56 814
2 77 3137
1 12 5507
3 95 9474
10 41 3953
4 89 4555
9 22 5381
1 98 972
5 62 3021
5 41 850
3 13 5709
10 89 8461
2 57 8904
7 28 3320
10 3 4605
6 67 7294
8 25 2872
1 82 9588
2 23 3077
5 42 6833
7 99 4563
10 78 6408
5 14 2719
1 82 8503
5 21 9548
8 34 1902
10 18 9860
9 43 6473
8 54 1624
2 22 3931
4 78 1139
8 96 8686
9 21 509
7 11 6615
2 99 437
2 59 1979
9 22 5352
9 16 3321
3 94 509
10 84 5480
6 60 8597
3 95 8457
6 23 5904
1 70 7515
8 72 4196
4 85 749
9 50 6326
7 73 3955
1 79 1214
9 90 2641
7 78 13
3 25 9514
2 70 93
10 9 8855
3 95 2017
10 37 3757
4 94 4619
6 56 5044
10 98 5910
6 63 6470
7 54 3245
6 99 6482
9 54 8094
8 7 2383
6 92 5872
9 38 2177
9 37 1664
1 50 6980
1 8 4811
4 73 8554
2 84 9214
5 55 2246
8 35 2727
2 81 9935
1 5 9488
10 19 8611
1 1 1152
6 21 9236
4 62 850
8 40 8474
9 33 5382
6 7 7823
5 80 6752
6 45 9277
1 43 1546
10 85 4628
7 60 491
6 96 1340
7 80 4423
10 12 7984
10 52 2742
6 41 5902
7 98 2421
9 62 3126
3 54 3191
5 82 3557
5 82 8980
10 35 3829
6 64 4484
5 75 2113
2 16 2751
9 47 7918
2 57 3410
10 18 2787
5 4 8730
7 27 3051
2 48 7353
9 20 2123
4 41 2489
9 57 5572
9 63 8978
7 31 6221
10 20 7772
8 3 2508
5 12 6236
5 41 617
2 72 3580
5 33 7951
3 66 724
2 79 6461
10 58 2338
8 26 7027
1 53 9263
9 14 8751
9 46 3568
2 43 7555
1 30 2375
1 13 245
9 4 4640
10 30 2768
1 64 8121
6 32 4961
3 18 5140
2 100 9341
6 63 5271
4 52 4683
5 37 1962
6 4 3313
9 66 9453
7 15 631
6 25 1572
6 67 7692
3 2 4177
6 28 4641
5 63 4677
5 1 6525
2 70 6012
2 42 3776
7 30 4845
4 71 4711
5 21 2018
10 28 490
6 87 2921
2 51 8439
10 11 733
6 87 631
10 28 5306
9 18 25
8 9 8625
5 18 391
2 79 4040
10 97 7703
1 72 2299
2 98 6604
5 83 2178
4 73 2030
10 76 4854
3 12 574
6 37 3055
3 50 8329
10 31 7813
1 9 4330
6 90 1308
10 6 5338
2 49 8969
2 21 1551
8 27 5144
9 10 1939
9 28 2812
2 1 6979
3 99 5100
7 77 509
2 94 630
8 46 5122
9 58 3915
6 68 7616
4 41 7110
9 75 3365
3 77 5053
1 43 1179
6 90 1102
9 65 5925
1 17 4878
6 50 7920
8 89 1420
3 63 2919
5 61 4136
4 74 4770
3 81 5542
5 54 7412
2 75 1262
3 34 2617
7 83 3563
7 24 9363
2 66 6873
5 59 1803
4 57 3485
6 16 2914
8 49 9376
8 26 5640
2 96 2002
10 97 4538
8 47 2126
5 63 6904
2 41 3379
3 73 9417
5 14 17
9 25 98
7 7 3790
2 1 3257
6 97 5070
6 28 1010
10 24 529
8 87 4867
3 85 2605
8 73 3525
3 19 145
3 86 7561
1 50 6506
6 40 1683
5 32 3530
4 2 4102
4 8 3333
7 84 7674
6 46 4628
5 36 8155
6 68 4021
7 26 180
3 74 7687
2 30 9107
7 23 6070
5 23 4270
8 80 4177
2 60 882
3 18 4408
8 100 8932
3 71 6551
9 70 5063
1 53 29
3 74 4683
2 78 1717
8 7 4588
2 22 4025
8 19 9693
2 5 5465
1 52 2659
4 17 6346
5 4 1281
7 95 2956
7 71 9476
3 65 4614
6 96 491
8 26 5338
8 78 7183
4 65 571
10 82 2880
8 57 5589
7 34 745
9 35 822
6 16 7195
4 59 3392
2 76 1015
9 64 7802
6 65 4474
7 79 4600
1 43 4380
3 81 4201
7 87 8559
3 55 473
7 77 8387
4 6 1600
3 69 4346
8 27 975
1 8 5405
2 100 6388
10 56 7918
6 37 860
8 43 3411
10 50 8899
5 4 4939
6 15 371
6 33 1365
6 42 1980
3 13 9487
10 69 997
6 94 3144
8 70 8803
7 41 1826
1 2 37
10 20 2559
3 54 8250
8 26 5655
5 19 7023
6 65 2903
1 6 7414
6 65 8258
6 76 7317
1 76 8281
4 95 1692
10 6 4547
1 79 7348
5 51 8193
1 38 1991
1 82 7557
9 33 7104
3 90 9269
4 4 4126
10 66 7122
5 4 4004
5 86 4085
2 50 7097
7 77 3642
10 4 4685
10 91 1355
6 42 7025
8 57 1510
3 97 4372
5 30 6753
2 86 2216
1 56 2263
2 36 7966
1 72 2298
3 24 4344
6 65 3538
6 68 5128
2 100 9423
4 80 3494
10 66 5410
1 51 779
5 76 5384
1 90 5209
8 76 5295
