10000 10000
2 89 8961
2 94 4065
3 94 1152
10 77 9562
4 78 8239
1 33 6387
9 36 6477
8 96 1682
7 58 7892
2 55 1638
5 47 942
1 61 789
3 20 4158
6 11 1495
7 52 9741
1 34 2205
2 41 1557
3 2 7958
1 74 7661
1 55 2754
7 73 4822
3 82 1603
10 41 1844
2 12 5111
4 80 3553
4 43 4404
3 25 1285
3 79 2353
7 70 6006
9 74 6812
4 6 7900
2 17 5478
6 44 1679
7 97 1590
4 84 9660
6 93 5745
10 13 4067
10 50 189
1 12 7189
7 48 4668
1 82 3825
2 82 4778
4 15 1642
4 61 3491
7 55 7446
2 78 547
1 28 5790
3 74 7997
9 2 1608
4 41 1932
4 11 5186
8 13 6240
10 50 3805
8 24 5717
6 54 6154
1 5 1664
3 6 6105
5 69 8262
3 40 7155
10 50 4677
9 28 5947
9 71 5242
4 9 2365
9 38 7471
6 50 1314
1 39 8344
9 56 2647
5 15 6917
8 82 3741
3 1 348
5 22 9174
9 49 9250
6 32 2032
5 64 2250
3 26 3026
8 85 2970
5 5 3289
10 65 6246
1 70 6319
5 11 5853
4 41 3583
7 54 8486
10 24 7484
5 47 5611
4 3 390
9 53 3829
2 60 3251
6 48 8081
7 37 2864
2 6 72
6 47 1842
9 57 9579
2 88 400
4 55 1561
3 97 3259
3 29 3913
7 61 9093
9 57 4297
7 80 3006
7 38 9458
5 49 5595
2 97 9874
7 3 378
4 2 4889
6 80 3685
2 90 1346
10 84 1971
5 56 5571
8 82 8341
8 99 7107
2 54 4728
10 44 4291
9 26 8244
8 37 9079
10 63 3903
9 76 4181
6 79 5799
6 78 109
10 51 1338
9 51 1726
4 76 1209
3 49 6528
6 29 2650
1 40 4101
7 12 4740
8 76 1044
5 13 224
7 20 1109
9 62 9632
5 95 5713
8 26 187
4 42 1079
4 15 7001
9 56 7043
3 49 2543
9 68 4074
5 52 3988
10 25 1060
1 22 6540
4 51 4832
2 11 3150
7 97 8331
6 11 7476
3 15 3207
5 64 7334
9 29 884
10 32 1966
10 39 2025
5 30 4816
1 69 2923
9 95 4740
3 78 5958
3 32 3166
1 19 7302
2 31 8352
2 92 5670
8 100 2988
3 3 4959
3 6 1543
1 23 516
8 27 8969
5 78 1756
4 36 2350
3 19 6938
4 37 3189
6 24 151
3 20 4278
6 85 2012
5 67 9320
10 86 2071
7 1 8521
9 93 9442
7 4 4605
8 15 3804
3 15 4551
1 66 7790
4 42 7850
7 50 8090
3 38 3496
3 42 4170
10 100 1033
8 62 6898
2 30 5222
4 41 7059
10 7 9982
4 14 798
9 31 6672
9 93 6975
9 46 6436
4 10 2903
7 57 3626
10 25 6829
6 42 7769
1 17 9514
3 14 3036
9 90 298
9 87 1505
2 96 2746
7 44 4866
1 90 7754
5 96 5963
8 5 1011
7 52 8904
10 36 9
5 24 9870
4 93 9981
5 4 8247
3 5 6739
1 36 4234
6 17 1097
8 68 9833
3 12 1569
9 47 5668
5 20 1354
6 97 3813
4 76 2469
7 93 765
10 81 9305
1 37 4249
4 14 4334
8 77 6748
5 35 3281
4 15 8712
9 91 2609
7 55 1141
8 98 9003
4 98 8474
3 41 1983
7 21 1299
6 30 3288
4 10 5995
10 52 3719
10 10 4214
10 7 4823
6 30 6455
4 45 3630
6 28 1475
7 73 2035
4 18 1888
1 66 9455
1 68 8137
10 8 3821
1 80 609
3 18 7894
2 4 9807
4 54 6409
6 1 4545
4 63 2821
7 79 3363
9 40 7241
7 33 6818
8 78 5544
6 56 7427
1 88 6259
8 56 7998
7 76 8820
10 27 3493
7 13 3323
4 22 3063
4 17 5848
1 33 8482
8 65 7896
10 81 6452
5 52 6262
1 34 4551
3 15 6507
5 86 4328
5 29 7772
10 51 2099
8 75 1764
10 3 871
4 47 5636
2 67 1680
8 43 5998
10 41 1430
4 63 1778
7 17 6263
7 93 4129
3 66 4552
4 80 2383
2 60 8402
8 78 5413
9 24 4964
5 74 928
5 12 5424
1 67 2562
5 87 1078
2 61 5090
6 10 6505
7 91 7898
3 15 1715
3 82 6458
4 59 7525
8 61 4725
3 14 8550
3 79 2106
5 35 5077
3 66 8734
8 79 9056
3 50 5941
5 49 3002
9 58 9163
6 18 238
4 6 9827
2 42 1129
3 53 7871
3 6 2873
7 71 7992
6 59 5383
1 67 6796
9 17 1027
8 43 8839
8 95 6021
5 80 367
1 14 9423
9 39 4164
2 35 7397
8 100 3922
8 54 4223
4 17 1934
5 55 2367
5 51 5059
6 11 6093
6 99 8792
5 23 4647
9 56 8846
1 33 8772
8 26 1560
3 44 788
10 11 7683
2 10 6402
8 5 8068
8 11 2598
3 97 2025
4 56 3661
4 47 6663
7 37 7837
7 68 6875
2 3 7389
4 31 7387
2 87 3181
7 99 4909
6 54 9689
3 59 2150
10 1 7913
1 46 6414
4 31 9827
10 50 4002
9 73 8626
6 84 3935
8 14 879
8 9 2694
3 36 8124
8 76 7212
7 26 8878
9 56 9935
3 70 9757
5 12 5415
7 52 9896
1 19 7362
4 27 2874
4 77 1844
6 81 406
7 34 7915
2 16 144
4 91 9942
1 95 7339
9 20 2126
6 38 9121
5 73 7700
9 49 5882
7 73 7107
2 48 4488
10 25 1690
8 95 1491
5 63 1853
6 93 9863
2 91 4895
5 76 3854
1 19 8536
2 44 52
3 36 2388
4 17 8975
1 97 3055
4 100 4691
8 48 4289
6 85 3312
8 22 9594
1 69 6485
3 26 6906
10 48 4089
9 37 9208
1 68 9656
2 88 7050
4 83 9963
10 52 7402
5 62 6964
9 67 3400
2 24 1936
4 26 3056
5 70 9234
2 29 6434
7 76 6146
9 95 3415
8 10 3999
7 39 1365
6 65 7809
5 83 225
2 64 3599
5 73 2587
1 10 4241
10 16 6097
1 15 1103
6 47 3500
8 91 7193
7 11 228
1 72 237
4 92 533
8 82 6661
6 15 817
7 60 8775
2 33 642
1 59 7905
8 45 844
8 74 5786
8 30 4932
6 6 4400
2 96 1195
3 55 9469
9 4 9312
7 48 3030
7 82 7826
5 43 5385
7 100 1298
4 1 118
3 88 3321
4 49 8505
10 99 2496
4 45 8418
5 47 3874
8 98 3248
5 50 5082
9 37 446
8 23 1963
10 62 8899
4 71 3904
9 43 2495
8 19 873
8 14 749
10 15 2132
8 24 5600
8 76 5483
5 17 1092
10 54 5245
1 81 5678
2 76 5095
1 64 6851
4 99 5420
6 83 9477
8 20 8029
10 19 1265
9 8 1719
3 72 9724
6 4 8377
8 87 3201
7 83 9359
5 41 2413
3 68 1333
9 73 4566
2 47 9189
8 57 3068
1 18 9810
3 71 4921
7 19 4381
9 5 1612
3 5 4307
9 18 6564
1 7 1969
9 82 475
4 41 4807
1 72 7388
5 31 2047
2 93 2750
9 54 5343
9 79 448
1 93 2861
5 53 7175
1 76 8062
3 58 369
3 11 3459
7 89 8892
5 35 3115
9 37 7966
3 50 4470
2 95 9544
9 28 9395
9 32 5554
4 88 1560
6 29 9537
7 49 3433
7 96 902
6 48 9812
7 58 898
3 7 8381
4 17 2639
8 60 4485
7 43 6299
8 45 2225
2 74 538
6 80 901
6 33 8055
5 15 1600
5 20 9577
1 36 5212
2 96 3303
4 29 9514
7 20 7037
4 75 9377
1 76 8922
10 91 9300
9 64 6456
1 74 2851
5 52 1101
1 32 1686
7 72 855
5 91 1754
1 15 1794
6 13 9833
9 7 2107
6 19 2162
6 19 9593
1 11 2036
4 33 2607
1 65 3914
9 1 6603
7 13 432
9 51 7724
4 99 125
7 70 2709
2 72 4328
7 65 998
6 34 11
4 20 9591
4 95 4610
6 4 269
1 47 5393
6 98 8144
10 6 6552
4 62 7624
3 18 7342
3 62 6199
1 62 4645
6 14 1964
6 62 5666
5 83 6501
1 22 573
1 59 5065
5 82 3816
5 21 8826
10 19 8255
7 31 7477
1 68 2128
8 100 1312
1 36 7524
6 50 8511
7 73 2618
1 61 6380
3 12 489
4 3 75
10 65 3851
3 14 6919
8 78 1806
2 12 3947
3 58 116
1 30 7562
9 95 9729
6 27 7778
8 31 9206
10 92 6758
3 33 6622
6 90 7971
5 81 3571
10 64 258
6 2 6897
7 84 6950
1 80 3285
1 60 6642
9 54 995
10 32 1388
7 45 457
9 13 8481
10 87 9873
4 17 8493
5 5 9671
7 33 7713
9 42 6202
6 62 3241
10 56 2716
9 85 1960
7 84 3944
1 81 5561
2 42 5187
1 60 6434
2 83 1168
2 54 1821
7 80 8766
10 5 5396
9 86 9849
9 17 4738
10 72 2633
6 62 2395
4 51 9780
7 41 5096
8 95 5632
5 12 2795
10 35 7239
7 9 8862
5 7 9490
6 85 5181
9 3 9338
7 90 9777
1 71 9469
7 70 4792
9 79 2500
3 82 2514
9 39 7474
6 78 6540
1 4 9327
8 42 2626
3 24 962
10 96 2517
7 77 2304
2 11 7955
5 10 7824
9 81 6233
3 10 3221
7 11 4674
8 64 6178
1 100 7133
1 59 1663
4 12 6898
10 45 5957
7 66 4805
5 87 8656
5 14 5494
4 1 5687
10 26 8355
1 59 7376
1 59 2175
6 78 7866
7 21 7744
5 55 4349
1 43 7498
5 46 4568
2 39 6038
8 85 1295
4 8 1849
5 61 5122
4 51 2892
10 93 1821
5 14 2426
5 73 7912
4 8 7244
3 45 6168
5 33 9081
3 72 6518
3 76 5544
9 53 3027
9 17 5
5 2 4311
4 80 5206
1 78 7216
2 57 969
7 56 5211
9 29 3343
7 13 844
8 51 845
10 66 9305
6 77 9812
7 71 670
1 28 8657
7 33 6161
3 42 3317
3 13 7680
7 44 3933
5 44 1583
2 91 8098
6 13 5908
8 25 7460
7 92 6498
6 51 233
2 62 5030
1 1 2985
6 47 8887
4 80 1577
3 14 8526
9 95 9621
10 71 1435
5 6 2733
1 37 1276
5 47 5625
4 91 8853
1 76 2628
7 70 3635
9 12 223
3 65 4614
10 79 2321
1 89 9160
1 3 256
6 72 3699
9 81 5488
4 34 6061
2 80 873
10 35 8548
3 48 6983
4 36 3064
8 8 6597
4 48 6141
6 5 4953
9 30 1140
3 34 6216
1 37 2854
2 61 4509
10 87 4549
7 81 1781
8 15 3670
1 79 8130
5 26 7569
10 90 9495
1 14 6667
6 11 7507
10 48 1567
1 31 5362
4 84 4298
4 58 3545
8 44 2887
5 61 6140
7 63 3768
3 77 6222
2 27 3738
1 55 7265
1 15 1939
6 19 6562
7 1 6784
8 94 418
1 32 404
9 17 2584
9 45 3017
6 56 373
5 88 1044
1 65 5779
6 39 706
3 84 6634
2 85 9760
1 88 2829
2 98 1363
10 73 1149
4 21 3299
5 1 1504
3 7 5457
7 78 3917
1 98 6918
5 62 6096
1 100 9120
9 60 1873
5 9 7975
4 100 3272
10 59 4307
10 44 9693
6 79 8299
1 94 7599
6 72 2085
6 50 1563
2 35 8351
6 69 4914
8 47 5043
5 98 6978
10 86 7276
7 7 3629
2 83 2592
9 12 5305
8 42 7528
10 11 5006
4 32 9476
4 8 2055
1 83 2080
9 43 3965
3 100 510
7 84 8936
10 4 92
6 13 4190
6 13 8309
5 59 8466
4 82 7190
2 57 9795
8 12 8406
8 43 2291
8 85 6709
4 25 4072
1 96 5996
2 80 448
4 37 7053
5 82 6612
1 34 1955
9 79 737
6 34 6861
8 42 5202
10 58 1292
8 12 1800
6 93 5375
8 91 6333
6 3 9272
9 28 7497
4 96 9182
4 33 9172
7 78 1594
7 23 3730
5 39 4216
2 82 9723
1 30 5116
7 99 4326
3 60 3969
4 21 9585
7 96 8199
2 39 8541
9 15 6167
1 32 5617
9 65 2020
10 52 1371
7 99 2662
1 5 596
8 72 3494
10 64 1805
6 59 3502
6 3 5886
5 30 333
7 42 5104
1 16 7079
8 25 7171
6 34 5714
2 39 8557
1 85 1758
6 42 8738
1 1 2340
6 85 5057
2 99 6671
3 19 5733
9 81 8601
9 52 3627
5 7 7626
4 77 7926
6 61 2716
10 33 3501
9 81 9898
3 62 3217
7 10 1159
1 69 7701
4 10 7564
7 71 7309
4 47 5709
9 61 9598
2 15 5839
7 76 1396
6 98 3283
9 11 6532
3 97 3179
1 90 2881
2 52 4006
10 84 7821
5 42 1705
8 8 5648
7 60 3476
6 8 3793
7 22 9624
6 96 4509
6 49 8452
6 68 544
10 19 8996
6 45 405
4 67 2319
8 49 2010
5 50 9527
9 30 5207
3 62 8297
2 91 5471
9 49 6440
5 33 8216
3 98 2804
10 10 8260
2 7 5533
3 3 5217
3 58 7359
7 94 6258
9 56 2092
7 42 7661
3 94 8941
10 89 7226
5 9 7256
3 92 2321
1 74 9815
5 81 9097
1 25 6063
6 96 9092
5 50 9834
6 85 353
9 68 6292
4 4 8648
4 17 8968
3 5 336
3 62 7191
4 6 5416
7 59 9241
8 7 3830
7 28 7678
5 32 3562
9 86 8835
9 20 5419
9 84 5135
1 20 4346
10 96 2262
2 39 4951
5 70 7304
6 10 5999
4 45 8483
3 20 3017
8 51 6440
2 16 5601
7 25 2529
6 36 8614
9 99 782
7 9 9109
2 82 1256
4 92 736
6 60 6979
10 9 8163
8 8 5451
1 36 1982
4 59 1493
3 20 6861
2 6 5396
3 54 3907
3 64 9283
5 22 2497
10 9 7490
10 32 348
6 85 8115
5 64 8309
7 58 8159
7 34 4392
9 64 5073
10 83 2556
1 51 5904
6 94 4439
4 31 454
6 32 6963
2 95 8343
5 3 3427
10 32 6152
5 10 2139
1 90 527
5 74 2079
10 13 5556
2 60 4938
4 70 9016
2 18 5591
3 10 7535
10 80 8262
5 88 4128
10 5 9989
3 77 6841
7 17 1511
3 29 6338
4 91 3476
2 74 7796
8 23 8308
7 95 8465
8 11 2465
2 41 1656
6 57 8769
1 4 7323
3 78 3559
9 52 4470
3 58 4018
2 22 84
2 37 2536
4 85 6752
7 10 2379
5 23 4411
3 1 1937
7 99 6224
6 35 262
5 60 7222
1 21 915
2 76 661
10 13 4196
9 45 9758
2 40 3215
6 82 3684
5 25 7526
7 57 9561
10 26 9835
8 39 886
6 28 3100
8 46 1778
2 33 6877
4 29 7518
5 38 6745
8 14 2707
1 71 5814
6 84 5938
7 42 8318
5 6 9641
9 72 4615
3 81 6963
6 87 4878
4 51 6234
1 47 5158
7 86 6207
5 37 8605
4 1 6974
5 65 9389
1 2 5381
6 97 7323
5 97 3656
6 60 1152
4 65 7832
7 51 3236
2 60 3586
4 62 8061
7 55 6778
2 12 1033
9 39 4820
10 56 1539
4 47 3978
8 86 3844
1 74 4041
1 43 8980
3 87 1970
4 97 4573
4 16 7365
7 67 1056
9 82 6502
6 11 8562
2 25 3960
8 40 6348
2 92 5172
9 17 6042
10 41 167
1 42 7228
7 62 6685
1 38 5480
8 47 7743
3 22 6038
10 45 9043
10 3 2631
7 50 5011
5 59 8347
3 31 6257
6 20 5813
5 82 4477
2 93 5700
7 69 5156
2 52 7181
6 81 6726
3 44 3751
9 26 2669
5 17 9582
10 61 6615
4 36 1263
2 18 3870
8 7 8709
3 2 2776
8 82 9166
7 95 3482
2 94 2192
7 91 1033
8 98 151
4 31 1801
2 72 8169
3 7 3999
10 85 4262
6 59 7837
4 3 3015
2 86 1547
5 83 824
3 12 2018
6 33 9003
10 19 9803
5 58 7003
9 79 4139
7 63 4496
1 16 1400
8 58 3038
9 74 6536
10 64 8301
6 37 8635
5 71 4317
7 96 8934
5 3 6040
3 15 264
8 26 1018
4 8 7255
9 18 760
8 80 4558
10 26 1235
9 70 799
9 84 5401
6 92 8242
4 75 9128
8 4 8052
10 78 6181
4 64 2187
7 81 2694
7 17 2294
5 26 352
6 37 8928
8 7 3051
3 28 5648
10 87 7997
7 77 9798
2 23 6032
6 74 7116
8 27 5297
6 60 4120
1 32 777
6 83 3774
4 21 2879
6 95 8496
10 98 3233
2 98 3746
7 88 1411
2 22 2547
9 87 3163
1 71 664
1 82 7840
9 81 8354
10 15 6440
3 46 6766
5 92 3701
9 14 5332
8 95 7249
4 7 9798
9 77 8272
1 40 691
1 33 7230
3 100 6022
9 68 1159
4 89 957
9 92 3619
5 12 2712
9 94 4309
9 79 1281
8 9 6409
9 11 7283
7 59 3794
8 72 7811
1 1 6163
3 33 8399
7 95 7553
1 63 2463
10 54 3056
8 63 1443
10 57 5139
6 30 9742
5 16 8057
6 61 7112
6 88 6359
3 36 895
4 82 8786
9 27 8695
6 78 5085
4 71 816
1 22 1217
3 14 8463
9 46 6799
10 63 9823
3 12 9784
8 97 7187
2 42 3748
2 70 901
1 72 5592
4 30 3743
1 81 440
9 64 6195
4 58 6913
4 42 1245
1 20 5118
8 20 3733
8 23 6527
9 100 810
7 18 969
4 78 2833
3 77 7672
5 47 7123
5 59 140
1 29 1248
9 33 2685
2 63 3826
8 8 7942
3 27 5535
2 12 4347
4 22 7197
7 96 108
10 44 9428
7 74 1243
1 62 9
3 54 1468
4 87 2608
1 70 5334
10 92 3059
1 68 266
3 25 1640
8 80 7953
5 80 7370
8 18 8702
10 95 9980
8 80 1537
4 33 5859
7 99 71
5 22 6499
7 53 4672
1 56 6729
7 100 7090
5 1 4166
9 62 4818
9 11 7451
5 31 3922
1 52 9458
7 21 5284
10 69 9481
3 69 2039
8 57 3809
8 98 1854
5 66 5681
2 77 5279
4 78 3850
2 12 6825
2 40 4786
5 39 246
6 69 8673
5 84 1089
6 76 2264
9 84 9192
3 37 240
3 33 6850
8 89 6465
7 91 1901
3 33 8767
4 86 190
2 23 9851
9 14 9716
9 50 2095
4 19 1564
9 96 4380
1 81 3913
5 70 6163
8 1 5844
9 37 6158
6 65 7793
4 52 3762
4 96 9439
4 10 7495
5 80 439
7 1 1052
8 17 4475
7 63 8368
5 62 2775
1 86 5251
6 87 6415
4 16 1202
6 91 9342
1 98 7407
3 71 4221
6 84 7274
8 91 4093
5 7 5585
6 16 1006
8 93 4415
6 7 1665
5 55 8608
7 32 1034
2 7 7992
2 23 5261
1 18 9815
9 48 4637
5 45 1164
9 11 7696
10 39 7857
7 93 3972
6 27 3621
2 94 5967
1 84 2898
3 37 9231
10 100 4476
1 91 7848
5 69 7165
3 69 330
7 35 8479
7 80 588
4 27 2958
2 87 5755
1 68 7713
10 32 2725
9 8 5965
9 35 5277
10 84 5832
8 35 5562
4 24 778
3 75 2360
7 85 8791
8 94 3604
6 59 3657
9 47 293
1 39 9336
3 34 8451
2 44 80
9 8 8207
6 87 5213
9 94 590
2 36 9025
3 76 3225
7 97 5311
4 15 1425
10 48 3127
5 13 7410
9 41 3347
2 94 69
9 75 446
5 80 6113
7 10 7952
7 80 9863
3 8 1915
4 65 1438
10 88 4752
1 77 7497
6 77 7047
4 12 252
9 57 4245
8 25 4958
10 71 1032
9 11 8932
3 14 6753
6 68 1604
4 31 3629
4 26 9113
8 44 6809
5 81 3939
2 85 6664
5 64 3293
7 62 8282
1 99 9597
6 57 4897
1 54 1397
5 61 9036
2 16 6583
1 7 7015
10 58 7184
1 31 8106
1 87 928
10 37 5584
5 19 8225
2 61 2411
7 40 549
7 11 8533
1 28 4334
8 34 3147
4 81 6368
8 56 8479
4 55 6397
1 83 5377
5 70 861
10 60 470
8 98 1674
1 55 1421
10 19 308
10 42 1164
10 68 7283
8 49 3347
1 50 1338
1 21 6787
5 27 703
3 97 1483
1 42 7895
3 63 985
3 42 5681
4 76 4639
8 64 3050
8 76 9838
9 78 4974
10 75 9179
5 76 4444
7 59 6623
8 31 174
4 2 1472
3 74 1673
7 46 5756
9 13 6412
2 5 194
5 51 9830
4 98 9916
9 39 9594
10 14 2780
2 93 3854
6 14 7235
7 34 9586
10 54 5237
2 41 4636
1 26 3922
7 24 9500
6 30 9125
2 82 6171
1 96 1116
8 40 3691
10 72 3188
3 65 7104
4 28 3204
4 17 5799
1 73 9599
3 81 3184
4 65 8318
9 39 9463
6 39 7055
8 47 3997
8 40 5170
5 61 2512
6 75 2952
1 97 5050
2 76 1830
3 15 108
10 52 2937
5 84 5132
7 93 8074
10 8 8563
5 100 6007
4 61 9044
3 28 6727
2 14 2898
7 50 5328
6 70 1675
2 99 8593
6 11 5897
5 10 3857
7 83 8405
8 72 1102
10 35 2202
3 26 1120
4 4 9777
2 13 4940
8 28 7424
8 27 7184
5 42 8434
3 72 258
1 100 2680
1 63 629
8 59 4928
10 7 1273
1 52 343
3 20 7487
10 14 5500
9 69 2521
5 90 1979
9 51 2839
6 95 146
10 74 7840
4 38 2167
2 1 681
5 30 2847
2 31 6320
7 87 3845
6 15 5921
9 16 3216
8 99 7296
3 55 5489
5 80 2610
9 41 4316
6 79 9219
10 37 8287
9 74 5187
1 23 4561
6 19 3270
1 9 2513
6 82 3534
5 37 8626
3 19 9303
6 9 4194
9 61 9941
3 73 6131
2 62 6290
1 79 4667
4 3 7308
9 50 2351
9 65 9268
9 7 3855
5 80 1332
4 29 2595
7 80 231
6 98 2517
3 84 6122
4 46 1525
7 1 5970
3 42 537
10 26 5399
8 99 5005
10 57 6638
4 7 4439
8 97 3687
2 56 5567
10 46 4680
7 17 2977
10 33 8230
1 46 3178
9 66 4179
1 60 6299
6 12 7308
2 21 1483
5 82 6004
7 25 6165
1 82 9813
10 34 3510
6 68 6251
6 99 535
3 90 3602
8 44 3232
2 48 645
4 39 3426
3 30 3034
1 15 5817
6 3 5790
10 81 6594
7 42 585
10 51 2254
2 57 2369
9 12 4463
7 88 7316
3 71 7404
9 22 1230
3 3 7377
8 15 3357
8 78 105
3 14 1994
4 24 8213
10 76 3547
9 18 9372
10 14 3623
7 42 2727
10 57 2781
8 6 6576
3 8 479
4 25 3868
6 4 9195
7 13 1207
9 11 6807
1 83 5551
6 78 2907
10 67 8460
8 81 7872
4 88 3196
3 46 6652
8 43 2025
7 62 8947
7 47 5884
8 77 8018
1 14 6172
8 6 1746
4 5 9889
10 84 4970
5 12 2851
6 61 7319
4 97 8063
10 42 6563
4 13 2985
4 61 8370
6 92 7762
4 14 2397
6 11 771
1 7 4950
3 63 2433
3 34 4687
3 58 3666
9 88 502
7 74 6433
9 16 2379
4 33 570
10 85 9909
2 44 5434
1 81 1683
7 68 6110
6 97 8437
6 52 693
4 27 7122
9 84 9651
3 39 6207
6 39 1124
10 24 3201
10 5 2260
6 97 5183
2 12 3724
7 2 3159
9 2 582
7 81 3971
3 55 6086
6 3 1066
8 82 8011
3 38 6575
7 31 1742
5 16 2329
7 26 3436
2 23 3780
7 96 9160
8 87 3755
6 82 2975
10 70 3369
6 88 183
10 4 5864
8 90 4285
4 53 7507
4 84 3782
8 88 7575
3 30 2156
5 58 3451
4 14 5695
1 10 1750
5 14 6402
2 27 2115
3 8 9673
1 64 8601
3 59 6623
10 34 7286
7 85 4556
5 46 1999
3 11 5942
9 71 4698
2 26 9347
1 45 4152
1 39 6525
1 93 9325
6 57 5153
1 77 2427
3 17 3964
8 12 6129
7 100 723
8 94 1921
8 88 4935
7 100 2787
9 58 8926
10 73 2617
2 4 9869
10 87 1172
10 88 5333
5 36 2698
9 8 4994
3 58 823
2 92 9509
2 52 6763
6 95 8677
4 11 7966
8 70 8301
6 72 4535
4 19 9594
10 7 5891
8 47 420
7 72 7877
7 15 6887
4 48 8481
9 19 1703
8 12 1778
10 55 7143
6 92 8453
5 43 8588
3 89 1247
10 40 8525
10 93 22
1 75 8585
3 4 8224
6 21 1243
10 51 9826
6 24 5339
6 98 3196
5 57 1904
6 82 2775
3 87 1385
9 70 4766
4 63 8267
1 38 3508
1 81 6945
3 57 2539
5 85 7736
7 8 7078
4 86 7888
6 69 2693
6 26 7867
6 61 6670
5 31 4983
2 52 39
9 10 570
9 15 5552
2 89 568
6 52 81
1 7 4414
10 56 693
5 31 1680
4 76 7546
10 56 2553
2 72 5204
9 74 409
5 85 3315
5 32 1290
6 53 6841
6 2 7834
5 83 6222
5 45 4911
4 50 7221
1 89 1190
7 51 7979
7 68 5432
2 92 4356
10 100 6001
7 88 3565
8 66 1462
3 24 6529
4 38 3482
10 4 5936
7 66 2080
7 50 5546
9 87 2877
4 62 4915
9 88 4031
2 57 7529
10 70 8813
5 84 1578
6 66 8377
1 19 1453
8 92 3393
2 22 9732
7 54 6249
4 57 7835
2 12 1445
6 81 5366
6 65 6984
10 76 8404
7 73 8471
9 58 3671
10 23 2626
9 39 3008
3 51 2584
1 90 3524
5 57 2923
5 8 8502
7 54 6147
3 33 6508
8 9 1173
8 65 5813
8 94 2909
7 53 1870
9 7 784
8 92 6482
4 7 890
4 19 4803
6 69 876
7 12 7691
5 53 9177
6 22 6455
3 95 2896
9 15 3583
3 30 1425
2 8 8819
10 86 2402
10 10 9409
1 61 8955
1 17 9396
7 46 5375
8 46 7602
6 17 3381
3 55 8496
4 58 3386
5 76 8628
2 40 7292
7 74 3304
2 95 8576
7 62 4383
2 78 580
1 38 3455
7 99 3700
2 86 8575
10 16 2201
7 4 3208
6 6 4081
6 29 8266
3 50 9620
4 87 5956
6 77 815
10 37 8104
2 88 9292
4 24 5576
9 21 4970
9 87 7593
5 86 2404
5 55 5818
3 95 725
9 4 1579
9 54 201
2 64 4327
8 58 9070
3 57 2926
4 12 543
1 46 5018
9 34 6546
6 39 3212
2 91 6838
6 12 2003
5 1 1321
3 67 5912
7 46 9916
5 32 4328
9 81 9636
9 24 8323
4 40 5652
7 88 5253
4 85 2738
7 2 3276
6 14 3676
9 43 3618
3 40 432
4 72 7813
3 33 6874
7 34 8272
10 28 4830
2 48 9883
3 88 4064
1 84 6234
6 93 6614
10 16 2538
10 25 4250
5 95 2768
2 99 5246
8 59 8075
5 100 4856
6 68 4066
5 36 6974
4 69 8245
2 42 3780
3 90 1750
1 79 580
4 68 7593
9 28 9051
3 24 2934
1 42 9224
8 12 4456
6 94 9112
2 87 3895
2 69 8515
2 20 7224
10 37 2404
8 39 7309
3 5 4692
9 27 2660
2 74 1958
2 9 1167
8 70 3273
7 52 3745
7 60 6810
9 75 273
4 53 4182
10 5 2981
9 16 4626
8 4 7250
1 18 8138
8 80 4125
5 51 9992
8 59 152
6 85 689
3 67 7862
3 45 1534
2 43 3471
2 94 7872
4 88 4476
4 33 7671
9 77 2030
3 7 6508
2 94 2175
7 55 8883
1 58 5261
4 56 7637
2 86 3726
3 22 750
3 86 1333
9 77 1712
1 96 4524
3 83 9020
6 9 3142
1 25 9630
3 65 83
10 93 1737
5 90 775
9 53 5991
10 7 9138
9 55 3223
3 43 8433
2 98 2587
6 29 2939
7 28 7447
4 82 8045
4 85 9345
9 90 4674
8 48 7124
7 91 4709
2 76 9550
3 47 8963
2 62 682
7 1 9144
3 20 7572
3 77 425
3 48 9465
1 53 7285
8 25 9230
5 62 2456
8 3 3054
9 88 992
4 97 2619
2 8 4547
7 35 8504
8 80 1455
7 40 7077
8 73 4770
9 64 1279
6 91 1494
1 39 5043
3 41 5748
1 8 2276
1 16 4118
6 45 6717
8 31 5251
8 71 35
5 69 2008
3 36 1883
6 11 3389
2 78 5987
6 80 2330
3 77 3004
4 16 9336
8 74 5110
10 88 6995
4 76 8062
8 71 320
7 15 6381
6 13 2489
2 62 7181
1 84 7740
6 82 7333
5 7 5921
8 63 2144
9 68 7121
10 50 9271
1 3 6514
1 38 6334
7 82 5106
2 82 793
6 32 9423
3 38 526
7 12 6323
5 28 1059
5 16 9782
1 15 8280
7 86 7445
6 83 7234
3 93 6071
8 75 1354
9 21 2881
7 62 8522
8 67 3604
2 4 302
2 40 1932
2 56 1051
7 87 8284
8 58 4197
10 29 5162
6 17 6756
6 18 8895
1 81 834
10 82 6028
2 27 3626
3 74 8863
10 66 8849
3 82 5568
8 9 8521
1 50 8075
10 91 2273
10 74 129
4 18 1874
3 63 2973
9 64 3782
7 52 7264
10 70 334
8 43 3171
10 65 6337
5 69 7160
3 87 5364
5 10 2157
5 18 7578
7 57 6087
1 66 9774
9 92 6340
8 92 925
4 55 1748
7 87 698
6 24 9317
10 61 321
4 96 5136
2 70 2972
8 82 4614
2 87 6484
5 93 8793
1 11 6973
5 75 960
9 6 1224
3 41 1600
8 7 4473
6 75 5536
8 17 7199
6 6 9755
9 64 1946
5 6 5068
4 96 5866
2 52 5873
3 97 4567
5 98 2265
1 78 8656
9 89 6968
5 56 2980
5 98 2004
8 63 5439
5 23 7956
5 54 6191
6 42 3169
4 97 6642
10 51 8495
4 61 3516
1 36 3479
1 57 7876
7 45 9883
6 46 9603
3 73 6858
4 75 6264
5 49 3266
5 76 3580
6 84 1813
8 3 5905
8 79 2545
3 47 2651
9 38 8232
1 69 2089
3 4 8874
4 80 7373
1 10 3364
8 61 54
8 64 2640
4 85 463
3 44 4724
1 31 3515
1 74 8240
7 33 8056
3 79 4957
9 66 8665
9 92 701
3 17 4909
6 28 29
3 74 3720
4 57 5302
10 52 1918
8 55 9196
6 42 9056
5 73 4487
4 54 3194
3 69 4732
9 86 2502
10 69 6656
10 47 9002
2 35 9200
7 14 8814
7 70 4642
3 96 5295
1 73 9829
3 51 5172
9 91 8159
4 33 5238
7 51 3804
8 41 7815
8 50 5665
3 59 1363
2 30 418
3 82 9244
6 82 7677
2 12 9190
8 14 718
2 36 4985
3 9 6125
5 1 3398
5 26 3874
9 93 9550
10 1 1015
4 49 8008
7 3 3946
3 93 2166
6 19 5437
1 93 7553
9 68 3958
2 6 3009
3 48 3675
4 54 688
9 45 7869
6 78 2999
10 99 2280
6 89 641
8 93 558
9 51 2198
8 66 3290
5 54 8241
6 17 8358
1 16 3230
3 73 7600
3 57 1770
5 40 5529
9 6 9074
6 17 364
8 43 2022
4 85 58
1 47 9909
6 14 980
5 25 5912
4 2 8388
6 100 779
1 2 2777
10 81 9533
1 60 6558
2 96 8132
3 19 8747
8 25 7532
6 68 7436
3 26 5513
10 31 9238
6 31 2439
1 61 8822
10 78 4260
7 60 9349
2 27 4689
3 74 782
4 97 3468
6 93 4119
4 58 9546
8 66 7656
8 52 3029
2 76 2387
2 19 7407
2 38 7288
5 48 5269
9 57 3813
2 45 2678
3 78 8641
1 47 9367
10 75 1977
8 55 9175
10 47 6747
6 28 8246
4 6 8679
4 93 1744
8 61 9209
4 56 1494
5 40 4918
3 80 6
5 27 9871
5 72 2824
8 80 4977
3 95 2907
9 40 1397
1 96 5464
1 67 9419
10 86 2032
3 4 4696
3 21 6356
1 63 2284
3 29 7093
4 1 9678
8 71 6651
2 6 5133
9 19 830
7 47 2319
9 48 5164
8 6 5323
1 52 8508
8 76 3309
5 92 8209
10 10 5382
4 34 3697
6 8 9269
4 73 8576
4 74 6706
2 79 7412
10 96 2471
9 70 5521
10 31 1651
1 26 9453
2 9 1226
8 45 4156
8 65 1759
2 76 3434
6 6 655
1 90 5547
7 83 9472
9 36 9625
9 63 1261
9 86 7457
8 76 3480
4 30 170
9 8 987
2 26 271
5 60 8318
7 27 5503
10 3 7492
6 9 1534
10 43 7304
7 53 1754
3 17 3032
4 8 4319
7 56 166
10 71 4068
3 55 2951
6 16 4243
7 89 4532
2 70 1934
8 69 4608
4 38 8968
8 83 6080
2 75 7790
6 43 7371
5 7 3935
4 68 1435
1 23 1196
9 28 2003
5 50 6759
6 18 151
5 16 1142
3 38 6461
4 66 2453
9 39 2823
10 78 4034
8 80 9618
4 88 3084
7 56 8464
5 9 2569
2 61 8430
7 64 7498
3 6 7529
4 84 4463
9 30 6159
10 78 2204
4 94 8468
5 26 5469
10 72 1004
3 44 9384
8 5 540
10 60 7537
9 53 9586
1 76 7755
2 7 155
1 97 362
8 59 1155
7 6 9419
3 52 6890
10 84 2595
1 94 8140
4 84 2780
4 97 3438
9 30 2466
1 88 5759
2 19 7850
9 90 9392
3 57 2740
1 80 5179
7 22 1840
1 76 1086
5 92 4346
1 68 476
6 36 937
7 50 5996
6 32 2946
5 71 8161
5 27 3569
8 18 3486
5 100 9208
6 62 9640
9 55 5062
10 42 4579
2 79 1256
5 24 2137
2 22 4171
5 72 3320
3 80 3288
8 16 3693
7 41 8187
9 60 6944
3 20 5462
1 83 3067
1 35 1318
2 85 8293
5 26 4331
8 55 543
8 68 9979
7 63 4601
5 38 9102
10 6 5800
4 26 1022
10 63 8365
5 22 6943
6 18 5669
2 52 2738
7 4 2030
9 44 5911
6 35 4039
10 70 7658
5 39 9294
2 24 4949
7 79 5431
8 38 9380
3 68 5625
3 22 9863
2 5 9134
6 93 6999
1 37 9436
10 44 8890
7 29 561
3 60 7824
6 98 561
5 55 7378
2 4 7476
2 22 8064
6 55 8777
4 1 4723
7 8 791
6 55 1564
8 38 4018
5 51 9493
9 74 1736
10 99 7855
5 34 850
3 75 1451
8 25 7685
2 71 8248
8 56 8537
2 93 670
6 66 6207
5 34 9613
9 61 1439
1 52 3646
2 75 7631
9 50 313
2 47 830
2 82 6930
8 77 1993
7 17 1863
3 19 7317
3 11 8506
4 22 4324
9 87 3658
7 54 6572
1 52 5347
7 12 4061
9 58 2194
4 51 2370
1 61 3061
3 52 5437
5 18 3119
2 75 235
6 99 6157
7 33 6656
2 61 2660
4 74 7900
3 56 170
1 31 9216
6 32 3008
6 65 5408
9 55 8284
8 96 1021
1 91 7897
9 27 2806
4 84 4617
1 30 7960
7 20 6395
9 38 4835
9 38 3099
4 46 767
4 49 4118
10 79 8485
3 6 7178
8 99 6373
2 79 9873
5 57 8314
7 68 1125
10 20 7587
2 29 4472
1 16 773
8 75 9002
8 29 7085
6 11 1898
4 39 2865
4 94 999
1 50 2920
4 77 6653
8 44 506
8 73 3953
5 15 9723
4 2 9237
3 36 7708
2 37 3243
3 24 1684
3 28 9679
2 57 7137
5 29 3155
10 13 4005
8 28 1366
2 70 4612
6 49 3764
4 73 1096
2 17 3143
3 61 4761
3 70 3718
8 12 6952
5 20 9347
10 82 8605
9 74 6158
9 80 2050
5 57 9579
8 8 4426
10 81 5957
6 42 5663
7 68 3493
10 56 5914
9 67 2059
7 77 6655
8 68 985
3 21 4534
5 37 1616
1 1 3670
1 84 77
9 50 8324
8 98 7498
4 12 3098
2 20 6806
3 42 2950
4 81 4820
4 27 8050
1 88 610
8 63 6943
9 65 7252
6 80 6311
8 41 9760
1 97 3407
8 73 1112
2 52 6736
10 70 2606
2 47 9571
7 11 157
6 43 871
9 4 4227
10 6 5127
4 55 4468
7 66 7891
9 64 9928
2 50 2039
4 78 3571
4 12 206
6 8 441
8 50 8003
3 88 9710
9 48 6689
1 97 473
5 21 2986
8 50 3232
8 33 6090
6 58 9471
5 8 9247
7 42 126
8 28 2933
4 99 5380
6 68 4978
1 29 3987
10 45 6977
10 14 835
5 6 7831
10 19 6293
8 34 4053
4 74 324
6 1 4897
7 34 4410
10 89 9220
7 67 5184
3 2 1876
8 61 3263
2 25 6924
1 95 2830
10 45 9669
9 19 6378
5 92 2714
10 27 6244
2 69 5373
2 38 5160
8 36 1974
3 44 1828
10 59 7230
2 34 2450
7 36 2208
4 98 9730
4 44 5208
6 43 5342
6 22 2786
5 36 2887
6 76 5165
9 51 1942
5 53 2764
5 9 4191
6 94 2394
6 73 3740
3 63 9471
3 3 3585
3 6 547
8 53 1247
1 10 879
3 36 3584
7 4 9478
2 99 3225
1 53 494
8 95 6777
9 22 2761
8 72 477
10 72 8303
6 49 5541
9 6 3462
1 30 3046
6 92 9056
10 16 6203
2 58 6322
9 69 3720
4 5 5191
8 94 9563
7 24 7195
2 79 8790
10 43 2379
10 37 241
4 6 1519
8 59 3381
2 4 928
5 48 6833
4 89 868
3 36 7665
4 53 5106
7 57 4429
4 67 8825
3 83 2309
7 64 656
7 5 7767
1 42 9457
3 23 938
1 78 6558
8 92 6543
9 45 2430
7 42 3013
7 1 1459
7 30 2248
5 52 9132
5 13 8859
7 21 7429
9 56 3280
4 64 3359
9 82 8347
3 60 8473
4 84 4119
7 11 9636
3 57 1313
3 48 1023
10 56 4967
6 77 5249
5 67 5198
8 5 8832
1 38 2886
4 82 7527
9 73 4233
6 60 3449
9 58 3881
6 33 4448
1 38 8572
6 16 3107
2 3 2864
9 95 6087
4 36 4833
2 96 5022
4 47 1821
8 19 5751
1 74 1281
6 97 8296
3 22 465
1 53 6672
10 61 5545
7 69 9826
8 12 7109
10 17 9707
4 61 4595
10 74 1648
7 76 6480
9 31 6220
9 90 2902
5 71 8580
2 81 1441
9 74 4602
8 10 9006
2 37 4378
5 3 9687
6 45 8541
4 6 9937
9 44 4059
10 61 484
1 38 7081
3 58 1405
2 38 958
5 58 8251
5 54 2196
2 76 1455
2 35 6262
6 88 7078
3 44 5547
9 35 9404
10 18 1933
3 88 436
6 14 411
3 33 9219
5 59 6095
8 27 9674
7 13 70
10 46 51
5 39 4474
10 39 7037
1 9 1269
1 82 3912
2 73 7749
3 89 8741
9 55 9396
8 85 6423
9 79 4255
7 78 9778
9 80 5613
2 63 6237
9 80 3300
10 88 800
7 8 9371
7 34 5784
2 16 8680
7 95 8027
10 54 3860
7 20 1545
3 43 1226
6 84 7862
10 40 5940
10 7 9937
9 67 7327
6 22 9297
5 7 3441
1 3 9483
4 85 1602
8 45 6931
7 57 6657
10 53 2930
1 33 8122
4 90 2732
10 92 3175
7 45 4761
5 5 1902
6 79 8564
1 18 451
3 84 2232
2 67 4269
2 66 2892
8 86 3519
8 20 4903
6 36 130
10 17 4752
1 97 2492
6 25 5243
6 83 2740
2 83 7322
1 79 8648
3 22 1009
5 2 936
10 86 8286
5 11 1931
8 74 482
10 37 562
2 13 7295
8 32 7043
9 51 5410
1 34 6569
8 58 4514
10 75 799
8 93 6845
9 48 1791
8 100 9144
2 56 2700
4 25 7962
2 74 6586
5 24 879
7 79 7293
7 50 4345
8 32 2885
8 19 2809
9 93 3229
1 34 1570
5 78 9552
7 80 4476
3 23 5725
7 41 9609
4 5 8745
8 3 1099
3 41 8993
7 55 6084
9 25 1787
1 62 4596
5 37 5927
10 58 1984
7 100 8799
10 7 5626
8 90 4699
2 8 3617
1 45 2494
4 28 7228
10 3 5981
10 53 2265
10 64 9703
9 11 2896
8 72 5422
8 10 8722
8 78 6830
8 16 8572
10 91 8202
10 60 1679
7 55 9806
6 69 8524
3 2 7036
10 79 9935
1 71 2923
4 42 9419
9 32 92
7 65 7110
5 16 5315
4 50 6787
8 7 6244
7 71 6453
7 4 116
9 34 6920
4 24 6177
1 41 6543
7 15 6121
5 22 9522
10 4 7597
9 5 6757
7 94 3484
10 69 6364
3 71 1636
10 15 5852
1 100 2317
10 5 2559
4 47 3561
1 28 9769
3 27 2547
3 19 9182
5 92 5876
7 21 9202
10 59 3458
5 75 1709
6 67 6803
9 13 7682
10 15 4380
1 42 4191
2 56 9753
7 94 9441
8 69 6714
9 36 8585
7 50 7815
9 41 4810
1 86 5575
5 87 3720
10 18 6394
9 76 4466
10 36 3200
10 57 8097
8 7 7658
8 43 9314
2 41 320
7 95 3555
7 79 2380
6 89 6161
7 87 981
6 26 8725
3 38 565
6 43 6618
10 19 410
8 18 4467
4 26 7384
3 73 1706
5 99 5696
6 63 9986
3 36 3506
7 46 5426
6 49 7921
10 99 5619
8 36 501
8 31 7889
10 66 7507
8 32 2667
4 65 704
7 93 7631
10 61 188
5 86 4333
4 13 6825
3 62 6882
1 36 62
10 1 2230
3 27 739
6 93 9319
2 16 7658
6 42 5034
8 4 7606
4 93 7913
8 85 7489
2 31 9063
5 54 9880
4 8 876
5 76 247
3 96 1767
8 41 9255
3 94 2043
5 81 7742
7 38 9950
3 76 497
7 27 3005
8 46 9149
2 45 6935
9 34 7386
4 58 8427
1 2 5415
2 53 6104
7 15 6099
3 10 1622
1 78 2049
9 39 4185
8 59 6359
6 63 7948
8 2 7068
6 41 1972
8 52 4355
6 29 1223
6 40 5386
6 42 2997
4 45 7001
5 61 2323
2 75 7627
10 86 3475
7 52 2916
10 30 5908
7 84 388
4 57 2293
7 22 9338
2 81 1797
7 29 810
8 32 1163
9 64 7650
2 12 9753
10 92 7085
4 37 3328
1 16 6978
9 49 1332
10 62 6321
9 20 7664
5 78 798
7 89 3894
3 96 5597
6 82 4570
4 45 3099
9 68 2981
10 50 1636
3 58 3376
3 63 1609
1 43 8385
10 48 7603
10 91 2096
9 3 9162
6 53 1181
2 53 6318
8 27 1442
10 75 3060
7 95 3483
6 23 2631
7 78 7422
1 24 9157
3 85 1578
7 59 9533
10 43 9174
1 15 7255
7 17 581
3 89 5868
5 97 1419
6 14 500
1 54 9421
8 53 8862
5 70 4962
8 6 8323
2 29 9632
6 24 4173
6 100 1726
1 82 3143
5 42 6456
9 96 4003
6 79 7749
3 68 493
10 86 6359
6 48 6270
9 66 1013
1 31 5736
1 71 4697
10 25 3476
4 66 1211
4 55 9932
1 94 1558
10 50 6748
8 4 9366
5 46 67
10 65 6332
4 16 1614
4 43 6747
4 53 678
5 69 9276
3 11 7600
7 54 7685
3 38 1941
3 77 1263
1 73 4289
8 34 7159
9 91 6523
7 15 1921
8 60 9252
7 71 2693
3 41 6549
1 50 8206
3 1 3456
10 65 6531
10 18 3400
3 42 7716
3 90 439
8 94 5508
7 6 3111
1 79 9037
2 57 9719
6 31 8075
3 86 3124
10 64 8216
5 60 2715
2 27 9737
4 62 6560
10 62 3890
9 27 5059
9 27 5364
8 99 7666
6 68 9635
4 42 3548
3 95 6252
4 73 8026
8 100 2937
5 11 4423
8 45 1804
10 91 5068
1 7 7
8 90 2973
3 10 5447
8 93 3427
7 50 5823
2 54 853
5 28 2903
10 62 4970
6 42 3840
5 15 6758
2 55 3688
2 87 9646
10 64 5958
6 29 7019
9 36 3774
5 17 5136
6 2 2718
3 46 5519
9 89 8189
8 99 9342
6 94 7169
6 23 8045
2 13 2037
5 38 7662
1 89 6269
2 42 5739
6 87 6152
8 92 6170
6 84 5247
7 24 3158
2 39 9726
3 80 1668
7 62 7913
10 24 7125
7 27 5872
4 59 6994
3 62 5981
8 40 1194
7 88 927
1 49 1940
8 57 606
6 23 9300
6 1 5336
2 80 2596
6 35 440
2 65 5770
6 95 6366
3 34 5993
9 2 9091
9 77 1683
3 82 6309
8 43 7021
5 11 4630
4 50 5209
3 69 9363
10 57 5433
4 100 6440
1 91 6773
6 21 3491
9 55 7154
10 40 5425
10 80 8722
2 80 2719
3 30 609
8 27 9239
3 5 7018
7 93 6452
10 59 4619
8 50 2088
5 17 39
10 74 3335
7 59 8411
9 93 3310
7 35 8984
1 57 9315
8 31 147
8 67 3684
5 69 202
3 76 3040
4 76 7325
7 92 8714
5 11 7775
9 99 1603
5 38 8586
5 58 7727
6 62 2430
7 35 4908
1 31 3901
2 36 7975
4 20 5928
8 84 1971
7 75 9252
3 9 6281
9 92 9111
3 67 9512
4 79 90
10 98 2882
10 69 8382
7 34 508
8 30 1129
5 24 4441
5 42 5236
5 58 731
1 90 8975
5 32 9760
4 57 1534
8 88 4197
4 40 5592
6 60 6768
5 56 3629
6 25 4337
9 70 4910
6 65 4211
5 98 6967
7 37 2808
1 27 3737
4 51 2927
3 7 2503
3 23 6876
8 62 3625
9 54 3560
6 80 6260
6 97 5016
7 71 6804
2 41 3291
8 36 4794
7 45 3027
1 97 4040
9 41 6637
7 25 928
9 29 7980
9 76 8905
3 40 2979
3 20 7966
8 12 1442
10 98 5780
2 74 9872
2 79 15
6 43 1717
1 92 5953
10 66 7256
4 20 3077
5 59 8424
10 25 1324
7 84 815
8 52 2062
8 67 2334
6 75 2387
5 5 8191
1 76 3921
2 39 4189
10 89 2694
10 28 3776
3 97 677
4 79 2271
1 2 5751
6 73 3521
10 73 2713
6 61 4572
5 6 2126
7 99 3678
9 38 8655
4 56 1231
2 5 3466
4 69 4760
6 65 2557
10 88 1228
8 20 709
10 49 2170
3 43 1597
7 27 334
3 16 2135
7 79 763
2 79 8363
2 47 6168
2 21 5146
5 79 3395
2 37 3689
3 51 6582
3 74 9
6 28 8413
8 57 8862
10 37 2934
5 16 4739
10 66 2316
10 38 7148
2 12 4905
1 72 6159
3 26 4871
4 93 9923
9 14 4570
7 50 7835
1 29 1371
1 1 2125
4 18 4148
6 12 824
1 31 7146
4 33 2322
10 70 3033
6 29 5410
9 84 5920
10 12 2505
10 11 8767
6 56 6151
5 74 495
5 27 1575
8 65 741
1 74 9377
4 53 5137
4 81 8040
7 91 1413
5 71 3869
2 38 1632
9 77 2986
4 77 7486
6 31 5777
6 3 1201
4 35 3828
1 24 268
2 97 3203
8 57 3569
10 95 4116
10 23 5911
9 35 4465
1 4 5783
5 86 2416
8 57 2638
4 33 9909
2 34 948
5 61 6496
7 87 7921
4 79 1292
5 68 4392
10 46 9152
5 4 7337
9 61 5283
10 67 8509
8 22 3736
9 53 5282
9 27 1309
4 32 2841
2 96 2918
5 22 6467
5 71 4796
9 34 2419
1 96 6207
5 67 6880
2 59 3359
3 24 9968
8 25 7002
6 49 2604
9 77 5743
1 34 4071
5 71 8199
4 18 8606
3 35 4706
1 60 3866
10 96 6618
8 55 6705
6 24 7563
6 54 9893
2 69 9347
8 65 2411
9 8 9139
1 48 9265
4 22 7957
4 12 9887
7 70 3706
8 59 7775
5 84 8003
8 92 35
7 25 5205
4 91 1173
2 67 7842
8 34 1725
3 74 654
2 78 6982
5 24 3281
2 39 8192
1 48 5240
6 51 2083
2 60 9470
6 36 7113
1 43 191
8 55 3074
6 82 9340
7 25 3335
6 77 6698
5 77 8002
2 8 7661
5 32 3652
7 87 9646
4 28 1941
6 12 7128
2 65 184
7 77 3099
5 96 1757
9 56 1370
1 100 9485
4 27 4742
4 97 7877
2 41 4240
3 18 3342
4 41 1492
6 14 831
1 69 4613
8 42 7168
1 89 7893
1 72 2894
5 70 1793
2 73 3189
8 79 7313
2 72 1056
6 75 2929
9 40 1650
4 62 9406
5 84 788
6 66 9898
7 47 4591
2 21 8892
10 47 1259
9 14 4909
4 54 3773
10 57 9870
7 47 9244
10 94 7136
10 59 5359
2 41 8329
4 45 1837
3 75 3513
6 35 4249
1 61 7906
4 74 5795
5 37 2988
6 83 7008
7 80 9313
8 1 5817
9 87 7710
10 31 5634
1 58 1974
7 33 9921
9 9 5100
6 59 5505
9 98 4636
9 73 1458
3 48 5569
1 26 3873
10 27 3551
4 10 6110
2 47 1657
5 72 3271
3 44 7968
4 93 3172
10 51 2237
8 14 5623
4 77 7906
10 9 3341
10 9 3360
2 90 8244
10 38 8930
1 100 6713
3 49 2622
5 3 9452
1 46 5240
4 21 7140
8 39 3778
6 50 9241
9 7 4136
4 51 7298
5 4 4927
1 96 979
7 61 2788
9 65 7902
8 12 4466
5 56 8956
8 47 4636
3 56 1236
1 72 1447
6 55 7221
2 34 7992
10 81 8334
10 78 2657
1 97 5768
3 72 446
7 99 9302
4 81 4916
9 46 6873
1 10 5216
6 10 6311
9 87 8030
7 70 5092
4 17 6975
8 56 3042
6 23 3913
10 62 4276
8 82 7752
5 19 8848
5 36 901
1 14 6282
1 63 4864
5 26 3076
6 46 4033
2 70 2521
4 96 9965
4 54 603
8 43 2385
4 13 1257
4 27 6598
7 25 8992
1 3 8693
7 6 907
6 22 3242
4 51 7980
5 39 9192
2 28 80
4 57 8588
3 97 7230
3 54 6089
8 3 5879
10 17 3631
4 10 7866
9 60 5822
4 55 52
7 40 1925
5 31 4395
4 83 821
7 8 271
4 54 3298
3 28 3890
6 43 2422
6 58 3766
7 23 6165
4 42 5848
9 79 3246
5 66 739
3 23 3579
3 67 9957
3 52 712
1 43 2377
4 49 5412
4 72 4118
10 75 617
6 40 9667
1 8 4386
1 64 8516
8 84 5021
1 3 1443
2 64 3201
1 84 393
3 41 1637
4 11 7957
8 99 4863
1 78 3680
1 37 422
1 28 1841
2 4 5154
5 68 2582
6 67 8662
2 77 5155
1 77 2936
5 54 4215
3 45 4970
5 27 7946
8 75 148
4 70 5336
2 5 8714
10 69 273
7 3 3898
1 96 3950
1 49 8888
10 15 5405
8 25 911
4 90 8375
8 39 4568
9 81 8561
9 16 462
2 3 5890
8 75 8645
7 16 7676
3 94 1109
1 64 3062
7 62 3197
8 5 6010
3 49 162
8 52 8467
1 58 2151
2 82 8577
7 38 6111
7 23 4473
9 63 5773
2 50 3506
7 47 6253
3 30 6644
4 55 8821
1 85 9871
10 55 4561
4 87 4426
5 59 4737
8 89 7304
2 100 54
5 23 9898
5 96 2967
1 88 3282
7 64 4110
10 56 8304
8 45 4779
4 14 3753
5 38 375
7 28 4085
1 55 5168
4 57 3542
3 36 4215
9 80 3308
7 17 2446
8 69 6862
7 4 8895
8 85 4017
10 62 8023
4 54 4458
10 40 4445
6 11 3051
3 70 9760
2 19 6995
4 89 3376
10 72 5485
9 65 9520
3 12 8269
6 33 3576
9 64 5959
7 29 7766
1 93 8641
3 65 7590
9 84 618
10 25 2474
10 4 185
8 69 9359
5 53 1112
2 18 3593
4 43 2738
6 9 9605
2 23 6078
10 15 4414
1 83 7981
1 10 8481
7 85 3955
4 27 4273
8 8 8954
1 15 5579
7 64 1481
7 38 7877
8 49 2203
5 29 8768
4 74 7662
5 93 4218
5 22 7312
9 16 6051
1 62 9821
7 74 980
10 100 6193
4 38 1571
10 96 6208
6 42 6468
2 43 326
7 34 9824
9 92 2646
7 95 6482
6 5 6278
3 51 7351
6 63 3537
2 82 7042
2 25 4078
10 73 4174
1 43 572
6 77 1512
3 35 8343
2 85 2059
1 6 2426
2 65 1386
3 86 6356
1 84 2046
8 67 9436
3 83 1534
9 53 2236
7 15 83
3 58 2209
7 7 297
1 59 6635
8 37 8291
7 24 1667
4 12 1593
1 50 3406
4 74 5199
5 55 165
5 28 6316
2 83 6611
9 93 4379
1 55 6805
9 37 2611
9 82 1836
7 73 2290
5 72 3501
5 75 5614
1 76 797
1 61 558
2 81 8986
4 53 7013
6 80 4776
9 92 272
8 2 1080
3 94 8478
7 55 5168
3 38 9797
2 46 5570
9 92 1038
3 72 1088
6 78 2197
3 3 3095
1 45 5609
7 29 2388
7 17 3295
9 39 4230
3 41 5099
6 58 1107
4 96 6596
3 47 948
1 19 7937
3 14 533
9 8 9992
3 67 4682
7 29 7703
6 19 6241
9 33 5145
3 40 4068
1 20 8101
5 92 934
7 68 2331
10 41 96
6 88 2385
6 56 4241
4 16 1288
2 23 8976
7 9 4395
10 10 6544
8 50 5554
6 21 1090
2 66 9792
10 85 2542
1 19 4798
2 88 8566
2 45 7315
10 86 2766
9 50 3784
8 17 4025
5 61 8375
4 88 1600
3 89 5426
9 57 5098
5 38 5382
1 25 7794
1 34 856
8 83 4407
1 46 1247
5 52 9830
2 7 3088
3 42 1864
1 1 9519
9 21 8083
6 96 9966
9 23 9204
2 54 7634
5 99 9441
4 35 2440
2 82 6190
6 62 89
7 86 8113
9 23 4053
7 16 120
7 11 5755
7 31 5748
4 17 6868
9 17 6820
7 28 9980
7 41 3238
7 16 6146
7 54 9310
10 54 2442
5 50 9455
4 50 3769
7 85 7747
6 83 1013
7 65 4251
7 75 5344
4 97 2434
5 50 1576
10 61 5807
10 52 6597
4 93 493
8 70 8173
3 40 5720
8 63 798
4 58 3844
8 40 9088
5 55 4390
5 46 8002
2 95 1212
3 92 9866
5 38 70
8 74 4144
10 21 6965
1 55 2527
4 75 9742
8 18 9318
6 10 7560
4 68 4819
2 5 4153
4 12 6342
6 32 1617
3 9 4590
2 27 2848
7 28 9338
2 43 3970
2 41 9703
9 98 2523
6 81 4485
2 90 9456
9 39 3137
3 36 5387
8 13 8922
2 28 9110
7 86 9066
5 40 7225
2 90 6369
5 56 5425
1 57 200
4 46 9855
1 59 4319
8 48 1775
8 4 2288
7 97 9322
4 75 3054
5 14 3148
5 27 618
9 60 8349
1 22 5543
8 46 4892
6 21 3978
10 65 6277
8 69 6820
5 5 6603
3 23 3646
6 57 8934
10 33 7603
3 87 9458
8 38 9596
4 44 4330
6 28 4352
1 17 8125
5 93 6182
7 97 8830
8 51 3596
6 99 5846
3 68 4614
4 51 8205
5 39 9589
2 68 5949
6 54 372
3 60 757
3 45 8460
8 84 9091
3 67 546
4 7 6453
9 47 3250
6 81 1902
4 9 2992
5 2 9050
5 8 2951
4 79 4512
7 77 4913
6 28 91
10 70 958
3 49 9035
7 1 5496
5 83 605
5 94 4508
5 46 6330
10 47 9402
1 100 403
9 71 6915
7 13 554
9 54 5614
7 86 7586
4 17 6391
8 33 6587
8 22 429
5 68 3336
6 47 6264
10 29 2284
5 78 8607
3 78 7036
7 83 9757
1 75 2111
4 81 4526
4 45 1153
3 44 3444
6 93 4978
9 87 8709
7 32 6198
7 24 8947
2 88 9130
2 3 1587
1 50 2922
1 21 1399
10 20 2491
5 85 8540
4 28 2331
9 61 8759
10 2 7254
3 52 8972
4 9 6694
9 32 9039
8 66 5199
9 52 9326
9 40 3561
5 78 2897
5 49 1897
6 35 8556
1 20 867
5 45 6258
5 96 7930
2 17 6584
3 77 790
10 65 2817
6 19 5551
10 91 9075
3 17 3448
8 2 5171
2 6 8355
4 75 2675
10 100 1259
9 87 8924
10 18 6160
9 34 8654
4 59 4710
9 100 9502
7 41 1100
7 11 7797
5 83 4376
4 99 2635
5 30 6684
4 24 7586
7 60 7788
9 62 2814
8 90 7651
1 22 986
6 98 7158
8 62 8890
1 44 8417
6 41 4734
5 9 3790
2 6 6404
6 72 4662
5 70 1223
2 37 3360
9 53 6999
3 98 2292
5 29 1723
3 55 8616
9 14 8281
7 53 3836
10 89 845
7 57 1480
3 7 3538
3 83 6711
9 23 2391
8 26 2490
2 96 2219
7 14 1305
6 87 5528
6 60 1314
3 92 4792
7 70 176
2 42 9899
8 38 9604
5 95 4709
1 74 5206
5 13 7213
9 37 1845
3 83 9268
10 50 7238
10 70 5900
4 47 314
5 23 8141
7 65 3777
9 61 801
9 70 7245
8 50 7996
7 4 7192
4 41 6160
5 80 6942
3 42 8322
5 57 723
7 64 3453
8 31 9525
10 51 9696
1 43 9233
9 13 4677
6 82 3676
4 15 6496
6 22 586
9 45 9164
3 66 2756
6 33 4017
1 18 5636
2 81 1613
9 56 8421
2 56 5256
4 80 5654
1 24 8066
8 27 3955
5 69 5593
6 100 1857
1 90 1296
10 97 3677
9 93 6407
7 21 1289
6 78 4875
2 16 8948
10 8 6338
4 78 6497
4 93 7912
5 63 248
1 42 5776
7 26 1320
5 100 1180
9 12 8185
2 38 3792
5 44 1209
3 11 2845
8 73 7676
6 86 5247
5 88 4785
2 53 5194
2 97 3365
8 98 4901
4 53 2065
4 76 893
8 7 8110
6 67 7550
10 55 8184
7 67 7761
4 57 4039
2 81 9894
7 37 8554
10 74 7382
6 12 8262
10 46 9955
10 93 8535
10 94 4095
5 80 2904
10 9 6360
8 93 1001
7 40 7189
3 1 6263
8 17 2048
6 70 7123
6 11 8815
5 4 4844
10 21 7313
8 20 1134
9 4 1215
4 59 733
6 65 4605
2 36 4456
3 68 1287
7 63 3140
6 66 1577
3 84 5358
1 21 1238
8 21 8012
7 72 3065
7 81 5698
9 85 3771
7 44 1436
9 37 1501
7 87 6945
10 73 3805
7 30 4189
8 33 8058
8 45 9408
7 15 397
2 39 8746
8 87 4110
10 89 429
2 18 5568
10 26 877
6 92 9267
8 43 1676
8 12 515
5 4 454
7 56 7126
1 32 6160
3 92 1786
3 88 7811
3 83 9624
3 90 9299
6 84 4358
7 54 7709
2 91 633
3 12 574
2 11 3597
5 100 810
5 90 50
9 62 3226
4 78 47
4 22 3192
9 83 9801
1 10 5135
8 58 8253
4 33 696
10 65 2835
10 79 9724
9 54 2935
1 41 67
5 54 9172
9 78 799
9 77 5686
6 67 8668
3 55 2710
2 44 4200
8 29 8414
5 45 211
9 87 6553
9 19 5705
9 65 5235
2 21 7239
5 80 3898
6 76 9236
2 51 3756
5 48 2359
6 49 4289
7 5 5754
7 2 9611
10 72 9688
6 92 3481
2 54 1982
2 98 2525
6 26 1344
8 9 7166
2 30 3769
5 70 8867
9 58 4034
3 99 9407
6 70 833
10 18 493
8 91 4925
6 89 5953
4 12 891
9 100 4201
5 94 3093
3 75 1075
5 96 4556
10 20 5979
1 81 4032
1 56 6353
5 92 4223
9 47 4487
2 1 4809
2 77 30
10 13 537
4 83 3774
1 13 850
4 92 3714
10 14 7492
10 31 3868
4 53 1610
2 56 4387
5 14 3066
6 16 6088
7 34 2092
1 85 7177
4 11 1501
4 81 9891
6 21 4313
2 96 4678
5 47 1148
8 25 8618
1 55 6735
9 69 6819
4 46 6492
4 46 4967
10 83 2558
10 99 4997
8 96 3880
4 87 6572
8 1 1023
7 9 8797
1 34 9288
10 82 8689
7 7 5538
1 17 2034
9 64 7030
2 66 6674
10 5 8776
10 85 1988
1 20 3987
7 40 5618
10 98 8065
9 68 1712
2 93 1129
9 5 8356
5 19 3186
5 53 1583
3 77 2558
5 14 1546
2 85 5271
7 97 3783
3 52 3564
6 71 5388
4 12 2577
7 50 7689
7 84 8831
6 38 4856
1 93 8527
10 21 3876
7 53 2866
6 12 8607
9 9 9343
8 5 8196
5 45 4765
5 45 1706
7 80 1219
9 65 1234
5 34 7429
3 99 5567
6 99 9314
8 25 5517
1 65 9635
7 55 4169
4 80 3470
2 50 5049
6 36 3397
10 25 4284
10 24 5730
3 10 2400
5 84 3954
7 10 3878
1 77 8846
10 53 5747
9 14 8427
9 46 4770
4 51 964
1 88 1062
3 53 4908
7 66 1188
9 39 6381
5 2 9291
10 11 9283
4 10 5418
3 89 9100
1 70 514
8 12 9532
4 87 8204
10 13 9662
8 84 134
6 79 7374
4 80 8984
1 41 7482
10 37 8487
6 66 2259
10 79 1065
7 72 2210
4 100 2222
9 55 8251
3 83 1920
3 71 1309
10 13 8292
2 39 2385
2 80 2904
2 60 1844
2 85 7991
6 52 2179
1 47 6807
10 78 8620
10 70 9056
5 65 5099
1 43 3385
6 93 5066
1 91 4252
10 54 1027
5 2 2706
8 45 4519
5 62 3796
6 87 4569
6 46 1894
5 36 5931
1 65 4634
4 58 7419
10 31 5406
5 5 823
10 35 4092
3 83 6944
8 51 8401
1 76 349
3 83 6551
7 91 1124
9 84 7802
8 100 4360
8 71 5031
3 74 1877
8 38 967
8 80 9788
2 28 9555
6 72 8667
1 100 8840
9 84 2967
8 73 5143
7 47 8490
9 19 8017
4 33 1998
6 88 3668
10 30 42
8 33 3803
6 37 1503
9 98 9219
10 84 5840
5 61 3378
1 28 7828
6 81 7065
10 15 286
10 89 9619
8 71 442
5 31 3956
8 24 3560
9 77 429
6 56 4617
8 30 8119
2 80 9528
4 69 7280
7 83 528
7 20 5143
2 20 392
10 26 4706
10 39 4060
5 16 5717
10 89 3484
9 7 7518
3 19 971
8 41 5557
6 77 1225
5 6 8153
7 60 623
6 89 2731
6 51 9937
8 2 2705
7 75 5664
4 24 5159
8 70 3828
7 87 9588
8 4 5332
9 27 6662
9 61 5438
9 7 3673
3 34 8424
4 100 8071
2 46 2644
1 19 1239
3 61 1371
9 20 7212
1 6 8903
5 48 3007
1 34 872
6 70 4508
4 59 9500
5 52 3939
4 65 5282
7 6 2119
1 14 2201
10 94 1434
2 47 7506
9 68 7676
7 33 129
7 35 2193
10 45 6131
5 88 6347
4 37 4415
4 77 7615
7 60 3913
2 78 7978
3 40 8923
5 41 896
3 59 645
1 76 2720
1 31 1692
10 93 1612
7 48 4907
9 92 7905
1 95 7506
6 42 2913
9 23 9407
2 83 5
10 57 3704
5 64 9018
7 52 9302
3 34 4520
9 51 3771
3 18 5725
3 45 7156
3 25 6484
2 47 4196
10 61 5802
2 20 3307
9 18 101
6 33 6546
8 13 5613
8 23 5542
9 97 5586
6 89 8990
8 72 6554
7 60 9125
3 14 1183
6 61 4792
10 98 1159
6 2 5085
2 92 7077
7 97 6060
6 14 2549
10 90 6745
2 89 9453
2 72 3637
2 56 3483
1 83 2330
4 50 9122
7 90 6231
7 72 3063
10 83 4468
7 57 8692
6 34 8596
9 67 2787
6 10 5221
10 1 3745
7 25 2171
7 62 8587
5 82 5451
9 27 4923
1 77 699
7 2 2408
2 51 2723
8 11 4735
5 56 148
6 98 7643
4 73 4495
2 64 7879
1 1 3692
8 85 9040
10 84 5315
4 64 4149
8 38 6255
7 31 3277
5 13 1831
4 5 5987
1 91 3697
1 95 8588
4 80 730
10 44 7586
10 6 696
2 80 4302
10 10 7565
3 1 2273
2 65 9371
10 78 3922
7 60 3832
6 38 3902
8 84 6157
2 93 9823
4 94 3805
3 50 5930
9 77 3374
9 26 779
5 21 1399
4 9 8408
3 96 684
8 31 2646
2 13 8669
7 24 4149
8 59 8204
8 7 9746
9 26 6080
7 63 6926
10 38 19
7 1 4248
9 94 9462
7 88 8909
7 43 3108
9 49 8899
5 15 7973
4 96 9485
9 83 2106
6 40 728
9 7 6113
2 9 6775
3 62 7556
9 60 3055
8 4 6147
7 31 2074
4 28 606
9 13 8421
5 40 7626
4 78 7629
6 6 3174
1 63 6896
9 79 5003
2 59 6831
2 42 1343
9 37 2952
1 47 6255
4 85 9574
9 4 5397
5 51 2130
5 75 1848
3 14 4727
9 8 3112
7 53 206
5 81 260
7 49 6003
10 5 2331
1 56 5748
10 96 4020
7 49 7862
4 69 8600
1 61 4877
5 29 6889
2 32 2128
6 3 4125
9 19 458
10 3 5490
4 17 4381
10 33 7968
3 88 3751
9 69 491
5 75 3905
9 5 5907
7 95 9011
10 86 3247
9 33 9227
10 54 5058
3 66 9455
5 6 4660
4 21 4165
1 60 4152
8 69 8455
6 2 2410
10 32 3289
9 7 3679
5 89 8589
7 73 8424
4 69 2150
3 53 2785
8 33 4909
6 11 4515
10 54 127
5 21 9711
4 6 8583
8 61 2859
2 10 288
6 56 9055
9 78 1964
7 27 4755
2 81 7758
8 21 8760
7 49 8182
6 79 9049
10 42 4342
2 97 3755
9 93 9759
6 26 2474
1 84 6988
2 89 1359
8 35 9309
8 95 775
4 40 4318
2 7 5260
5 76 4093
7 66 7420
7 8 143
10 82 9305
5 48 5466
2 23 6540
10 22 2395
6 11 683
9 28 216
1 17 1383
4 60 7783
4 54 4419
8 47 40
9 91 3128
2 85 6021
7 21 2521
4 87 4461
7 93 6246
5 88 8419
3 44 3086
6 74 6611
6 33 415
4 19 808
7 59 1042
2 51 79
10 75 8082
2 26 3682
10 68 3424
5 37 1103
10 24 2398
4 15 2859
3 30 5996
6 21 6592
4 82 7884
1 62 5562
3 71 3582
7 50 3282
4 55 4465
5 1 327
7 28 2508
7 31 3509
1 65 1942
4 52 9673
10 89 7802
5 81 5524
6 37 7835
4 54 5029
5 82 8186
5 30 3404
1 11 2630
5 44 9824
10 71 7685
4 72 4443
9 17 9464
1 34 52
9 33 9984
9 95 8997
6 75 9181
2 96 5176
5 71 38
9 73 2192
9 84 3894
3 12 3472
3 100 3961
8 54 102
2 75 628
3 2 9206
7 74 8247
5 28 3146
9 86 2759
3 62 3109
3 91 1925
4 21 1632
9 40 6667
6 78 7247
1 54 2288
3 52 8293
1 88 7926
2 53 2482
6 63 4980
8 30 2214
9 56 1097
2 66 5920
8 52 7173
2 31 9726
5 27 2922
4 90 1886
1 57 3695
5 72 2227
4 56 828
5 32 3188
1 64 9845
10 40 4655
10 63 787
3 73 5257
6 71 2768
10 2 4807
10 77 7636
9 27 5259
7 52 4083
9 57 7845
9 27 7229
7 88 303
2 3 618
4 49 8697
8 61 4983
2 60 3952
3 93 4415
7 30 3331
1 60 9792
7 91 7350
2 83 3483
1 19 3779
10 80 1374
8 82 6175
4 55 2219
2 49 8880
4 76 9470
5 34 2571
8 75 8468
10 1 6949
8 47 206
1 62 7969
4 18 8024
9 95 4972
2 43 2914
2 83 8066
10 78 6023
5 2 5615
8 70 8706
2 66 4677
9 79 8802
7 82 9818
1 54 3237
10 53 7423
10 46 30
10 68 9376
1 2 9042
7 68 2681
1 9 2970
2 60 6786
5 88 8918
7 42 8062
6 2 182
1 26 2067
1 20 5729
9 72 10
2 84 4847
7 22 3011
2 99 3040
5 71 4489
9 53 5394
8 100 2341
9 2 694
10 12 7505
10 8 9322
5 87 9362
7 97 1562
10 46 5270
8 9 1887
2 88 3255
4 59 3222
10 92 4916
9 52 8162
1 93 8899
4 10 713
7 81 7633
8 98 4234
1 94 1315
8 31 9462
4 85 8731
8 67 9074
10 51 8653
2 67 5897
1 80 3418
4 53 3599
10 51 1918
6 84 3962
3 74 4578
5 14 5553
4 46 6198
1 28 2294
2 91 9152
7 72 5019
1 11 5345
8 21 6298
6 98 373
8 38 9369
8 78 5557
9 55 5529
2 4 1511
2 65 292
5 82 2431
1 83 277
4 60 3271
3 51 9174
8 26 5008
1 89 8442
10 69 6029
9 21 2159
2 56 1879
3 34 1073
3 78 4547
5 70 4631
5 54 2713
2 63 2077
10 27 6916
8 76 8063
7 2 4502
1 19 261
10 72 4026
2 85 4377
1 14 6264
4 46 5717
10 2 4686
4 35 243
9 16 8421
5 65 477
5 19 9925
1 41 7267
5 72 5897
3 39 8368
3 10 4384
4 8 365
6 50 8187
6 69 6073
7 96 7161
8 56 9708
8 10 4768
3 42 3024
5 5 5746
6 49 8414
1 76 3651
8 72 9225
1 54 9889
6 81 8204
5 37 4752
2 8 8444
6 13 712
8 86 1505
4 76 940
2 67 2204
10 74 8151
6 47 8294
3 84 180
8 61 6631
8 69 7777
2 50 4039
8 64 8203
3 53 9949
6 93 9825
7 62 7281
6 98 2767
6 80 5039
10 64 4757
5 26 7387
2 67 8349
10 5 6282
9 90 9966
6 54 1887
5 37 3694
7 96 8739
4 53 1125
5 86 3490
2 95 3321
8 34 4836
3 60 2614
9 43 5758
4 17 7988
9 28 3364
3 82 8731
9 61 3826
5 38 6049
7 64 1329
4 13 9059
4 96 2109
4 58 1744
3 17 694
4 37 6594
2 8 7751
7 52 1483
1 94 7707
3 15 2496
5 56 8949
3 22 202
2 87 2990
9 42 2562
1 21 6367
9 92 8055
1 100 3796
10 70 4627
9 10 6925
2 60 8947
9 38 2220
9 72 3689
7 54 3165
2 57 2053
10 45 6428
10 34 5431
9 2 352
1 19 1763
9 72 5719
9 79 2981
4 45 9592
9 12 4093
8 63 6592
4 59 5005
1 53 1433
5 36 3594
8 21 8922
7 44 4718
7 56 6440
2 81 5041
1 54 4121
10 89 7447
1 6 9568
4 47 205
8 82 226
5 66 4545
8 48 2810
7 96 6645
7 28 3370
9 73 3713
3 99 5782
5 68 2137
7 10 6644
1 12 2581
2 37 8314
1 24 3920
8 71 3245
3 53 1222
4 46 6726
5 3 9372
2 48 9167
3 70 4643
8 13 7891
4 68 7679
7 66 8193
7 41 8022
4 59 2291
3 93 353
7 15 6299
8 24 8172
1 41 5191
2 59 1043
5 43 7644
5 20 6355
6 11 8247
10 100 4034
10 3 9315
3 54 9856
4 25 7753
7 62 8291
5 22 9362
10 91 6262
10 76 8078
5 20 5532
5 80 5003
10 93 493
1 55 7502
6 65 6699
2 71 3481
6 74 5386
9 36 8454
1 9 6458
8 96 5336
10 65 8768
8 84 7717
6 77 1302
1 69 2959
3 46 6333
7 94 2050
10 30 2338
3 59 8496
10 14 3141
8 13 3826
8 7 3547
9 59 6008
1 13 288
7 19 5898
4 2 4746
7 75 4308
3 5 9196
7 3 6413
8 46 6570
7 28 5213
7 51 7746
6 4 999
6 83 6734
5 79 4877
9 50 1800
10 94 5904
9 99 6058
1 96 8160
9 32 7982
1 71 173
10 74 4730
3 42 41
1 94 6923
3 17 1653
8 84 2853
6 2 7200
8 79 7187
9 74 3677
9 72 4148
4 23 624
3 68 1300
1 71 5481
10 35 2480
1 80 3729
9 51 9979
5 53 5510
6 46 2696
5 50 7266
5 66 3402
4 23 720
1 37 5786
3 24 6677
1 58 9944
4 63 7479
10 97 3721
10 80 6805
1 12 3247
9 56 3330
4 93 8154
3 81 2827
6 25 833
7 34 2819
4 60 7741
2 52 5372
9 82 8613
3 28 5893
2 52 4321
5 95 7551
3 32 4046
10 47 1345
7 90 1470
7 67 3766
2 6 9773
9 52 4948
6 50 2923
8 64 471
2 9 5769
1 56 6873
9 87 5056
7 89 6387
1 8 8764
4 79 9116
2 26 173
8 55 4177
5 31 1
5 51 7808
5 79 3202
6 94 5430
2 73 971
3 10 7775
9 60 4153
8 71 305
7 92 9813
6 8 8159
5 35 7706
10 75 8700
10 43 2
5 98 2714
4 48 491
8 79 8589
6 13 1097
9 57 5188
9 67 5164
6 38 7305
6 27 6061
7 36 222
3 58 1437
6 5 4898
2 90 538
10 75 4536
9 21 8901
2 80 9748
10 91 3187
2 75 6153
7 6 9385
5 10 9518
1 83 4028
5 43 6302
6 91 6999
9 99 5419
7 12 3661
9 46 8922
3 46 649
5 85 7141
4 50 76
10 80 4492
9 57 5367
1 11 7943
3 14 8424
2 73 4961
10 50 8279
1 47 3891
9 29 7729
2 76 6805
6 31 5234
1 23 539
2 52 9199
4 64 1863
4 95 5154
7 52 3127
9 3 7773
9 18 9696
9 50 3673
8 56 9816
8 10 5864
2 23 6854
1 22 7047
7 100 400
5 1 6194
7 62 9876
3 94 8524
6 39 4774
4 71 1152
5 79 2925
1 50 9116
10 89 1178
1 82 2379
7 76 6453
5 9 6279
3 74 8696
10 70 8774
4 58 2209
5 44 8902
6 22 5991
3 7 8133
8 31 1205
7 57 872
9 29 619
9 64 8418
5 79 2690
2 42 496
9 86 456
4 86 4461
8 24 7905
8 74 4414
5 69 7679
9 58 2877
6 25 4118
8 98 4273
3 43 778
2 63 2939
8 22 3148
9 33 2716
2 15 8505
5 80 5215
10 36 2104
6 41 5214
8 30 3504
8 50 3235
9 45 4828
4 79 4819
9 86 8315
2 70 483
7 74 1785
1 50 4813
7 74 9337
2 13 5861
2 49 5475
4 48 4384
7 68 2647
4 62 5511
2 16 6214
10 29 5454
4 100 2851
3 29 7152
9 74 4082
6 55 4716
8 55 2574
3 99 4565
10 79 3441
3 32 7704
10 64 4012
3 81 6810
6 49 4395
4 22 2333
10 45 3787
10 11 3051
5 94 8865
3 74 9920
2 38 5775
6 59 7927
2 78 3957
1 14 920
6 67 3558
10 43 6497
8 6 4839
7 7 3126
7 31 3834
8 44 9930
5 27 9201
5 20 857
4 54 9321
2 12 9147
7 25 9191
1 39 7261
9 52 3143
4 51 9139
8 89 4792
6 11 6595
10 53 7450
5 68 7500
5 20 4080
7 70 5113
10 41 1899
1 15 643
10 85 8700
9 60 284
8 92 7545
9 31 4950
10 43 1824
7 3 5382
9 21 3086
5 85 4088
7 15 1414
8 88 3213
2 17 3703
5 72 4064
6 39 4535
5 56 2943
5 60 874
6 52 7526
10 70 407
10 79 1855
8 48 8689
8 17 7922
9 65 8006
6 34 6869
2 9 994
6 54 6641
4 5 1046
2 46 9442
2 66 8625
5 13 7551
9 31 806
9 33 9668
10 97 644
4 60 2892
5 21 8640
8 1 9439
6 96 2090
6 14 94
2 43 9800
8 23 2111
10 90 9489
8 74 1106
3 17 7197
7 87 5945
1 36 3881
6 53 9362
5 61 1725
10 47 815
10 61 5043
4 25 6730
4 33 9332
5 97 2397
5 48 4048
9 54 5927
9 24 1163
3 25 3141
4 52 591
8 38 8297
1 42 6967
8 87 1090
10 42 5774
4 95 366
8 62 4927
3 26 2954
2 5 5671
4 52 656
6 73 218
4 80 1447
10 56 3342
1 48 4183
3 25 3206
7 98 9163
5 40 3941
1 28 8858
6 32 3216
1 54 8601
6 64 5653
2 93 4264
4 39 5413
6 84 8150
10 68 3079
2 29 8593
1 65 1520
7 58 1472
10 4 3438
2 51 2147
4 45 4942
5 74 5980
6 26 2634
10 44 9463
2 3 4093
6 34 8816
4 93 9343
8 67 6882
5 46 5598
5 83 6883
6 30 6829
5 49 8116
10 85 8528
5 16 3501
7 3 7604
10 77 364
10 10 7719
4 65 5109
8 72 782
4 21 6031
4 54 3591
1 20 4986
7 46 6596
2 33 6035
7 16 5827
10 37 6407
10 47 3046
1 45 3683
1 3 1099
6 82 1505
8 29 7146
3 6 5028
4 47 7771
4 5 5770
6 30 1033
9 98 4337
9 100 3755
6 50 3545
2 24 7489
10 71 3030
6 67 3972
4 15 1643
5 18 7519
1 47 983
10 90 3074
9 67 2380
10 7 7966
8 80 908
4 38 7320
4 87 4943
3 64 1534
1 30 3448
1 88 9856
1 73 4689
5 98 5456
1 20 1460
1 78 6478
8 29 5001
6 42 642
4 6 6699
6 86 40
9 66 4763
7 55 5522
9 51 7152
1 56 4796
1 100 1629
10 7 2306
9 86 6098
10 29 5723
6 29 1035
4 84 736
4 23 31
3 83 7803
6 86 7463
5 40 4319
9 53 5274
2 91 4619
8 24 4911
7 87 6446
8 15 3824
2 40 8705
2 25 7858
7 41 5568
1 77 2371
9 40 8194
7 70 3315
9 17 2882
6 52 4947
8 30 4362
7 94 2716
7 44 5985
7 10 5349
6 26 6741
4 49 6053
6 29 9122
8 13 427
6 100 4974
4 25 1306
2 47 5025
7 21 3358
9 45 9249
8 64 7837
5 4 8846
8 38 2902
8 23 2727
10 61 6659
3 95 754
5 22 3612
8 52 1001
8 86 3714
7 42 9144
4 77 5558
1 99 6056
2 68 6379
5 81 9471
2 50 8265
4 81 5141
3 72 6430
5 28 8205
8 26 4997
5 63 7696
2 13 9140
10 32 4820
5 18 3170
10 83 7062
9 12 8545
7 27 574
3 90 2534
9 55 1689
4 66 66
5 99 4985
10 34 4241
8 89 7194
4 73 864
5 83 7828
3 6 4754
10 66 2368
5 100 6146
5 80 717
4 60 9999
5 100 1101
7 7 7611
6 11 6571
7 3 9069
4 36 1667
3 99 5589
7 28 9339
7 72 5374
4 28 7079
2 15 2280
7 13 379
3 13 7842
7 90 7827
2 15 1384
10 48 8752
2 52 9109
6 48 9517
9 10 2146
10 32 7896
7 35 7140
4 47 1553
3 59 848
10 30 1815
5 75 2869
7 38 8720
3 93 2612
3 66 5105
6 31 878
6 72 7913
3 100 5193
9 71 9253
6 90 5572
4 22 4073
4 87 2303
6 96 6721
8 25 4155
5 84 8141
4 4 8254
5 49 4436
5 67 7505
3 33 2811
6 60 1481
6 95 8708
10 88 1681
5 4 674
1 53 9752
9 20 8914
3 40 2651
8 85 7096
9 11 148
1 12 4331
2 95 2609
1 96 3224
5 48 9695
6 31 9753
10 58 6710
4 11 976
8 14 5043
4 46 3740
4 91 7778
5 67 3477
10 28 1480
7 20 8937
5 1 6669
1 5 599
1 85 7518
10 48 2853
9 27 6899
6 38 7007
10 58 3867
9 6 7125
7 94 8534
6 64 4179
6 35 6994
8 59 6981
10 45 4969
5 10 7259
8 90 3879
6 96 1063
7 46 2095
6 87 564
2 15 6503
2 55 956
5 96 2435
6 6 5671
6 15 6496
2 67 454
8 96 7199
6 37 4520
2 22 3660
5 77 5709
6 31 555
2 89 2950
4 52 8168
5 30 2220
4 63 7067
10 70 4186
8 30 6714
2 46 2865
5 97 5525
9 93 1578
2 11 1425
2 40 7890
1 4 4811
7 41 4989
3 79 7798
4 43 3707
5 20 9372
8 54 8116
6 73 4425
9 74 6517
2 99 5401
9 51 2070
8 55 7252
1 28 5655
9 26 5137
8 36 126
4 4 2253
5 11 7354
2 31 9215
3 31 422
7 57 9581
2 30 6889
10 86 8129
4 53 9317
3 90 5585
3 23 6430
4 3 6459
2 71 6679
8 33 5487
3 87 7789
10 40 1607
5 60 4010
7 65 4752
3 28 9289
9 99 2657
2 23 2535
2 69 6183
1 17 637
2 32 9440
6 7 6867
1 58 8607
9 27 146
9 35 4524
2 48 9808
7 45 3483
3 21 170
6 88 5594
5 81 9026
1 61 3569
5 95 3972
7 33 6347
2 55 8113
9 70 8035
4 41 5935
5 90 947
5 85 8278
2 6 6962
4 43 6148
5 13 5162
10 6 28
4 52 2552
8 95 951
10 89 2946
3 50 4198
1 20 9403
3 60 2991
9 80 3531
3 100 8430
8 36 3497
8 94 4910
2 25 4141
8 17 4651
10 39 4388
4 86 2770
8 55 918
4 51 167
7 88 2989
5 51 1461
2 61 7538
10 93 1045
10 48 14
1 38 8220
7 24 8268
10 27 7714
4 83 2032
7 36 7777
3 87 3028
5 67 4825
9 23 726
2 23 5168
3 56 6919
4 43 2672
2 62 6157
10 33 9701
2 34 4509
3 9 7543
9 58 9159
6 83 7442
1 31 2307
3 51 6474
9 48 9175
9 10 2303
3 86 1470
6 80 968
6 22 2546
6 43 3134
9 31 489
7 40 3381
2 45 9137
9 50 6084
7 38 8577
6 11 4472
5 51 9370
3 70 8488
8 53 1386
4 94 9263
4 96 7562
6 21 8032
1 64 8803
5 14 792
5 99 6952
4 76 8702
6 93 2596
2 51 3654
7 66 1818
9 57 8586
8 72 2285
5 59 8671
6 91 5558
3 56 3318
10 85 4954
4 3 9023
7 53 4607
3 92 8481
10 5 8314
10 89 240
1 82 8066
9 7 3006
8 4 841
8 18 4766
8 20 5227
8 91 5285
2 88 8563
5 25 2703
2 20 7867
6 95 1744
7 61 4632
3 61 9517
4 13 9958
7 89 6132
5 86 1109
1 57 1746
1 100 2198
5 19 8334
2 7 1339
8 38 8708
9 50 7482
2 70 5963
2 58 6982
1 95 9736
4 23 433
4 92 6507
3 74 7051
2 5 1152
1 32 1113
3 32 8156
5 8 4142
1 82 7201
9 87 7794
1 87 3316
5 69 2073
3 71 2508
2 44 8984
9 42 1484
2 72 4151
2 11 8565
9 82 2799
7 2 7783
8 82 7042
5 81 8563
10 56 3868
2 10 2241
2 91 8348
6 99 9879
4 12 8132
5 2 7750
4 26 9922
3 87 4457
2 55 9277
9 61 6411
4 95 5501
3 37 271
8 80 8590
3 91 8931
6 8 1573
1 80 5147
9 88 7591
1 79 5701
6 4 796
7 73 5908
6 3 9670
4 73 5919
5 54 2967
4 50 1270
1 41 1637
2 50 2058
9 49 6872
3 70 7774
9 66 2844
8 67 1309
8 79 1406
8 83 3393
8 90 3527
5 73 7370
10 57 2833
7 93 8924
1 82 2509
5 5 2312
2 100 6607
2 5 597
10 63 655
8 78 3820
2 47 1765
4 73 9300
8 95 2907
1 23 3203
3 86 1456
1 19 8501
10 48 8290
3 74 8794
3 39 4199
5 69 9239
2 63 1070
9 47 1971
2 56 4436
1 22 7764
5 58 9982
5 67 1047
3 20 3976
6 6 6365
7 26 7377
3 40 6337
4 68 7371
2 19 2041
2 5 8934
9 40 1596
6 49 5337
7 62 5175
5 23 3611
5 14 6836
4 34 8888
8 85 399
6 25 6413
8 2 8319
5 52 1220
6 20 5227
4 36 4381
10 29 4235
8 74 3442
3 60 5391
10 31 3103
8 91 3223
3 12 7785
4 76 9683
2 20 347
8 35 1470
3 45 2849
1 55 6351
2 98 8268
4 39 3632
9 15 3019
2 78 1598
5 99 4235
2 57 525
10 14 4453
8 73 1548
9 74 1813
2 86 1484
10 4 1931
3 57 687
3 79 9722
9 56 2366
5 13 5292
5 13 2104
1 5 4233
5 47 7966
10 28 3797
8 27 5813
1 100 5195
2 18 3324
9 55 1584
1 99 4656
7 40 3433
5 34 9509
6 23 3845
9 51 4275
7 23 1914
5 100 3536
7 52 200
7 14 7877
7 88 7665
6 29 2103
10 66 6718
9 47 1238
5 7 9031
1 95 7211
4 30 6785
9 46 3861
1 77 1501
6 67 3897
1 87 7330
10 67 1241
4 36 1303
1 32 4608
1 1 5873
5 41 1204
10 27 8228
10 71 3007
8 75 1507
8 67 9534
6 2 590
5 66 7428
4 78 2664
2 86 7928
8 54 6983
7 52 1122
9 34 4393
8 100 7293
8 86 35
1 93 7456
9 19 7923
3 89 753
2 1 6232
2 37 4324
10 82 4935
8 82 4905
2 13 3497
2 37 5181
9 33 3296
10 55 1905
8 100 5263
5 36 2314
7 31 1387
6 50 1
7 11 8868
1 2 6854
8 64 6564
3 20 9055
2 63 2586
6 55 9695
1 15 2680
10 65 6296
7 86 1524
2 47 6992
8 88 6201
2 10 3962
8 22 4180
9 47 8394
9 85 125
10 28 1095
8 81 3069
10 52 3106
6 7 3058
8 82 6422
9 45 9510
1 24 6234
8 26 9091
2 68 8434
10 99 4564
8 73 4701
9 53 5663
4 66 7838
3 77 2538
2 59 976
3 17 6659
4 97 8355
4 96 8139
5 87 4690
7 28 5582
10 31 159
1 79 2076
7 91 8377
10 68 6589
7 10 52
9 82 9392
4 12 174
3 26 5318
4 84 3422
4 85 9409
3 39 2697
7 59 9441
1 92 4575
5 5 2881
6 92 5878
4 94 1467
3 51 9222
10 61 281
7 1 9503
1 31 4855
5 77 8392
7 88 9551
1 13 2484
10 73 2387
1 70 7619
2 97 7232
9 66 7644
6 13 4717
7 71 4661
5 62 2413
9 25 9273
8 57 9283
10 84 1704
8 43 6039
10 85 8700
3 1 855
1 4 4956
9 97 3411
5 96 164
1 57 1906
8 77 4109
8 47 1756
4 56 7072
5 91 7159
5 50 6710
2 86 1368
10 88 2423
4 68 5985
2 58 6948
8 63 1112
9 16 9931
9 41 4436
3 52 8899
1 93 7580
5 10 9067
8 4 5899
10 20 542
5 1 2229
8 7 1021
7 66 322
3 9 5236
10 68 3245
5 65 4489
9 30 3038
7 88 5735
4 78 73
4 3 4317
10 61 4794
7 80 4809
5 21 1425
1 86 8613
1 66 4919
7 5 3927
4 38 9439
4 87 7363
3 98 4458
2 43 7252
8 63 2810
7 47 5470
9 20 6443
10 71 9423
9 58 1263
3 68 7206
8 31 3272
2 68 4098
8 59 6066
1 19 7623
6 79 8862
1 11 8231
8 41 2087
9 2 5941
2 87 3805
5 96 8463
5 55 1287
8 75 7242
1 82 2876
1 48 1511
6 16 5460
7 35 2322
1 50 4606
8 92 5648
2 90 2533
3 19 4176
2 42 7160
8 9 8922
8 19 5160
10 42 6487
5 29 2110
7 89 5115
3 90 6458
7 24 1111
8 84 7064
6 20 9842
1 76 4276
3 76 9294
2 58 8032
3 27 630
6 73 1625
9 13 6518
10 82 5546
5 89 8385
2 3 6443
1 54 4274
1 41 1636
1 72 8467
7 8 7443
3 92 3261
1 33 5076
5 49 1873
4 97 4187
1 56 8619
9 2 3616
8 5 9494
2 43 7039
9 95 7599
1 73 3920
3 76 4549
6 95 3335
9 12 5288
6 42 2099
7 46 6849
3 78 1371
10 86 9176
6 60 5786
5 89 7440
8 44 6616
1 85 54
7 25 3503
1 71 7572
4 49 214
10 29 9429
1 93 1723
8 68 836
6 61 2355
5 93 6596
9 69 5010
2 37 9074
10 58 5536
10 98 6392
8 29 5246
1 77 9737
9 81 9381
8 54 2298
10 75 6882
1 74 4988
3 42 7946
4 24 2826
5 70 8479
8 79 8975
6 37 764
10 86 1768
4 20 3796
6 96 4783
9 37 8258
1 99 2334
5 99 4607
1 11 7872
6 34 2384
8 43 3386
6 54 2263
5 43 9604
9 51 5291
4 76 97
9 47 1853
9 24 3874
6 35 2659
4 51 6447
3 52 9709
7 33 4254
1 11 4387
7 14 2373
5 25 7986
2 78 4641
7 57 6720
10 84 266
2 17 9250
4 56 3031
2 99 8417
2 52 3128
1 55 8035
6 96 4124
9 76 3381
10 91 9646
8 56 9587
2 37 649
4 61 1221
6 31 7165
2 77 8470
4 40 6153
10 87 7321
4 36 9975
5 56 77
3 18 2376
8 99 5290
8 74 8452
3 95 7281
6 65 8312
9 94 2411
10 68 4397
8 85 1988
2 74 952
10 24 756
7 42 8737
9 45 4525
5 11 9232
4 91 7109
4 58 4983
4 67 3744
7 70 6253
3 33 7402
4 68 7320
7 14 1781
6 98 4382
6 55 2206
4 16 133
1 28 7699
3 62 9426
6 95 8439
2 81 2223
1 7 4928
10 44 7064
7 4 9956
8 1 8316
3 18 1609
8 1 8521
10 12 8524
7 57 367
1 53 6481
4 67 9274
5 60 6819
7 51 3292
6 78 450
8 18 5959
10 44 510
5 62 8124
8 71 8873
4 91 5290
7 28 4367
9 15 539
5 52 4813
9 92 7007
1 31 8640
7 54 4260
1 40 1979
5 86 6619
9 94 5639
9 64 2574
3 5 5669
1 52 5781
10 56 9824
7 16 760
7 3 7429
4 87 5305
7 3 4136
2 62 8338
1 64 6260
4 10 6844
2 47 9311
4 74 406
10 35 2255
4 15 7105
5 90 6610
6 33 751
2 34 7845
6 8 8743
3 52 3540
9 64 8509
4 9 5333
4 2 735
7 78 5647
2 61 3413
1 92 1894
2 16 3695
4 92 8584
2 40 4212
4 80 1488
8 49 5501
10 98 6313
9 69 9126
6 65 6134
5 11 7333
10 74 8859
5 75 9017
2 40 3324
1 95 2930
8 61 2747
6 11 2644
6 81 5380
3 76 7503
3 24 6490
9 98 2427
6 44 3682
7 49 9395
8 83 6261
3 86 7639
4 65 432
2 49 4035
2 54 2184
4 73 339
6 98 4541
8 9 3020
5 100 8448
7 52 9567
3 25 2535
8 27 3189
7 73 2886
7 88 8311
7 10 6628
7 73 8104
2 98 7830
3 65 6812
3 5 9427
9 1 7113
1 83 1844
7 72 7445
5 29 5816
4 86 9819
4 53 3847
9 42 3180
3 69 8678
3 34 5830
4 67 8948
5 23 9356
7 65 4874
5 52 32
6 57 2092
10 76 530
5 5 5311
9 30 9119
1 58 4978
8 59 3149
2 83 7971
3 92 7432
10 2 2687
7 32 8195
2 67 4195
6 92 2565
4 11 8435
4 66 7317
4 16 7714
3 25 879
1 82 4897
10 73 7451
9 38 2314
4 5 3403
8 76 5476
2 83 8451
1 60 9835
4 54 8254
6 67 1862
1 50 8963
7 97 3892
1 42 9135
2 89 2198
2 11 7662
4 2 707
1 12 6602
2 42 6816
6 89 5388
3 59 9536
10 65 1013
9 81 9969
2 33 4138
9 25 8599
6 74 6678
2 28 9564
5 17 4455
3 5 4076
3 89 1220
4 65 1663
7 36 4493
5 98 8892
1 59 885
4 24 5170
1 3 7342
5 17 380
5 93 9298
2 78 3845
4 36 310
1 21 7493
6 2 9640
10 56 8784
10 50 2447
7 69 1332
8 58 1291
10 14 6597
6 100 7915
8 55 1656
10 20 561
5 83 7818
10 85 331
9 51 9442
9 26 7222
1 78 8288
9 55 4242
3 97 9035
4 48 4429
7 9 4104
4 60 3371
8 20 8435
2 96 9840
6 8 4960
2 95 3947
1 29 1305
5 32 1184
8 77 9758
5 77 9168
6 74 6936
5 82 7675
9 9 2299
4 39 8254
5 1 1467
8 12 1667
10 8 146
2 7 1216
5 54 6880
7 9 1677
9 54 4183
8 1 3894
7 86 8842
1 4 3627
3 44 4342
2 53 498
8 26 133
10 83 9884
9 72 2080
7 21 3276
7 27 4629
5 45 3115
7 28 782
1 92 7328
5 18 120
1 52 6277
5 94 9793
2 55 4100
1 76 3957
8 69 9576
9 18 4202
5 38 1501
3 20 1751
9 73 1108
10 13 5236
4 37 3646
3 27 7488
7 10 7310
5 80 8295
3 1 5048
1 29 1367
8 27 9406
7 9 4141
3 57 8612
9 68 9675
8 93 7137
4 8 1262
5 89 8131
8 15 506
1 98 7595
1 60 5214
1 63 4879
3 13 7989
10 8 9269
8 9 8820
10 68 2986
5 6 3865
4 50 3801
8 54 1655
6 76 657
2 22 1632
5 57 4859
6 30 8237
8 3 284
8 23 3235
6 6 5349
2 29 7805
9 61 8899
9 37 8890
10 69 4290
1 1 511
7 75 4832
8 5 3139
8 29 8027
1 62 8321
8 85 9170
6 65 2660
4 71 929
5 68 9470
6 48 3062
8 49 1942
1 65 9681
6 28 8870
3 89 6594
9 4 9658
1 68 1564
8 24 9623
1 35 8936
4 46 9370
7 62 8915
2 47 887
1 14 8580
8 31 1893
6 38 6410
1 3 5650
2 62 8682
4 19 3665
3 35 1083
6 58 924
4 99 3323
8 24 258
7 43 2929
7 21 5710
2 52 1933
8 14 3227
2 91 7724
6 89 1190
3 86 4207
3 82 9801
5 32 8105
4 25 730
10 24 8059
9 56 4973
6 11 1354
3 79 378
2 78 1585
10 3 8230
3 91 1970
7 70 6051
7 68 8481
5 45 9632
7 84 7487
1 39 6093
1 6 7161
1 24 353
9 56 4546
1 5 5280
5 13 5745
8 67 8968
8 54 7773
7 55 2236
10 28 3332
1 58 4776
5 12 1424
4 33 1771
3 1 7761
9 25 5292
1 40 5353
2 95 3342
6 99 9005
10 40 450
5 37 1916
1 54 558
1 73 4897
9 36 1244
8 5 5954
10 22 7524
8 33 6795
8 13 9634
6 53 2125
4 60 6120
10 71 4936
5 32 4045
4 5 5510
10 35 1284
1 57 7607
8 16 3675
10 53 2762
7 27 1871
7 91 3297
9 86 2134
3 91 4443
3 74 972
2 97 5165
3 3 8842
7 16 2006
10 42 3461
5 62 1531
4 31 4832
10 62 1324
5 63 9660
10 57 2872
5 70 7842
2 100 31
4 93 9219
9 45 5035
8 37 4807
5 32 359
2 37 7292
10 34 9469
9 30 316
1 84 2959
7 61 9857
4 21 5551
4 25 3795
6 64 1849
7 79 3344
8 95 1884
10 7 3007
8 6 3043
5 25 2857
4 72 5882
7 33 2185
8 45 2140
7 91 8873
10 86 2393
3 96 1987
5 70 4074
5 78 2714
7 34 8123
1 17 6758
10 45 444
4 90 7698
10 41 110
3 92 4421
3 89 1768
2 77 1659
10 70 3554
10 70 8044
6 66 1050
3 45 8840
3 42 7605
6 64 9573
4 93 499
6 55 8290
4 68 5058
10 56 5777
1 56 5467
4 93 9582
8 84 9672
10 52 8291
1 27 7575
8 71 7303
8 51 6124
7 32 324
10 19 7199
2 52 6120
6 99 7309
6 22 1584
3 3 1162
1 15 8802
6 27 2934
2 24 2874
5 63 5557
8 79 3040
8 24 1691
5 44 8826
2 30 6746
8 6 8777
7 50 7660
2 59 5168
8 62 9404
7 39 1698
4 65 9508
10 30 794
7 29 971
1 42 3172
2 47 5304
6 1 1304
10 81 2317
4 71 9924
5 22 8657
9 9 7181
8 30 1736
5 14 3561
1 79 2413
1 5 3557
4 2 8906
2 72 9947
3 33 7206
5 5 7340
6 51 5746
9 18 9546
8 45 3424
3 17 1907
5 52 7260
1 46 6094
6 79 8546
3 67 7990
5 42 4131
10 89 2358
2 38 1230
8 89 6120
4 72 6649
6 35 1396
2 22 5682
4 42 3361
1 46 3953
9 21 5349
5 4 6508
10 55 9114
6 90 7012
5 45 2012
1 37 5334
3 100 7873
6 97 5953
8 26 2553
2 20 8535
1 24 1919
8 54 4543
9 68 3397
9 97 8199
5 39 1721
2 49 1446
7 24 2381
4 89 7377
6 81 8376
9 11 9117
6 74 6759
5 94 1775
4 26 2987
9 40 9187
9 21 519
1 60 930
3 100 7698
3 8 6498
1 88 3694
3 48 656
5 56 5065
7 44 6674
4 47 2297
9 84 4286
5 81 11
3 65 5258
10 33 1410
3 49 7806
8 82 3744
2 84 4602
4 60 4664
8 22 8874
2 72 3472
1 5 1906
3 6 1212
5 21 8192
6 20 8620
1 81 5571
4 43 3391
6 65 2753
4 77 399
9 35 6773
6 36 6595
5 12 6439
3 14 6365
8 39 4241
1 69 4971
1 53 7829
9 95 1216
2 48 7293
8 76 2490
7 1 7741
2 27 3837
10 59 4578
10 82 8717
8 54 9034
9 84 5271
10 9 2342
9 45 4624
5 49 5781
10 24 1708
3 73 1954
8 98 7037
9 9 4884
6 50 751
10 26 7181
4 30 4380
7 31 527
5 83 2976
10 53 6411
4 46 8954
4 33 7988
10 7 9798
8 47 9726
7 46 4752
7 44 6412
6 42 6175
4 97 9656
3 43 391
4 39 6448
3 60 6472
1 2 4653
2 96 7342
1 12 7254
9 61 3461
1 15 8389
7 44 4562
9 56 6802
3 74 1841
5 90 77
4 12 1422
7 15 7735
4 13 10
6 28 212
10 66 7847
3 68 7029
4 68 3950
10 45 8507
5 19 5330
4 76 4717
1 20 8339
3 92 1457
3 56 1438
8 6 1063
7 14 9444
1 84 6017
3 46 8346
3 95 2787
5 72 4713
7 7 1494
7 74 9145
9 11 665
2 15 1446
4 28 3491
6 48 4908
7 32 4974
7 42 8045
2 64 8909
6 51 4535
4 49 4391
9 81 196
10 58 6124
8 81 4993
6 85 9134
4 49 2224
2 32 7752
3 74 2730
3 48 4004
1 29 917
3 73 5846
1 93 6272
3 39 1657
3 40 6905
8 54 9921
9 7 7007
10 62 8701
2 53 1741
7 11 8621
10 23 1451
4 63 480
7 58 6630
7 12 3000
4 83 7342
3 91 8190
2 9 1210
4 92 6932
1 41 1802
5 56 1873
3 94 3191
9 26 4884
5 44 7993
6 54 1727
3 13 6401
3 40 2225
10 32 3750
8 20 3769
5 92 3213
6 33 2879
8 84 646
2 1 6414
5 79 9993
5 63 1618
2 26 1418
5 91 5220
7 48 6022
2 90 5257
3 52 557
2 93 7819
1 24 4555
4 68 8691
6 73 6840
9 5 6709
3 44 1405
8 100 4712
9 16 2041
4 43 5572
1 4 5223
7 11 6651
2 12 2048
5 85 4993
10 89 1643
6 99 1446
6 52 9992
3 94 8243
7 11 5546
6 86 5680
4 34 6096
1 59 788
2 58 5716
3 33 1512
7 54 9894
2 31 8819
8 72 5303
10 19 6402
3 58 7282
9 55 5938
5 2 9965
2 41 3212
7 42 50
10 58 3850
4 60 7071
1 52 4928
7 90 6244
2 100 1032
10 96 898
9 82 9315
2 41 5076
4 78 9762
1 38 2199
8 97 6814
7 87 3580
6 69 1221
3 39 8302
8 69 1148
10 94 263
6 86 2381
2 41 3701
9 10 5191
3 63 1620
4 40 3305
3 63 1113
8 36 38
3 93 7008
7 56 3053
10 99 6597
9 86 9697
5 38 1321
6 23 5911
4 74 2648
2 72 3156
7 78 7025
10 75 1559
1 56 9774
7 98 3741
10 48 3373
9 87 6764
3 49 5941
1 5 1824
1 98 8034
9 72 3730
2 11 6767
2 6 6730
1 57 6459
5 90 3595
9 87 3593
8 47 2662
3 7 1330
3 23 8872
1 64 853
5 86 3778
10 54 8430
1 2 4118
6 1 8334
2 46 8672
5 50 5920
10 11 4753
8 17 7658
6 76 3513
6 81 4604
10 15 8475
7 84 7905
1 50 8329
7 42 9383
7 38 7294
6 82 9709
8 39 3331
10 80 4774
1 76 647
5 54 7994
10 6 1988
3 56 9071
3 99 3794
7 64 6766
7 40 2115
1 92 6927
10 97 6740
6 29 9826
1 15 9878
4 33 7491
9 80 71
6 95 8986
6 1 4191
7 96 4456
5 38 1559
4 17 8423
1 11 9881
3 37 1977
9 3 4164
7 25 2981
7 41 7350
10 27 2971
8 42 475
2 33 9799
3 60 7882
9 52 5330
10 34 1851
9 99 3744
3 98 5751
9 64 8402
8 88 8246
4 5 7395
10 45 5841
2 45 2767
1 96 9219
8 34 8529
10 15 8034
8 10 2094
3 38 7720
2 90 5224
2 78 179
10 3 7510
8 70 1844
7 45 6805
6 52 6899
8 36 3271
2 40 4973
2 96 2671
7 43 3419
1 14 4104
9 25 2259
4 5 5952
3 60 5881
8 51 6373
2 79 1278
10 18 7459
3 49 7426
2 85 9479
3 59 7934
9 77 2301
3 32 3259
10 24 7951
7 45 6556
5 8 2529
10 17 657
8 86 2745
5 90 7609
5 64 1952
6 90 9930
10 86 5740
10 34 872
8 35 5411
7 74 4625
6 48 8773
7 18 9235
1 81 749
4 79 1453
1 78 6071
4 65 9349
4 9 7064
4 64 7053
8 31 1481
3 67 3230
10 90 8223
2 41 736
7 66 6140
10 84 8024
7 83 2369
2 23 5294
4 2 6660
6 92 4473
1 65 1195
1 23 7980
6 85 7453
10 95 9116
9 22 3134
3 62 456
5 54 3992
5 87 2054
7 59 3198
5 78 9501
10 13 8979
3 29 2870
9 94 9122
2 6 8692
8 79 4363
1 14 2286
8 74 5291
6 46 5584
1 54 2282
10 91 9104
4 30 9867
5 35 933
5 15 5911
9 63 6389
6 88 4540
4 3 2851
7 37 8329
8 75 6192
1 71 968
3 30 1566
10 26 8842
8 8 2861
2 11 5174
6 57 2821
6 3 4627
9 26 7861
3 27 3636
3 61 3920
10 77 1497
4 55 1882
3 63 7553
8 53 9225
6 76 9540
9 67 8835
8 93 4712
1 67 9834
8 82 2333
1 36 2285
3 85 670
9 72 719
4 19 6477
1 71 7275
8 87 8327
2 83 5386
3 1 9544
8 12 7423
5 46 3317
6 91 6201
3 31 2327
2 80 1580
9 65 4638
7 92 3588
5 1 4315
9 31 3605
9 93 1617
5 22 9123
3 8 3577
1 82 4879
5 4 980
8 72 4850
8 50 549
4 3 1376
8 54 261
7 49 9663
9 35 6916
1 12 4185
9 26 1399
4 100 7610
2 12 4699
8 12 6295
10 75 9380
3 18 428
6 39 5353
5 46 8255
9 55 7327
6 78 8322
9 93 134
7 70 2092
5 89 5101
5 25 7861
10 95 1709
6 74 6075
3 14 1682
6 45 6725
5 43 19
5 82 2581
6 80 901
5 62 8966
1 22 1027
8 47 9817
9 99 1292
10 40 8283
5 13 4534
4 11 5930
4 57 5534
5 56 9104
2 81 2135
1 33 704
3 95 6138
1 60 2145
3 65 3021
3 30 6132
4 32 5603
4 58 5915
5 23 3608
10 20 4815
6 56 1925
10 45 3009
3 47 3826
1 35 1765
7 73 4438
8 67 3491
6 14 3752
9 33 662
2 6 635
6 46 8411
8 22 6421
10 90 760
5 78 5499
3 56 1918
3 60 1193
9 80 3731
7 33 3620
9 71 8657
1 68 6497
4 36 1359
3 95 6019
3 97 3966
6 14 5906
8 13 6042
8 6 2281
1 52 8840
1 33 6851
1 47 5453
8 20 7443
6 38 3440
8 69 2663
8 92 3781
4 18 16
4 12 3002
4 34 5414
5 73 893
6 59 988
1 86 1985
1 31 8787
10 11 5371
9 32 3535
1 89 455
10 79 1380
3 71 6288
1 20 9331
6 91 5727
7 82 822
5 11 4888
6 94 843
1 94 637
10 56 1165
2 34 5895
1 2 578
9 11 8253
3 56 2538
9 15 5010
7 56 18
5 39 7718
2 64 4763
2 15 8548
7 52 1556
9 50 2577
3 53 4605
1 18 197
1 85 5184
6 69 181
2 37 4683
5 29 9353
6 91 8326
8 41 2753
10 88 8510
2 31 2792
9 83 7801
3 69 1366
10 98 8256
4 8 9079
4 99 2016
9 5 8328
4 32 2564
6 82 8703
3 91 9055
1 12 6784
2 20 3025
3 99 672
7 41 5146
10 40 4441
10 9 4428
9 83 638
5 53 5595
2 47 2
6 97 3757
4 10 1389
6 85 9802
5 51 697
4 60 2294
6 65 3139
7 83 9025
6 13 5872
1 62 387
5 3 6278
8 41 5949
2 98 9148
9 92 2946
2 92 4543
10 36 5581
8 96 5576
7 82 7412
10 31 8717
5 13 623
1 12 6859
3 58 6097
7 84 3250
10 29 1145
1 70 5280
3 19 7865
1 71 3540
4 90 8078
7 37 6505
6 76 3368
4 28 8021
2 72 10000
6 13 5021
5 34 5988
7 81 3061
6 37 3427
1 92 2994
3 47 4450
9 65 3416
5 62 845
5 68 6162
7 22 9993
8 100 3691
7 9 9242
6 55 5352
1 94 3525
5 71 4565
10 3 6021
1 50 9697
6 90 6227
4 9 4668
5 60 8002
9 38 9412
7 74 7829
8 71 5549
9 77 7984
10 50 5165
4 4 9827
4 15 6636
9 13 7462
6 33 8860
10 44 7604
6 61 6111
9 26 7060
3 78 2838
4 52 2873
3 72 3639
10 67 5735
4 64 8971
1 41 6920
10 58 5251
1 96 6864
6 51 4718
10 2 8145
7 94 3738
3 62 8088
5 39 8755
8 78 5462
3 71 6536
5 98 7405
10 76 7820
1 64 9093
2 43 8083
3 92 5143
10 6 9239
8 33 5907
3 67 6840
7 37 6680
9 55 4390
6 71 3546
1 60 7635
4 8 6033
2 36 8197
2 46 8887
2 32 2649
7 59 4957
10 19 5116
3 77 4402
5 28 8241
10 85 5876
8 93 4349
8 9 6981
7 42 8677
6 55 9528
9 100 6824
7 1 8731
1 65 1353
2 55 3858
10 33 2291
6 9 4145
8 27 6216
2 57 1460
10 2 3370
10 32 3641
2 73 2463
7 38 4539
4 72 2986
6 83 1539
3 14 2451
4 77 843
5 31 4550
10 20 5484
7 32 6415
3 57 993
3 57 5678
5 80 7851
6 22 2270
8 39 7057
2 46 8908
9 49 6904
7 76 8851
5 74 9749
10 19 4162
9 36 5247
7 34 711
9 71 7520
3 86 3080
4 61 3858
5 20 4050
3 15 29
1 75 1059
10 91 6580
7 60 8326
2 9 2546
3 36 1785
3 68 5750
1 92 6273
7 9 4802
1 51 7236
10 61 5616
8 52 7062
4 41 1430
8 12 8444
6 96 5842
6 93 4921
1 44 946
7 54 3635
6 5 7366
10 18 7897
8 3 5113
4 61 4768
6 83 2371
8 2 7729
3 69 3842
9 96 8325
7 95 1445
1 95 3044
8 51 6739
8 38 1903
8 23 4614
3 54 1071
9 14 1733
1 73 749
4 60 6314
8 3 7841
4 33 3237
6 94 568
2 63 1579
1 88 1128
8 56 8030
3 77 4714
3 87 5280
5 30 3268
8 78 3295
8 39 5763
4 20 9998
5 10 4304
2 70 8859
2 39 5530
8 45 6426
6 33 5299
4 38 1947
3 5 7164
3 30 5675
8 29 6425
6 97 14
8 77 1870
2 40 3018
8 35 3812
8 32 4916
10 7 1642
1 62 8103
9 93 1018
4 92 8021
6 72 8811
5 59 9510
7 7 3305
7 98 2218
1 49 3204
1 95 196
4 95 6176
1 49 321
8 21 6160
2 8 2916
8 31 8116
2 88 4427
3 8 9152
7 100 5879
10 73 1565
8 16 5219
9 44 5542
5 18 2674
8 75 5938
1 48 5306
8 57 5903
5 21 3501
6 89 2930
4 90 6657
2 58 4425
8 74 3044
5 91 2104
1 58 2973
3 16 8670
7 83 3587
3 10 1860
8 80 3738
6 24 3587
4 73 5714
10 52 6690
8 6 6598
5 88 7829
2 92 730
8 82 2206
7 60 9339
6 94 851
8 84 6081
5 74 4425
10 89 7897
5 9 6220
7 59 8506
9 78 4813
2 3 8293
2 26 9846
3 19 6571
9 77 4469
6 84 569
4 35 8792
9 26 6162
6 93 3629
7 81 6874
4 92 8840
3 50 2542
5 95 9858
7 73 1106
6 25 9198
2 11 7285
2 67 2553
10 7 7830
6 58 7063
4 58 4802
10 34 2091
10 15 27
2 59 7860
2 94 1215
10 16 1675
5 31 7913
3 75 8475
8 69 4316
7 69 5657
10 93 16
7 71 5182
6 79 6532
9 37 9247
4 29 6615
7 96 1252
8 44 1263
6 71 7962
8 49 6739
2 88 3747
6 30 9353
3 4 1604
2 82 7870
4 55 1
4 50 2157
10 34 6729
4 70 7093
7 27 3057
4 67 4730
6 59 9172
1 48 2478
10 11 3635
1 62 2528
4 22 3297
1 58 5338
8 46 838
9 85 528
7 51 4739
9 100 2703
10 80 5509
7 59 6399
7 83 2207
5 28 1390
9 96 4301
6 51 7966
4 94 7179
8 66 3237
5 43 9390
2 13 9206
7 44 1227
7 97 3513
6 33 8089
3 66 9228
6 5 3842
6 73 376
10 78 655
5 16 3684
8 41 554
7 27 5032
8 6 835
4 6 8362
3 70 5022
10 85 2053
8 63 7522
1 99 607
9 49 5061
2 61 7048
9 78 7397
6 4 6411
8 30 2686
2 55 3134
9 67 3819
8 56 9119
9 59 8556
3 82 4763
8 85 3068
4 81 1282
10 53 4710
8 80 7181
4 70 6433
9 84 5613
3 87 5298
6 31 8092
1 20 5875
2 25 2288
4 55 9363
4 54 5486
2 16 1422
9 24 6935
1 43 2897
10 39 9097
8 39 9042
8 13 5945
1 86 6710
4 66 1806
5 89 6275
3 55 6397
2 17 5362
10 44 5217
6 22 8203
2 98 3965
8 74 8289
1 97 731
6 69 9257
7 17 1040
3 16 1495
9 69 7268
6 75 2757
4 55 8137
6 99 7796
10 4 1050
9 23 2549
3 79 8113
7 77 4215
6 60 3788
4 25 8462
5 30 7649
10 51 5826
8 13 9052
8 4 4624
2 85 1326
5 36 7110
2 48 1277
8 16 305
3 31 6959
2 59 8155
1 98 6
5 90 5420
7 36 7467
2 40 8517
9 20 5283
2 59 6919
9 53 9910
5 10 7097
8 3 1004
5 77 4248
9 78 1072
3 15 836
4 8 2938
3 79 2312
6 35 3265
8 14 4144
6 58 671
3 1 8035
2 70 7066
1 53 5869
3 65 3344
10 48 5515
5 17 6642
8 81 5119
9 42 9661
5 36 1946
5 87 8076
9 64 7232
9 47 8319
10 98 9599
9 72 7434
7 92 6385
3 49 8922
1 53 6668
9 33 3978
7 43 9526
4 42 9437
10 33 5301
8 67 9928
7 31 3909
3 32 4027
4 40 3446
7 81 795
10 41 5274
3 44 2372
10 85 605
1 99 3251
1 20 1441
3 19 5247
7 14 2338
6 72 6052
8 89 201
9 35 9571
9 50 426
3 37 3627
3 52 2587
6 35 8444
8 68 5196
10 79 6469
9 49 726
3 32 7359
7 68 6963
6 23 3619
7 20 2402
10 95 8072
7 97 3469
10 36 7351
3 46 7241
7 53 9080
3 47 1480
1 20 2665
8 93 2951
2 6 2708
10 65 7717
6 4 4610
2 13 866
2 90 2006
4 34 1550
10 43 4606
8 6 3152
4 48 7987
2 90 535
6 71 1882
1 43 4839
4 33 1544
1 22 3008
8 68 2116
6 91 7126
7 50 1251
5 22 5537
9 28 9639
2 96 8650
8 99 2951
10 34 6343
3 52 7604
2 100 7501
8 67 5248
9 82 713
2 21 5745
10 31 1639
1 92 8532
3 84 7212
2 9 3466
6 40 509
8 69 6054
3 49 4572
1 4 4104
9 35 819
2 76 8651
9 42 3333
10 87 818
10 58 128
5 46 2714
5 78 730
5 75 1265
2 39 7442
2 57 16
2 71 5867
7 47 8528
5 59 985
8 93 4287
9 51 2095
9 85 5773
7 26 5169
1 26 7196
9 21 8850
1 65 6556
10 28 6814
3 58 9558
5 50 5741
9 61 629
7 20 6981
4 40 7558
3 58 6993
4 10 1054
7 4 102
10 49 6524
5 45 2658
2 4 5895
5 83 6905
4 66 8962
10 7 8475
4 42 9339
1 23 4619
3 8 9748
5 32 3269
1 33 6470
7 57 2626
7 51 8762
7 42 5579
2 75 3604
5 79 446
10 34 7677
4 13 4627
8 82 9624
3 79 5850
10 50 9077
4 37 252
2 2 7858
7 5 7551
1 77 8205
10 39 6596
1 6 3725
3 91 7894
2 28 4052
8 50 8462
4 41 3018
3 43 1074
8 7 9645
6 46 7588
2 78 3170
3 84 1525
4 23 4009
7 19 1984
3 13 3210
9 24 5271
4 83 6387
3 74 8068
2 10 4983
5 95 320
5 62 788
6 77 8297
3 96 7721
10 69 7761
6 23 9969
2 56 4463
8 38 1951
6 7 1465
4 53 1430
1 57 8360
8 90 1472
6 88 1361
10 27 2648
10 67 7673
9 76 3455
2 95 3352
4 39 1370
2 22 6643
10 53 9611
3 75 5131
8 55 279
8 76 4917
6 77 9199
10 20 687
5 1 1442
8 58 2593
10 87 7618
8 48 2554
8 99 7802
1 72 6751
4 82 7281
1 60 1361
1 62 8278
3 64 3183
2 53 2424
3 18 1977
6 22 824
7 9 8052
3 48 9091
6 74 4536
3 59 6191
8 6 3931
8 66 4564
2 1 9304
10 58 9732
8 79 2440
9 56 3089
2 3 2091
3 3 6412
7 34 7427
4 14 6493
9 72 9028
9 99 3486
1 25 1658
1 36 5629
3 55 8196
9 52 7437
3 18 3683
5 51 7226
1 100 149
8 91 1166
7 47 2795
2 68 4706
3 27 1028
7 60 2526
5 96 4821
1 38 8731
2 4 9586
4 25 6949
1 16 9269
6 55 7815
3 93 3301
9 38 9907
6 64 77
4 19 9399
4 88 8860
1 97 5030
6 35 8359
10 49 9731
6 7 6142
2 51 5552
2 15 3114
6 72 7569
7 40 8220
5 87 314
4 42 2960
5 72 7610
6 89 4672
3 77 1004
7 94 8910
9 69 5903
3 94 2839
8 6 8430
10 12 6986
5 38 9188
8 9 7526
4 78 178
9 26 3749
4 8 2112
6 56 3208
6 52 1866
9 49 9275
8 32 150
2 15 1053
4 40 1132
4 85 2482
8 14 4003
9 63 2119
1 36 4743
10 85 8042
10 92 7266
9 34 8603
7 73 5222
5 85 6545
2 94 144
2 4 6302
2 1 5073
2 49 9490
3 96 8688
8 77 2768
1 94 8390
10 69 1320
5 98 7812
4 69 819
3 99 8022
9 2 3321
1 56 6542
1 55 4843
4 39 8739
8 58 7382
10 15 5171
5 15 72
3 71 1027
4 75 6307
3 30 9253
4 2 3642
1 85 8885
4 81 467
4 95 9255
2 94 7236
7 36 367
9 30 5447
5 27 1323
7 11 9724
10 62 9922
3 60 5399
4 56 7020
6 71 6896
10 47 2192
3 47 406
9 62 7285
9 34 8975
9 8 2350
5 93 2570
4 4 4659
6 2 5139
8 42 5290
6 47 3318
2 53 7522
8 52 1458
10 28 2233
6 36 1212
3 57 2830
9 62 6099
8 9 7814
4 84 1856
4 73 3794
6 86 8121
2 94 1176
2 95 814
6 94 9421
6 75 8065
6 32 5426
8 83 9840
3 55 6111
10 22 1768
8 34 3794
9 85 7756
2 49 9000
4 27 4456
8 69 6298
5 49 482
2 56 8522
9 7 8409
10 90 2185
1 64 9516
10 4 7448
7 28 9758
1 47 5812
2 73 8891
4 57 4129
1 57 7421
10 87 6458
5 8 9405
2 98 9729
5 90 4045
3 85 6924
3 83 1184
10 27 9759
5 89 8397
2 64 5120
10 7 6376
8 44 8783
7 4 6096
9 82 6302
5 6 837
4 96 6270
1 67 8027
6 21 2331
8 39 9101
7 96 8546
5 67 1399
5 3 2280
5 35 3512
6 32 8730
9 9 32
8 10 6274
5 86 5802
1 16 6147
9 43 7409
2 47 7992
2 14 2783
2 16 7139
10 44 7216
4 1 1749
6 75 2844
6 42 2110
2 38 8596
1 77 7174
5 11 8930
4 39 3914
4 89 8222
10 66 9883
1 10 8611
7 5 1379
2 41 6016
6 42 5387
5 1 36
10 70 1849
10 3 800
7 76 6843
6 77 2203
6 26 2553
7 51 4744
2 54 3367
3 46 4463
2 64 6956
9 47 2737
4 76 5134
6 53 4939
6 21 1659
1 21 9496
2 85 2339
8 66 7029
6 86 964
9 93 139
7 91 3317
9 98 9214
9 20 1492
4 1 8072
8 100 6540
7 45 1323
3 56 2927
5 2 7356
3 24 6011
10 75 6991
3 33 1780
9 4 1812
5 57 6073
5 98 5409
4 97 1212
3 73 5639
8 86 2312
7 47 6056
4 37 6891
3 1 1732
9 50 5202
6 5 1706
5 6 4161
1 33 3536
7 95 854
1 50 1277
6 67 3714
1 21 333
10 36 2800
9 92 4273
5 76 6152
6 56 7014
8 45 2310
1 51 963
10 85 8330
2 55 6595
1 46 5510
6 91 5813
2 37 7349
10 44 8302
6 29 6256
8 50 4989
8 2 5576
5 48 6600
5 67 3219
1 21 668
5 70 8305
4 92 980
7 78 1080
1 88 7118
6 77 4287
1 66 3619
1 18 9326
9 63 3535
5 71 9877
8 71 5002
6 47 1675
8 21 3645
7 97 4916
6 97 5472
3 64 257
1 23 9022
1 85 8737
6 4 5161
7 15 7036
10 29 50
5 79 2861
3 68 6037
9 12 5149
9 61 9115
1 61 5578
7 1 4391
2 85 2922
3 86 5271
3 57 1109
6 59 4353
10 4 5069
3 48 5988
5 19 3734
4 5 8348
4 26 9070
1 95 2997
7 86 4663
8 38 9582
1 56 6135
9 75 2100
4 74 1316
8 97 5515
2 75 3731
5 10 7635
2 79 8371
8 96 9517
4 95 7564
2 57 1754
2 46 8554
1 76 7818
1 22 8617
4 12 893
9 91 7698
9 39 8490
10 52 1492
9 61 6568
2 76 8214
4 33 4413
10 93 4503
9 68 4098
4 6 4415
5 81 6761
7 30 1387
9 39 4827
4 60 4193
9 80 4085
4 53 1512
2 89 6093
9 28 2742
4 84 9181
1 27 1266
4 55 1131
3 26 8355
3 80 5882
1 52 8797
8 81 4095
7 20 4802
4 82 4655
7 1 9741
10 49 5490
8 40 4286
8 83 3337
1 71 5731
2 83 8339
4 36 5134
7 72 3316
2 90 8045
4 70 1071
10 67 5627
8 86 6818
2 46 4807
7 31 5894
3 71 3524
7 68 1236
2 15 2517
4 57 6692
1 86 488
1 100 353
1 54 774
9 48 6352
2 81 3467
1 47 2983
6 11 7739
2 65 1685
8 76 9510
4 92 2950
9 44 9226
10 89 2783
9 33 1234
2 23 9136
1 47 1579
6 63 4128
8 39 7650
10 64 8016
8 29 4522
1 7 2110
2 63 2317
6 9 3851
1 25 4086
2 80 66
2 26 9842
3 1 4539
6 80 7577
2 81 3295
8 50 1926
5 81 1485
10 63 7565
10 13 7505
7 6 8107
5 38 1554
8 92 2124
9 74 5977
8 45 844
4 85 2559
4 32 2819
8 48 7883
2 44 1139
5 96 575
3 93 6072
7 88 9911
1 9 6307
9 95 1243
7 70 3410
7 38 1845
4 19 5273
9 49 4625
1 27 5879
4 89 6380
8 84 4324
3 18 8231
10 11 11
10 73 1212
7 82 5141
8 1 2376
9 86 128
2 90 2180
3 42 4216
7 74 8148
8 35 8039
1 17 1926
10 7 3420
8 38 8166
9 77 2231
8 28 8480
7 65 5558
9 76 656
1 86 8504
7 56 237
10 27 4204
5 95 1356
7 56 2392
3 38 4492
7 92 5260
2 66 2398
6 57 9442
3 12 1335
6 48 4833
2 99 7667
10 31 9551
2 32 2741
7 75 5920
10 84 8155
2 14 3917
5 22 720
9 96 1616
3 57 24
5 39 3840
6 30 1247
5 12 9149
3 65 9066
6 53 3834
2 58 1437
10 44 8962
5 58 2830
8 15 1805
6 62 6781
1 68 1725
1 16 3313
9 95 7535
9 41 1119
4 81 2748
2 14 2673
9 44 7291
10 47 1970
6 8 8537
7 35 6520
9 32 6461
4 24 3198
9 32 1873
10 94 7463
10 68 3099
6 22 3639
2 44 2316
6 88 8730
6 73 583
6 17 7600
2 37 9455
7 75 8144
1 37 5493
9 42 7039
6 52 9750
1 21 6875
6 19 7566
4 27 5561
6 90 7950
3 91 3276
8 71 3788
9 83 5062
6 24 8801
9 43 8907
2 9 5705
2 10 3064
7 61 8190
4 31 9025
3 49 170
1 6 758
1 66 6988
1 95 8102
1 69 922
7 24 8912
7 2 8212
8 68 3933
3 2 4223
10 65 9919
8 36 8431
1 24 1127
2 68 5499
2 80 367
6 33 9388
10 3 5791
1 58 6196
6 8 9739
1 58 3662
7 94 5499
4 97 9973
6 27 9566
8 42 7644
1 32 7941
2 97 3145
6 20 3575
4 51 2370
3 6 1513
9 52 9268
2 56 9999
4 76 1440
10 29 4186
9 86 8336
2 7 204
10 52 5045
1 12 9850
8 67 5988
6 34 536
8 61 9414
2 66 7618
10 44 3459
8 28 574
7 44 5095
1 13 7053
3 36 6876
5 58 6910
1 95 2534
5 91 6528
7 1 3954
9 44 2316
1 96 7315
6 98 8671
1 11 9179
4 20 5384
9 59 7283
10 14 7600
3 57 3667
4 16 6007
4 1 4237
6 80 9301
9 98 4073
7 23 7830
4 59 5688
7 38 110
9 32 8616
6 4 5181
10 29 8394
7 14 7624
3 58 9701
3 22 9398
2 86 757
10 12 5042
10 7 121
2 79 847
3 34 5590
8 29 7074
6 51 6599
9 38 1399
6 54 8441
9 39 1683
8 14 8159
10 47 5766
3 62 1727
5 4 6389
4 47 1567
4 63 5045
2 70 2520
7 15 3335
1 64 6042
10 64 2382
4 41 2610
1 34 8356
8 85 8948
6 99 6423
10 71 1766
6 74 255
2 69 9573
4 43 5759
10 83 5611
3 35 5249
1 74 1064
2 76 6741
2 30 4959
4 4 6697
6 77 5691
7 13 7924
5 82 8001
1 42 5962
4 12 7112
7 63 5117
1 26 7939
10 32 1419
3 14 2336
8 41 7533
8 56 7792
7 66 2840
10 85 8349
9 56 8330
6 33 1832
1 72 4598
5 92 7954
1 17 9293
4 84 8929
5 2 4495
9 8 420
8 17 3311
10 30 8674
10 43 6213
3 63 2252
3 44 9745
2 67 3710
6 88 9030
4 63 8989
1 32 1097
7 49 2808
9 70 3036
5 1 4977
5 31 2254
2 72 4380
3 50 116
1 96 2866
5 2 3086
8 16 4792
7 8 8615
5 27 911
8 3 2578
10 97 1724
5 61 5366
10 34 4417
4 38 1818
6 20 4692
5 44 3338
3 10 66
9 10 6518
5 77 3315
7 28 6810
7 80 2404
3 24 7307
2 69 1186
8 16 499
1 90 9967
8 94 419
3 90 6146
6 84 656
3 74 8763
6 51 4102
1 56 9156
6 11 4670
7 76 6859
9 50 1613
6 1 9176
8 1 9112
1 22 3092
5 68 7658
5 90 2630
5 57 7426
5 10 6739
5 71 8071
9 5 2768
6 55 9522
6 49 5378
5 54 3245
5 66 7922
4 16 5090
10 83 627
4 18 9335
5 71 7652
9 36 9282
10 56 5995
9 83 2482
1 40 2643
6 41 8289
3 99 6773
6 98 9396
8 79 7342
6 44 1122
10 50 38
10 39 2731
4 14 2740
7 38 2114
6 72 1313
7 30 4893
3 98 1420
5 2 8677
9 18 7203
4 36 2071
8 80 9688
7 100 1670
9 9 5093
9 56 2588
5 38 4969
4 26 6334
7 72 8350
9 31 5581
3 33 5717
2 33 5080
3 3 7186
4 92 2575
1 10 8405
3 35 7240
9 7 5366
6 36 7943
6 60 200
8 96 662
5 19 6280
9 89 2725
1 8 4105
4 29 815
7 37 3463
1 26 6410
7 13 5080
2 6 7211
6 18 5698
8 34 4580
3 19 2781
8 53 9545
8 73 7916
1 97 6972
2 91 6949
6 42 6156
6 81 9327
1 30 1481
1 94 6238
4 64 6329
4 20 1716
9 73 4551
9 39 4948
8 55 8839
4 67 5061
8 61 8068
8 73 6639
3 94 4641
6 49 4476
8 74 8967
10 93 8932
1 32 733
6 58 2330
8 73 5931
7 77 1377
8 3 7494
10 97 1529
1 50 1848
8 87 4596
1 45 4431
10 83 2540
3 20 260
8 10 8717
7 2 9234
6 12 7555
4 50 2749
9 28 9487
5 19 5117
4 6 6929
5 23 1030
7 17 2463
10 52 7141
7 54 6461
1 36 4529
7 30 1488
8 74 4704
5 66 9900
7 53 8201
7 60 1342
2 4 2092
1 73 9348
10 18 6586
10 56 8197
2 17 9919
8 89 2564
1 87 616
6 78 1363
1 63 6523
8 69 4272
8 74 3984
9 67 1696
4 76 657
10 14 5834
3 30 9363
1 41 7443
5 68 4466
6 39 3362
9 84 6767
7 64 3150
9 34 4844
4 73 3465
3 28 5046
5 62 5759
1 64 6546
1 56 1711
9 16 1006
3 62 1172
7 38 8814
6 97 4147
7 95 1121
6 69 8723
1 67 9093
10 19 5936
7 84 7480
8 64 8572
2 89 6054
9 34 4911
10 40 8893
7 77 8623
4 30 5436
9 20 8562
8 59 5370
3 46 9998
10 24 5078
4 60 994
3 90 3042
8 48 5196
2 78 1115
2 32 9126
8 33 5266
4 32 7956
5 83 5203
5 68 7626
8 38 1767
1 52 2248
8 16 850
9 54 7634
9 43 7248
10 43 3147
7 14 6704
3 12 9378
8 3 8817
1 90 4417
6 33 9267
10 58 4222
8 28 66
3 52 6333
7 13 9523
6 92 6519
9 79 4088
9 69 2556
1 24 7810
8 85 6943
6 16 6867
1 58 49
9 52 1026
9 38 6984
6 50 9731
3 2 8844
10 29 4082
4 24 4482
6 5 5829
9 45 4224
5 93 8081
4 34 4000
3 85 7010
7 40 1228
10 13 7751
7 38 2368
3 27 7337
6 87 2076
8 41 1254
8 5 5023
6 96 2270
4 66 3839
4 81 3694
2 22 7035
3 2 4779
2 20 7497
1 90 4984
4 58 7912
6 48 7646
6 26 7201
2 78 6799
5 40 9757
3 33 958
8 48 5470
8 16 3103
5 87 9972
5 47 7937
6 98 2577
9 11 5528
5 81 5996
6 100 6030
4 12 91
7 85 3144
10 69 5707
10 34 7173
7 81 6986
9 16 8426
2 26 9690
3 74 7671
8 98 5453
7 84 9456
5 80 4304
5 14 8625
5 71 5374
7 87 8758
10 66 3499
9 38 6591
10 73 9163
1 56 7588
7 79 8893
5 88 1897
8 27 1088
9 77 2428
3 56 5556
7 91 486
7 76 5886
3 6 7879
8 22 3305
2 20 8081
5 83 7149
7 39 5301
1 65 6940
10 79 127
9 40 3473
3 63 6966
10 91 4831
4 52 6617
6 81 9378
2 52 1550
2 36 7111
4 68 841
9 1 6339
5 91 7434
4 21 3599
7 46 3387
3 32 6991
2 18 1779
3 33 1306
1 77 4795
4 65 8296
8 58 3725
9 21 9693
7 63 9199
5 57 4121
4 66 5813
4 89 5408
4 95 8973
5 12 3286
9 47 555
2 11 2579
8 50 4479
6 82 8441
1 43 9100
6 82 3625
1 81 7635
3 90 6099
9 66 5251
1 79 9146
9 26 1091
1 95 1897
7 28 271
10 30 1959
3 48 7316
6 52 7083
6 68 6248
7 49 8601
3 67 6626
4 65 8243
4 96 6886
10 47 4747
1 71 4825
2 98 2519
4 59 1431
2 37 6839
9 5 4187
3 32 4500
3 72 1701
5 46 8084
6 37 5397
3 92 4460
6 14 8601
6 77 2553
2 27 8757
6 29 288
6 10 11
9 66 5533
5 6 4587
2 36 1410
3 58 8357
9 3 5225
3 55 8367
8 37 2571
2 32 7763
2 61 725
9 19 7759
2 7 5696
4 62 3268
7 75 3830
8 65 5550
5 65 3801
3 1 1969
3 35 2344
8 26 5141
10 16 4444
10 24 9642
5 88 8032
8 66 1098
8 60 712
4 96 5112
10 68 4870
3 57 9256
7 37 3877
8 82 6512
2 45 5128
5 20 6133
8 6 6687
3 52 4861
1 32 3683
5 30 6667
4 65 1803
7 93 5563
5 89 1574
9 44 1379
7 44 7934
5 68 3351
5 73 8975
1 32 6070
1 89 8155
9 19 5203
7 82 8158
7 32 2047
3 29 9874
4 95 5327
9 97 9706
1 49 1391
4 71 5281
3 4 2931
5 51 8900
8 67 5832
1 20 55
1 53 9753
10 85 5936
10 65 102
9 37 2425
10 18 3915
4 53 8234
5 69 7213
8 2 137
10 68 1252
4 53 2223
9 98 922
3 5 220
3 53 6191
2 71 7889
10 73 9175
2 35 772
1 35 5419
2 73 3242
4 15 4570
6 93 9761
9 73 1155
6 85 7400
9 60 9915
3 69 189
5 68 7130
2 7 8852
5 23 6977
4 73 9795
7 20 2365
6 84 8634
7 100 6411
6 37 1992
9 80 4330
6 86 9578
6 74 1944
5 41 2588
4 46 7429
6 41 840
1 46 9628
7 14 9564
5 80 8870
1 2 4341
3 43 6623
9 35 5757
8 17 2116
9 73 9720
4 12 3667
6 35 622
1 18 6745
1 14 3413
10 91 7020
5 84 9102
1 48 4018
7 11 1880
1 42 3942
7 45 8484
10 94 2509
8 61 1650
4 63 7675
6 64 2774
6 84 8800
4 70 4695
5 40 4642
8 32 4722
1 65 9461
6 33 19
10 39 5465
2 75 798
9 99 4767
2 61 9942
9 34 7070
2 92 81
6 2 2801
8 15 9529
2 56 6537
3 2 5495
7 93 9897
4 72 8779
3 67 2879
10 18 5529
4 56 4743
3 1 7674
2 63 3377
1 74 6449
1 43 6426
9 89 1545
9 30 5720
2 22 2922
6 30 1779
3 73 1453
10 66 1171
9 78 8771
9 17 2974
9 27 8147
8 36 8749
8 26 4228
4 24 8184
5 23 4707
5 84 6243
4 7 5804
3 83 5774
4 88 829
2 41 5071
8 39 1725
9 44 3330
9 11 8466
7 95 2225
8 36 7149
10 69 9889
5 27 9033
10 34 5548
10 81 2972
9 19 6017
7 37 6777
7 46 3077
1 51 4266
5 20 332
3 33 9424
2 29 2973
4 55 6245
7 51 3145
3 93 5760
2 9 7917
10 50 7412
2 27 8935
5 70 6430
4 91 6469
9 5 8084
6 60 7534
6 85 7606
2 89 9963
5 98 7264
9 76 4120
10 13 3333
5 86 8079
9 37 9581
5 91 7543
2 78 5287
10 26 2309
2 1 1127
3 80 6959
9 50 7564
4 88 5325
2 20 3825
8 56 3577
4 56 3509
9 12 8928
4 30 1993
2 2 8544
10 65 7399
8 12 883
9 25 7676
10 18 1349
9 30 9094
6 53 347
5 16 4675
3 33 9577
1 10 4374
1 43 8262
3 29 206
8 81 3554
2 62 8978
10 32 1831
2 43 2
3 19 2167
10 61 3445
7 24 6488
6 13 1595
4 48 6672
10 45 3196
2 93 8634
9 20 8065
7 13 5826
9 5 8054
7 72 6228
3 76 4032
9 98 5767
6 10 3663
4 85 8825
4 66 5969
2 40 6666
5 90 3279
3 73 5297
10 35 6220
4 99 988
9 10 6961
8 39 4891
10 86 2311
8 97 8684
1 58 1195
8 67 4963
7 38 4867
1 90 6570
5 17 8941
1 71 5618
1 57 4240
6 81 6289
4 17 3953
2 55 6992
2 65 2913
3 59 815
3 82 200
10 47 1200
10 4 309
6 18 3395
9 55 9397
2 12 1609
1 77 1596
4 39 7027
9 7 4606
1 34 2381
4 23 4130
5 33 6360
6 76 829
9 58 476
6 57 9695
5 64 1470
1 98 8579
9 27 2997
2 16 6622
3 55 8312
10 22 116
7 64 7781
6 70 3945
4 27 5196
6 70 1339
6 60 3929
7 83 5947
9 74 5364
5 52 603
2 1 6644
2 74 8675
3 34 3483
5 29 2090
8 80 6052
6 89 4004
1 89 3846
8 17 580
2 20 6555
9 9 5727
1 42 9
6 46 3237
2 26 3628
7 68 38
1 66 9439
6 92 3873
10 9 3959
8 45 8628
7 77 1778
10 38 9792
6 56 343
9 70 4122
7 29 7892
4 87 6178
1 87 4633
7 65 9455
8 48 4274
6 1 9132
4 10 403
10 60 8430
10 55 8893
8 16 4153
2 66 3833
8 55 3017
10 56 836
10 51 4947
8 31 5230
5 83 6254
2 53 7752
8 59 6127
1 23 9658
5 45 3476
4 17 8224
1 22 7381
9 17 3641
3 28 4520
9 59 7032
2 77 4313
9 88 4523
10 30 2086
10 78 226
1 44 2409
10 33 8257
5 84 6627
4 73 1823
6 11 5732
9 54 7153
3 86 5916
3 31 6388
8 27 6842
5 2 5316
4 7 3048
6 21 1868
1 27 161
4 83 7553
10 24 4333
10 78 1481
5 91 7711
5 11 2049
9 38 7668
9 56 8193
8 40 1437
8 37 2329
6 98 9202
5 60 3507
3 52 5558
2 47 8898
2 11 5928
7 64 1657
10 82 3865
3 77 8487
5 52 98
5 65 3310
4 44 8180
2 63 3047
3 73 9883
8 41 1138
10 27 5494
4 19 7797
10 95 7444
1 8 9735
9 12 2259
1 98 2932
4 84 7257
7 72 6942
2 38 9034
2 49 5527
1 74 8875
8 76 9634
7 100 2290
6 76 9331
8 71 6651
4 5 3230
1 16 3239
4 45 7850
5 98 1414
5 57 3357
8 77 2776
6 16 1734
10 60 8284
7 51 8157
2 55 7275
5 39 1833
2 55 2982
8 49 3939
2 52 7656
8 77 2100
3 71 6439
1 36 2234
2 88 8512
3 48 1622
1 87 6712
5 40 7038
3 99 288
7 52 5661
6 77 1998
1 68 1881
8 75 1742
5 48 3114
2 97 6136
10 17 5970
8 66 6335
2 87 9052
4 76 8964
10 37 5224
2 9 5076
10 95 2373
6 44 8549
3 58 9051
5 41 7826
2 4 9831
9 54 4618
4 92 8585
1 99 3612
9 61 601
6 99 2699
2 43 2508
7 53 4821
9 96 2772
3 27 9016
10 30 6759
9 33 438
9 60 773
9 77 2310
1 23 6214
4 19 5195
4 63 7028
9 18 2997
9 90 9780
3 51 7698
1 43 2064
2 29 4062
7 56 8132
8 6 4818
3 95 1398
5 67 2091
4 8 6337
4 23 3391
5 36 751
1 67 6375
2 44 5642
10 88 8153
10 32 4512
4 43 159
3 22 7437
2 11 4475
8 13 3765
8 33 8904
4 3 5837
5 45 606
8 2 6172
5 31 948
5 94 5793
7 51 9408
5 22 6665
10 59 5321
7 35 2840
8 57 2474
7 45 2684
7 5 9503
8 80 5278
2 62 886
5 82 4345
3 50 9305
6 23 1893
2 78 183
5 33 9721
3 82 1703
2 61 1763
10 12 8656
5 36 5471
5 83 8965
8 54 6937
4 21 445
3 68 2892
7 23 5619
3 99 5147
3 6 3413
9 84 5260
9 15 9583
9 79 6869
9 94 4709
8 62 7018
3 88 237
4 4 3788
4 20 2570
7 8 9620
7 72 9668
6 70 8266
2 46 3017
8 95 7517
9 99 9086
3 21 1347
7 10 9602
6 36 4281
5 22 6831
4 3 9581
5 82 5064
2 93 3450
1 24 7756
4 76 4350
1 12 7775
5 11 8307
4 38 6358
5 66 1722
1 8 7891
10 98 8210
6 41 5927
5 99 8341
3 23 9502
2 62 9019
5 39 1452
2 88 9253
6 8 4460
3 48 9600
4 41 5639
4 12 3036
7 88 4011
6 68 2994
3 56 8906
3 61 4408
7 41 285
8 12 7314
1 32 5601
8 100 6371
2 42 5324
10 85 6064
4 58 8385
9 70 7095
5 25 9600
9 34 5127
1 53 8758
6 61 3447
7 4 8943
1 56 387
1 26 6924
8 88 427
4 31 5916
10 28 667
9 13 5025
6 69 2541
2 16 7116
9 87 9947
1 94 8363
2 32 9015
6 46 3947
1 34 3039
9 3 7396
3 97 9401
3 59 1157
3 47 367
10 90 4296
10 6 5497
3 33 8162
2 53 6178
10 15 9872
3 24 7559
4 86 3649
5 7 6887
10 89 1814
6 47 9517
9 58 8343
1 38 9078
5 39 9416
10 68 1845
2 11 3111
3 57 5019
2 26 8099
6 43 3263
6 42 9599
9 36 4998
7 21 5168
1 7 7279
1 87 2615
7 2 5282
3 43 3838
8 63 4174
2 71 1115
6 16 2409
2 86 7769
1 24 771
7 30 5013
8 39 1765
7 81 269
1 55 1830
10 58 9754
9 66 9854
10 58 1812
4 90 1002
5 94 7555
1 100 4235
3 56 3064
3 82 864
8 11 4917
8 100 5366
10 38 88
5 39 9077
7 57 7439
5 18 1362
3 80 9002
3 91 5237
5 21 1748
1 69 8075
10 18 8059
10 5 6066
3 35 6544
2 58 1300
7 37 6467
4 48 929
5 77 4013
5 14 7545
8 38 3234
1 8 133
6 40 5851
6 91 2216
2 67 14
2 75 6320
9 95 6175
2 100 6954
4 44 3475
3 14 5129
5 64 7403
7 85 6310
6 72 7632
1 56 1195
10 39 6612
2 26 8950
10 32 9355
9 21 6041
4 11 5484
1 68 2902
3 28 3450
6 85 2907
9 36 7121
10 44 1616
8 25 8555
4 5 536
5 36 1855
5 26 8141
1 61 9000
7 78 2061
1 9 4650
3 53 8286
4 37 42
8 90 1385
5 10 9456
3 46 1999
10 43 5186
1 8 5431
1 72 9872
1 39 120
6 66 9883
7 79 4438
10 98 9751
4 6 3429
7 76 3385
3 27 3578
2 10 9213
5 86 9013
2 72 4134
3 77 7987
2 33 370
6 61 6815
9 19 6722
7 40 3493
2 83 5002
7 5 1652
8 11 1714
2 52 8693
2 46 1507
1 68 52
8 53 425
5 7 8425
2 6 7284
8 14 139
9 88 2373
7 8 7134
10 100 6480
6 87 965
9 77 9364
9 15 414
6 27 8894
8 65 7555
1 50 5389
7 82 4962
2 10 7209
4 21 9665
7 40 572
5 28 7452
7 56 1410
8 25 2186
1 83 288
2 45 2109
4 92 3790
10 18 6216
2 78 6269
1 21 7058
7 60 6207
3 80 5326
7 56 2065
10 60 2068
6 68 7672
9 54 6470
10 34 34
10 86 2095
1 1 3852
2 86 2113
5 25 1060
10 90 6079
2 68 3333
4 74 3010
3 27 1958
6 11 1242
6 39 3049
8 1 8274
5 82 2758
3 38 5786
10 87 5453
5 59 8556
2 17 7747
8 74 8419
10 30 7055
6 54 6867
6 19 5870
5 50 1720
10 89 6313
5 96 1123
4 41 513
5 53 5266
3 5 987
7 68 8574
9 43 5864
6 37 7044
8 19 7400
8 37 5193
7 83 7547
8 23 5419
5 44 7119
2 99 9109
1 26 9007
3 67 4079
3 70 6219
7 18 4315
1 36 9923
6 3 9410
9 11 6449
7 24 7482
7 55 2437
9 66 4553
4 45 3047
8 46 1860
7 69 6175
4 71 5726
10 63 4276
2 26 7581
7 79 155
6 40 8749
5 55 4947
10 68 8576
7 99 6721
8 37 4531
8 40 905
1 85 7924
1 68 2454
7 41 9815
5 3 6896
9 63 8375
10 88 9772
9 64 207
4 19 8600
7 71 8347
7 98 7163
2 97 129
7 41 6745
8 21 7525
5 39 9456
3 93 9052
8 82 6146
6 32 2100
1 23 9233
6 44 5143
10 66 3448
10 73 5236
1 21 3976
7 18 6250
7 92 3530
1 13 3719
8 63 2860
8 2 2178
5 62 7605
4 44 4450
8 91 4111
6 62 4686
8 16 4209
2 83 5026
4 27 8584
6 28 4166
1 7 1762
5 80 9091
10 26 4066
10 31 4516
8 24 5063
10 18 240
9 41 7135
1 86 1609
5 37 6044
7 50 7840
2 3 5809
4 83 4089
1 88 5036
7 45 4462
6 55 2210
2 4 2324
9 13 7240
2 92 7187
10 72 9538
7 92 8095
4 8 5954
5 80 5858
9 24 7714
5 1 1411
8 63 8160
6 17 6630
6 1 3657
9 74 3163
10 65 4427
8 37 496
3 46 9446
3 68 3908
3 71 8069
6 72 335
2 8 95
3 43 3303
8 63 3004
1 40 3281
3 25 1935
3 40 5477
6 70 2026
3 33 4701
7 45 7457
4 4 4657
4 25 9378
5 11 6400
3 25 5147
1 47 9169
2 49 5089
4 92 8655
5 50 9456
8 14 825
4 2 8522
4 42 3620
7 20 1025
8 40 7842
9 41 3956
4 77 3745
3 58 8272
9 34 4217
3 60 6062
9 95 3991
6 68 9778
9 49 9843
5 16 5060
8 72 9048
4 51 8318
9 11 7040
7 68 3005
10 1 7710
4 39 5155
10 82 8706
7 27 998
1 91 800
5 68 7491
5 92 9486
7 1 897
3 86 8176
8 67 3349
9 72 2614
9 79 6710
10 35 5394
3 8 7648
4 83 5523
2 83 4944
10 14 9652
10 96 6497
9 89 4085
7 7 9784
3 27 5583
9 28 7042
5 91 5568
3 13 3418
5 46 7129
2 78 2854
6 85 2199
7 83 5280
1 82 518
7 31 9253
6 28 6977
1 54 1714
10 5 8987
1 26 9785
6 66 7554
5 44 3425
3 61 6702
2 5 8488
7 7 2834
4 2 8376
4 38 7603
9 34 9664
3 86 77
3 23 2276
9 78 2878
6 76 9809
4 89 4635
4 77 5778
10 46 1468
4 24 1839
10 95 4802
2 83 6488
4 31 3377
8 71 5855
7 51 7997
4 38 8567
9 25 6909
2 40 7953
8 13 6904
6 64 6642
1 40 3154
7 13 1385
4 97 8920
5 99 7281
2 75 3867
8 82 650
9 75 8970
3 21 9895
10 56 9375
8 81 4039
2 67 1084
3 34 6481
3 54 875
8 51 3087
1 80 1555
8 68 7294
7 87 9587
7 51 5199
10 4 4630
3 42 7717
9 66 297
3 62 5470
6 49 7817
5 96 4366
6 20 7328
6 88 2725
2 82 8526
1 87 5890
5 81 710
3 38 7808
1 81 5984
4 46 9792
10 30 1866
7 56 7612
10 42 1099
6 17 1459
1 71 9292
3 32 59
6 100 584
6 44 7512
4 83 954
5 54 5858
6 36 9521
5 18 783
5 12 3833
9 88 5861
9 17 298
1 18 3255
9 41 8507
3 39 5753
8 85 1817
5 45 9599
4 6 8467
8 74 9382
8 98 7906
9 56 8372
6 60 9630
4 18 1209
5 25 98
9 89 6327
1 51 7160
6 58 921
10 15 6716
6 19 7992
4 2 9204
6 10 2905
6 97 3154
10 52 5882
4 90 5180
2 64 8727
8 1 2251
4 100 7586
3 23 8347
3 63 9615
6 44 3791
10 94 7657
8 71 7510
8 34 8530
5 45 3607
1 51 7849
2 88 1920
7 47 7583
1 70 395
2 61 1615
5 75 9146
4 96 6052
4 80 8210
5 96 2640
7 5 1871
1 2 5498
8 19 7835
2 28 321
8 14 193
7 26 2165
9 17 6490
7 59 1943
4 58 5276
2 61 1333
2 38 2637
2 98 9124
5 36 9909
10 74 7945
7 91 1097
1 68 4757
8 11 2163
3 3 1669
2 68 1366
10 27 2630
8 44 6253
3 96 6430
4 93 8333
8 51 1077
2 28 2514
2 77 5529
7 29 9821
8 3 4216
7 38 1789
7 80 6642
8 98 2972
4 87 6858
7 92 7571
2 80 9258
3 20 1871
7 81 3219
7 83 8990
8 80 5844
5 79 4558
7 67 5101
10 4 1237
1 68 9747
3 86 3936
3 92 1814
9 49 3720
10 12 5675
2 17 2661
3 31 2739
8 60 6584
6 86 4669
10 15 5747
1 23 4319
8 19 3790
6 29 9192
3 71 4911
10 78 7385
2 87 4090
2 88 5928
9 44 2233
3 77 8867
10 50 916
1 72 159
5 87 7964
7 43 4618
7 42 4056
9 7 6999
9 53 2706
7 62 8309
5 85 7352
7 97 5973
2 35 6617
10 53 8928
2 20 1372
2 68 6519
2 38 438
7 12 8302
10 82 2125
3 59 2187
2 88 9725
7 48 4397
5 89 4136
8 39 4214
9 66 9545
6 31 7769
4 59 3984
2 73 7788
1 4 8533
4 16 4989
6 88 3389
9 39 3456
9 42 8178
2 100 3603
5 15 6099
10 80 1999
2 98 5726
2 60 2426
8 3 4281
2 64 3246
1 28 1658
2 92 3098
9 5 7042
4 75 5815
8 26 2744
7 73 7852
8 27 5803
3 38 6324
7 28 6478
2 85 7893
5 94 8798
7 1 5682
2 39 4161
9 57 8110
2 82 3153
4 12 5535
5 34 7657
9 18 1851
5 12 1103
3 43 4726
6 63 8032
10 37 4943
8 25 1731
5 13 261
7 68 8976
5 12 7784
3 33 558
6 91 745
7 56 6955
4 41 5277
6 78 6364
10 49 3057
2 29 1044
1 55 4255
2 19 1822
3 36 3773
8 38 2593
6 41 5433
8 38 6934
3 46 1697
9 39 3047
8 55 7527
9 67 7336
5 44 4679
3 64 532
7 16 9250
10 22 5704
6 44 9682
4 82 1646
1 28 7095
6 21 9213
8 90 723
10 98 2441
5 10 2267
5 81 2656
5 24 1213
5 55 7201
2 14 1660
8 97 5178
10 57 7662
1 90 3185
1 34 6816
10 25 5621
4 92 1289
8 76 374
8 60 4228
10 68 2634
1 54 9756
10 54 6135
3 54 4354
10 46 1299
1 17 1861
4 95 7596
6 41 2591
8 73 4266
7 28 8418
6 22 89
6 55 1231
10 98 4785
8 45 4830
1 60 2247
9 68 8711
5 47 3638
9 85 5283
7 79 8019
8 76 1292
7 63 9650
5 93 358
4 40 8104
10 17 5906
5 86 760
4 32 5766
6 34 6516
9 100 7555
3 12 6693
4 30 7886
9 2 2184
3 98 3112
4 21 7752
3 66 3865
5 76 1140
8 83 6687
4 51 3091
5 79 8352
9 54 1848
7 22 1201
9 3 6527
7 61 648
4 73 7731
1 82 3564
6 59 4214
5 2 2455
2 74 810
8 85 3949
3 19 7181
10 67 8709
5 67 4050
3 18 1618
8 52 2736
8 4 4223
7 84 736
6 75 7455
6 45 1199
6 74 7179
1 36 645
10 81 532
8 90 9722
4 24 3392
3 80 7885
6 86 8111
2 83 6557
1 31 3170
3 96 7182
5 59 8621
3 80 9666
9 40 9886
10 56 7546
6 64 3181
7 92 1175
5 37 8396
8 39 4429
7 75 4539
10 76 214
1 95 140
3 74 7054
1 45 9698
8 19 4516
1 88 8710
4 70 7426
1 56 2868
1 73 8792
6 5 9556
8 32 8280
4 70 6752
2 22 6313
1 17 2173
6 95 2188
9 92 9106
1 83 796
5 10 9299
10 91 9455
1 37 635
9 10 1332
2 95 3066
1 91 5134
8 74 4751
6 28 2968
10 55 5835
7 38 245
5 9 8644
6 30 9150
6 59 63
8 39 9701
6 76 4111
9 21 8940
8 18 1471
8 67 3323
2 47 7943
3 67 7713
6 44 9142
9 22 6852
7 64 9257
4 79 3335
4 51 3653
4 70 3217
1 37 7762
6 21 5195
8 99 8039
10 75 4570
9 32 7940
8 44 3065
8 85 1354
1 30 4535
9 15 652
10 25 3435
8 49 8423
3 7 6621
3 63 494
2 86 4630
9 4 5893
4 6 5933
2 23 1207
3 49 7408
1 53 9020
4 4 3144
9 95 4908
7 16 8383
5 18 5363
10 20 4894
5 63 4557
3 12 1567
7 74 3072
5 52 2202
10 13 1784
9 73 1923
2 72 2312
2 48 6291
8 43 1860
