10000 10000
10 20 6507
4 49 9608
7 19 4812
4 78 6538
6 85 895
7 31 1036
9 31 1644
6 64 5603
1 68 9344
1 93 9245
6 27 2364
2 24 1740
10 79 8951
10 76 4822
7 80 9682
2 95 9479
8 33 667
2 71 2352
8 40 2921
7 73 1831
9 16 9872
4 52 388
7 65 3392
7 94 5304
10 32 516
3 34 3062
3 7 8492
6 52 3682
4 57 9561
8 35 4186
7 33 2118
3 42 7121
6 34 6090
4 5 7376
3 84 6624
8 36 8750
2 72 6491
4 37 1614
7 23 6083
10 95 3005
6 38 922
1 27 881
9 9 770
4 65 1719
10 78 9779
6 7 5228
1 73 4867
6 43 8813
6 16 4871
1 94 1028
8 50 1613
7 35 4525
4 88 5950
3 17 3147
5 67 1764
9 33 3953
5 84 6289
2 66 8891
8 40 3211
7 42 3779
2 32 9725
10 29 165
9 37 2100
7 1 985
6 53 4038
3 59 8635
2 74 3779
5 94 4442
2 75 2345
1 3 8916
9 81 9876
5 21 3669
6 33 1220
6 75 7197
1 31 4005
7 80 6993
2 18 952
10 72 8441
5 15 529
5 95 8264
1 96 800
3 77 1154
5 84 6990
1 2 5457
7 21 6223
1 72 9513
2 97 6432
5 19 2642
2 23 1554
4 13 9745
2 3 569
9 58 6962
9 88 8665
2 56 5128
6 91 4475
4 4 6889
1 48 865
1 50 7160
7 62 1359
6 19 1379
9 87 7103
6 97 1764
3 5 7825
8 42 5408
6 46 5751
8 83 5922
4 42 9682
9 83 2892
2 38 641
7 15 2364
8 48 6837
9 25 8575
5 62 2872
10 54 8317
5 82 9565
10 89 8355
6 41 2907
1 18 2880
6 15 7652
10 22 1874
5 39 5669
9 10 8156
7 74 323
3 20 5396
6 41 1868
10 98 789
4 52 5337
1 68 12
3 54 2688
1 70 9717
9 31 9599
4 51 4664
9 61 185
2 38 4684
9 66 6687
8 70 4704
1 15 112
4 26 2270
5 21 2679
1 88 3573
7 26 8487
4 99 3388
1 98 1647
9 86 2811
6 37 3961
6 73 3209
3 37 4842
5 62 2624
1 68 3675
9 70 9267
4 67 3331
6 94 870
10 93 2754
8 24 1796
9 12 1756
5 60 322
10 78 7165
5 22 9337
9 73 8238
10 97 2972
7 66 1846
4 78 9556
2 53 8177
8 83 2378
2 6 5501
1 90 6406
3 22 7082
6 71 9267
4 79 5138
2 45 6376
4 70 4305
9 9 6332
10 31 8227
4 39 3946
6 94 891
3 19 3767
5 100 3581
3 73 745
1 18 3782
2 50 4456
5 8 6717
8 23 6102
6 43 7764
10 27 9648
9 80 9028
4 8 60
6 92 6829
7 55 7935
2 67 4742
1 58 2199
10 38 9775
8 82 8657
9 56 1927
5 16 6444
10 95 5672
3 39 8002
6 75 9534
4 95 6454
10 2 4843
1 8 7433
1 27 146
7 57 7878
6 26 2441
7 95 1628
3 24 6862
3 37 9066
5 69 2453
8 87 5565
6 25 3315
3 99 7468
5 69 3487
10 11 1512
8 25 2551
3 63 2569
5 32 7139
7 1 3415
7 23 1305
7 35 7008
4 60 804
1 16 1262
5 63 7800
3 52 6678
1 5 6130
10 96 1235
5 62 6584
3 57 1871
6 1 1629
7 85 9942
3 83 560
4 36 8586
6 21 2297
5 38 6961
4 90 3395
5 99 5711
8 92 2992
8 10 5817
6 71 8159
6 52 4472
5 59 9404
8 100 1385
9 94 2294
3 67 4247
2 87 7799
4 49 8567
4 37 2272
6 52 9787
9 64 7392
1 68 441
5 59 2862
4 29 1675
5 84 7844
7 1 6507
3 62 6477
4 89 3813
5 45 6342
10 53 8578
10 79 6291
2 36 113
8 48 7725
2 9 1301
4 13 1768
3 21 626
3 59 6826
3 13 3998
9 36 1748
5 2 5334
1 73 1105
8 59 7833
5 84 4387
5 3 1309
9 67 8231
6 39 8591
8 56 6339
9 57 4036
7 39 5909
1 64 3781
5 85 3040
10 67 2641
6 1 3008
1 100 6626
10 60 9495
4 48 508
2 36 6888
7 81 4023
4 14 5323
7 82 4230
1 60 6776
6 10 8145
7 43 8050
8 64 7948
4 52 2143
10 30 8351
5 60 567
7 27 1237
10 23 2061
6 55 7420
2 36 9859
4 75 7305
8 42 7431
5 75 7955
6 100 5231
5 82 5226
6 44 5005
4 71 5272
7 37 8561
6 29 4535
2 93 1844
5 65 2833
6 73 429
5 92 1777
5 57 5145
3 86 1220
2 98 7425
1 61 9938
2 59 8140
8 29 6815
5 75 7284
1 62 6052
9 5 5281
4 43 2998
2 11 8767
3 42 5013
1 56 7254
4 45 8425
1 47 2066
7 59 9360
10 51 3708
7 92 4055
10 35 1269
10 87 9585
9 57 7082
5 29 7260
5 98 2343
2 31 5786
5 43 4796
1 28 4777
10 60 8275
9 40 6024
1 24 5877
4 58 1402
7 54 2622
9 79 3697
9 70 3385
6 81 9038
4 83 5010
7 23 5692
2 90 977
1 14 8610
2 10 4022
2 93 3478
3 41 7564
7 55 7817
6 21 7599
1 45 4624
2 20 3017
1 70 3209
3 85 8820
7 1 9691
5 80 5400
1 59 8219
6 20 9537
5 30 3150
3 88 7902
6 51 5288
7 95 6196
8 77 8224
6 99 4965
6 4 3022
4 36 8345
8 48 3304
3 98 4827
7 66 5794
3 11 1026
5 77 2220
5 29 3931
4 11 9439
5 26 8377
1 48 170
8 14 9003
7 49 5554
7 31 96
5 68 489
10 99 4416
9 53 8269
6 95 9058
8 73 3180
10 89 1125
1 1 7609
3 65 80
7 60 8726
5 78 468
9 93 584
6 47 8509
6 55 6307
7 85 2788
8 53 5854
10 65 6782
6 11 2809
9 3 7402
8 52 9468
7 18 5738
8 14 9010
2 74 9178
5 57 4515
8 13 6747
4 85 8083
8 27 7080
2 83 6288
1 34 3858
5 62 4565
3 47 6096
3 73 5118
3 13 2009
4 74 7557
4 4 3270
1 25 9354
4 82 2769
9 31 7233
2 24 7393
8 98 6690
3 96 2530
10 87 1889
6 51 2750
1 67 7696
7 46 5499
9 100 7622
7 1 1098
2 84 9298
10 9 747
5 62 3840
9 97 4056
3 6 8963
5 59 926
9 53 6169
9 75 4845
2 69 7405
7 3 5422
10 70 1933
3 83 5706
10 81 6173
3 73 6507
5 46 7514
8 64 6173
4 12 7969
6 7 8672
4 55 4442
6 34 6366
1 49 7933
8 10 2589
10 4 6424
3 20 6026
5 18 6493
4 79 4188
5 72 7337
9 83 7561
5 79 6738
5 61 8937
6 33 1822
6 63 3882
8 94 2032
10 3 5033
6 77 3850
6 91 7765
8 49 1322
1 5 1673
9 62 964
10 2 3257
4 69 6801
3 31 6839
9 25 8950
5 85 7828
10 89 2532
3 33 7744
2 78 1218
9 17 5685
1 62 1707
9 58 6827
10 21 2045
10 49 4854
2 31 7885
4 22 5406
4 78 341
5 95 7341
10 85 9708
7 60 5108
9 25 5584
7 88 9874
5 24 1123
1 69 4399
3 52 7850
4 80 7002
6 78 7022
10 74 9018
10 50 6049
7 32 5252
3 63 8958
6 86 5139
5 46 6922
2 8 3599
5 14 1022
2 62 3170
5 22 1166
6 8 5478
2 51 220
8 33 5222
5 38 2014
4 19 3911
6 53 4929
8 49 3809
3 26 363
1 9 1421
2 49 6222
10 44 1119
7 50 6883
7 35 9856
4 35 9581
6 4 511
7 86 6071
1 4 8160
1 92 8890
4 75 7052
7 31 33
2 65 6231
9 55 8977
6 88 2822
5 96 2508
2 29 9533
10 64 9499
3 24 9769
8 4 3993
6 43 2812
5 82 7741
3 88 2890
4 15 1427
10 51 598
7 84 1004
8 20 9451
6 27 3202
5 65 9705
4 89 5886
2 13 446
10 88 5289
2 72 5616
7 100 8773
4 91 1491
2 49 9919
3 64 2095
1 71 9352
5 48 5180
2 77 1145
2 1 8542
2 76 4143
2 3 146
10 20 6898
2 36 5308
3 13 657
4 72 8692
10 63 1366
5 4 3745
6 43 117
10 19 5464
10 33 163
2 58 2914
7 42 9758
6 29 2805
4 66 7537
6 63 6613
10 8 1041
8 33 2818
3 95 1372
3 74 7459
1 83 8016
2 33 2998
7 30 4038
4 66 8721
2 8 5343
6 80 5448
8 81 2530
8 45 4245
5 38 948
6 57 6501
5 32 8308
2 6 3087
5 5 5488
2 29 3021
7 90 3103
10 80 6374
5 19 4082
9 94 5048
4 76 8781
9 52 9403
4 92 7567
5 37 3046
6 9 9804
10 6 4977
8 17 3660
5 35 5370
3 100 7262
9 18 9162
5 36 9433
5 38 7681
5 87 7815
2 77 7380
9 23 3081
1 17 404
10 71 7549
7 64 7627
6 63 9537
6 64 6278
9 69 3248
9 56 7062
5 30 9342
6 23 9275
1 100 4356
10 20 556
7 97 7985
2 6 9525
9 45 1850
8 36 386
8 89 7583
10 34 9615
4 16 9280
4 24 6164
6 17 1221
7 97 5160
6 84 6691
3 34 5396
2 65 5649
7 6 5574
6 58 8132
1 69 8024
9 83 8469
6 97 9073
4 58 2229
10 77 6439
4 50 2344
4 25 9883
6 81 7103
9 74 4017
8 52 9051
4 8 2148
5 50 4189
7 25 7166
6 54 6666
6 50 1365
9 76 3475
1 93 7139
3 9 3016
2 63 1031
7 54 558
9 75 3258
2 3 9866
8 95 9903
7 65 4522
1 94 4595
10 79 234
8 49 5177
3 92 8315
8 29 3349
1 17 8961
10 27 77
7 62 3426
9 38 2035
10 85 6860
5 48 4675
7 11 7756
9 13 3677
3 51 5304
10 55 3419
3 10 6734
5 97 4073
9 12 190
8 84 6071
4 35 1468
10 16 8621
1 14 5384
8 12 7229
10 36 9941
1 39 2324
9 62 6235
3 57 7129
1 47 6520
9 40 294
6 85 8466
2 87 6299
9 62 7092
9 48 6731
6 21 4925
7 11 1121
6 67 9715
5 62 8298
4 40 6873
4 63 5393
6 50 688
7 83 4420
9 64 3527
4 65 2280
1 21 90
5 41 4441
1 3 9346
5 65 6591
5 85 2493
7 15 8776
6 94 8085
10 9 1169
7 73 5814
4 85 347
1 58 2919
5 27 8653
8 9 8828
4 58 9701
6 18 2037
10 91 8338
9 52 5411
8 44 2830
1 59 3356
10 100 7239
6 79 7352
4 66 1233
9 79 2256
2 75 1088
8 86 6177
2 40 2693
10 76 4041
10 68 621
10 92 2367
6 44 7776
6 64 7423
3 82 3139
6 75 4450
1 17 3276
10 7 6617
1 15 9386
2 12 4138
5 48 5373
3 77 460
5 90 4043
10 19 6504
8 73 6375
4 23 3404
1 77 6202
8 40 4643
2 15 5191
4 25 2560
1 1 4368
5 14 6008
3 67 8450
4 86 7720
9 31 7448
6 14 2567
1 50 1725
7 75 2846
4 88 6481
6 20 4954
2 68 3177
10 39 9851
8 48 5581
2 75 5815
9 65 5505
10 99 1185
9 43 7103
9 14 5660
9 75 6063
4 99 2238
8 76 3530
9 69 661
4 42 6580
10 8 2753
1 27 2735
3 71 8058
2 84 9393
3 39 948
9 45 9624
1 6 8036
10 84 7344
4 41 4575
3 29 5628
4 92 4337
1 77 9298
10 11 3064
6 81 5092
5 21 7009
2 3 8426
4 60 9007
4 71 3259
10 98 6315
9 11 5554
6 75 3640
10 77 1480
10 89 4164
6 44 590
7 28 9366
2 33 5572
8 35 6101
8 71 9059
10 71 2744
7 70 2001
7 78 5121
5 4 1846
5 70 6868
4 2 9070
9 21 8440
1 80 7119
5 2 9138
1 71 625
6 78 5934
2 13 6005
1 85 225
8 69 7012
1 59 5042
4 30 2187
1 86 8872
9 34 4308
4 73 4840
10 64 4525
8 94 4582
6 10 9012
4 6 5258
5 61 6905
3 18 6849
10 3 8374
7 40 9938
5 60 7666
5 79 7675
8 32 7795
9 49 1123
4 38 2538
9 43 9054
10 7 3110
1 53 7368
8 17 5983
4 90 285
5 93 4635
9 42 5134
9 92 3667
9 99 4319
3 32 8895
3 85 8615
10 80 5822
2 64 4142
6 61 697
3 2 5616
3 23 9029
1 5 8497
8 84 4715
5 30 9393
9 83 2627
4 3 8312
4 13 6583
10 32 6136
9 71 762
3 89 8583
6 76 9863
4 90 2920
9 32 117
5 54 4300
3 18 5552
8 85 2307
3 65 8882
4 80 31
5 33 8802
5 33 8005
9 5 4405
1 35 402
2 12 5615
10 23 3367
1 50 8483
8 69 4738
5 53 6978
2 56 3823
4 36 7546
6 29 8710
6 71 7811
9 18 2792
8 94 930
5 54 6400
5 94 7085
4 55 7269
8 24 8051
8 7 6384
5 64 6490
6 73 5830
2 88 8097
1 41 7364
9 7 3001
9 78 1651
6 47 5123
9 31 4174
8 22 2397
1 85 1546
1 46 3741
8 96 1278
4 77 1663
5 14 8317
8 91 2469
8 9 4185
3 92 5623
4 33 8467
7 63 3062
6 71 3686
8 84 2728
10 36 8763
3 7 1657
7 55 2899
2 21 1158
3 81 4865
7 99 4906
7 63 4799
7 93 4891
8 77 6024
4 97 2276
2 87 6935
2 28 8682
2 93 2214
7 46 1053
8 63 4219
8 95 2409
3 77 8381
4 61 6940
1 40 7573
6 7 6155
2 43 1457
2 9 1969
1 93 7488
7 67 1898
4 88 2504
10 56 2285
9 88 8141
4 36 511
4 52 7506
2 45 6082
3 56 827
9 3 8001
5 26 2066
3 93 1782
1 12 6365
9 99 2166
3 23 9334
7 24 606
4 38 863
2 25 8088
10 68 9660
7 68 4592
4 89 8662
3 61 8939
5 22 4980
1 27 3974
1 3 7892
10 95 2337
3 42 1631
7 58 5133
1 75 6789
9 93 257
5 67 7530
7 22 3167
7 91 2638
7 17 4073
5 97 177
3 2 163
4 80 4877
8 11 6968
2 19 312
6 86 949
1 30 7199
3 80 5709
5 98 2047
9 32 895
9 12 7476
2 36 5619
6 40 8928
3 59 9533
10 95 7157
2 61 4840
4 16 3251
2 29 2711
6 6 9102
1 39 2198
9 44 8038
10 77 9833
6 94 8398
10 65 439
5 65 2345
3 61 3494
3 72 3300
2 30 9463
8 33 4520
7 53 6695
8 34 6316
6 27 8857
1 41 4172
1 7 5432
5 97 1605
7 30 1226
4 80 4217
6 100 1717
4 82 1164
2 37 9066
1 26 9507
9 67 32
8 65 3796
5 14 9914
1 2 6062
2 45 2587
9 38 2334
5 39 3270
7 87 1859
9 6 3014
2 6 5847
2 90 3020
10 64 4034
9 74 1924
6 71 4951
10 12 947
8 30 9583
7 34 1890
4 52 2673
10 14 5215
1 2 4529
5 76 7909
2 12 9799
9 61 6291
8 62 5533
3 35 5697
2 45 9895
3 95 7904
4 32 4323
1 38 945
2 16 7259
9 53 3624
9 56 855
3 5 5643
5 35 7601
1 73 1448
4 55 6957
9 6 1891
1 56 3968
6 72 4109
5 9 6840
7 77 2869
9 29 3684
1 74 7190
8 76 7092
10 70 5263
8 90 3485
9 46 4287
10 4 9176
7 56 4958
5 91 7738
10 24 3896
5 41 168
5 57 4305
1 48 35
10 54 3612
9 91 332
8 19 452
10 54 7538
10 30 3641
5 43 162
9 68 8058
1 27 902
10 30 7205
3 6 4410
5 47 7867
5 75 3373
7 29 3881
7 25 7393
5 42 7142
2 78 5123
5 97 8159
10 63 4519
2 17 5154
5 44 5927
5 80 8118
3 94 7906
2 53 3728
5 80 3716
8 41 3910
3 54 3195
9 1 5457
4 82 9346
1 3 3109
10 5 8507
6 73 1716
6 11 2910
4 73 1136
2 34 2003
5 42 3310
6 87 9665
10 69 7589
3 34 3886
4 44 9735
7 21 5297
7 9 3489
8 71 1494
3 92 3309
4 71 1364
4 71 8334
3 8 3373
3 9 1244
7 35 5947
1 67 8273
6 8 1230
1 13 3860
10 23 2803
5 1 2023
3 43 4696
3 12 274
4 24 9902
10 87 4724
4 38 3220
6 61 3169
1 62 5095
5 44 7801
5 49 103
8 98 1236
8 94 7272
5 69 4683
5 76 3313
6 20 1234
7 78 9745
2 47 1529
3 55 116
6 18 3583
10 43 8719
1 76 6022
9 48 8297
3 69 2842
4 10 3751
3 20 7743
3 28 5859
10 83 5449
3 46 9054
8 65 9072
4 84 1976
8 77 5730
2 100 573
5 62 9649
7 72 7959
3 71 6674
1 14 2071
7 14 8569
5 78 2826
2 10 4070
5 15 5093
8 32 3116
3 70 4421
5 93 4796
8 1 4349
4 96 3709
5 66 3341
8 45 8943
9 21 7440
5 80 6150
10 67 1831
1 78 4133
3 30 1336
1 67 999
5 64 6244
8 91 7998
7 47 2773
4 7 4179
3 28 5354
9 57 9193
8 37 1729
10 34 7145
9 19 642
3 95 6416
10 81 5546
4 87 4805
9 23 6116
5 16 7864
10 59 9094
7 47 147
8 84 7766
6 80 8598
9 65 9355
6 32 9972
3 83 8361
3 85 2604
9 64 4388
4 40 2672
10 63 8132
3 13 846
7 77 2328
2 13 2274
5 58 6446
6 31 430
3 94 7115
6 59 8493
9 34 3660
7 9 602
7 68 1478
2 8 1593
2 27 2753
1 29 9201
6 99 6457
2 98 5070
8 64 9685
2 86 6208
8 94 1844
9 24 3893
5 96 3262
2 43 4415
6 81 3900
4 66 3082
7 69 2022
7 82 100
7 36 6907
2 31 3816
2 83 7829
4 87 79
1 81 2305
8 99 1765
8 95 2738
2 95 224
2 47 3676
6 58 6077
1 89 3361
6 75 5622
5 46 5831
3 25 175
2 26 6712
9 26 9054
3 52 809
5 52 5122
3 98 3155
1 67 3013
10 55 7494
7 69 5044
7 18 1188
9 90 6611
2 26 2947
6 80 4246
9 12 5335
4 7 5987
6 85 7816
6 16 446
9 6 1974
7 94 3685
1 31 4336
2 37 9632
1 68 2074
2 73 6507
1 11 8901
10 82 4403
1 30 5038
9 7 9528
3 41 1279
3 11 7389
5 2 6175
1 54 4660
7 75 6037
2 39 6729
1 74 5776
9 44 490
2 3 63
4 51 4608
5 42 5240
4 28 4981
6 24 8318
5 32 2942
4 83 1763
7 33 1939
6 80 3237
10 8 1202
10 50 7061
2 56 4549
1 85 4615
9 93 2719
6 77 1361
6 36 67
3 47 4519
7 8 9539
10 61 5638
3 54 5162
4 4 332
7 74 4563
1 15 1574
9 80 3285
9 19 2068
9 56 3183
9 71 5015
4 10 9955
2 28 5871
2 90 2653
8 85 6468
10 99 3727
7 10 3708
3 56 3014
4 10 8221
3 31 6895
9 99 3927
7 74 9995
2 92 8656
6 85 5104
8 75 3024
4 61 5463
10 66 858
10 11 2000
6 32 1151
4 12 8626
3 64 1922
5 56 8889
5 35 6772
2 14 3214
6 59 2890
1 78 6178
5 79 5832
1 61 8992
9 21 4610
2 64 4610
5 66 6742
8 83 8982
5 86 9359
10 93 394
3 98 236
7 13 5198
7 58 6408
1 3 6316
1 27 2069
5 18 4864
9 36 5268
9 14 4462
9 36 5675
7 19 201
4 16 6834
5 66 3462
3 43 5782
4 95 557
2 62 1624
1 86 5725
8 30 6384
10 19 3026
7 18 6750
1 75 2820
3 97 4677
4 20 6825
8 88 3515
8 63 759
2 15 4351
7 99 5371
10 76 5279
6 66 6673
4 61 6654
3 75 4236
9 76 8925
5 76 1168
6 8 8875
10 69 2931
7 30 4792
4 36 3084
10 51 6349
10 18 3689
5 13 4214
9 95 6670
2 88 6673
2 63 6037
5 92 3562
8 75 752
7 27 8416
1 28 8414
4 23 3228
2 49 7132
6 44 6620
1 3 4039
7 75 4796
3 34 1314
9 88 1069
7 59 9300
6 100 7467
2 44 4634
2 41 8060
3 58 8767
4 49 3311
6 77 9224
8 60 8515
1 85 6490
9 71 6451
5 37 59
10 69 3032
6 77 3644
2 42 3279
5 36 8431
3 19 4292
6 7 3815
1 34 6479
4 40 9920
1 25 3633
6 47 9752
6 18 4235
4 4 2673
8 71 7421
7 6 5450
5 81 9687
9 43 2737
3 68 5090
1 66 7263
5 62 7745
2 61 3864
10 44 9269
8 38 27
8 68 6842
10 33 3110
1 2 9567
1 53 2749
6 26 4133
1 6 6981
4 63 254
7 98 7899
3 77 289
6 89 7969
9 25 1218
3 70 8804
5 51 5111
1 31 5728
9 61 383
8 48 7475
2 29 3767
10 51 3953
9 9 1097
5 50 625
5 25 8252
8 47 5590
4 49 7229
3 55 4600
4 91 4609
4 73 6441
2 55 8484
10 68 5543
8 36 5011
9 64 3428
9 95 7268
3 60 6063
1 15 8387
2 61 3811
9 58 3292
8 56 5880
1 97 2211
5 76 900
4 29 1530
8 97 6279
6 33 8370
3 4 446
9 28 1916
10 52 913
10 70 6757
4 20 3428
4 14 2274
6 52 63
9 49 6335
2 2 467
7 14 6143
6 85 8500
10 34 6735
10 80 7722
2 98 3418
5 86 2791
8 3 8029
5 18 6109
3 10 4491
7 2 1181
7 93 4634
9 11 1889
3 69 9899
10 9 912
8 83 2599
6 16 8990
10 70 9122
3 17 3337
10 1 6244
10 95 7708
2 97 3911
6 85 1015
9 35 5606
2 72 9906
9 14 4093
2 28 2316
4 41 3457
7 25 8714
4 2 2492
9 69 4110
4 53 9008
9 99 8563
2 39 7905
10 39 6371
7 33 4844
9 74 7638
2 41 3316
9 42 140
8 52 735
8 53 9369
2 8 5722
8 95 4029
8 38 6850
9 58 7501
1 14 190
1 57 2289
9 17 2124
3 22 1242
10 94 5764
1 45 2170
4 24 6759
2 88 5279
3 47 8534
5 50 2720
4 34 9940
4 21 7522
1 75 4126
1 35 4724
7 50 4033
9 43 9971
1 51 266
8 9 8471
8 20 6848
9 61 5050
7 97 1527
4 44 8911
7 26 2692
1 59 1207
1 54 1882
8 84 375
2 65 302
9 74 461
9 64 3881
7 90 4722
10 51 7085
3 97 6980
9 15 3103
10 37 948
8 65 7832
10 96 8679
4 33 4211
10 31 1892
4 87 1216
2 88 4335
3 1 619
5 28 4166
2 18 1153
2 79 1226
4 44 9774
3 8 1652
5 17 2326
8 15 9199
7 56 9552
6 38 3915
2 44 1157
9 89 5400
10 7 7885
8 48 520
9 93 6624
8 81 7595
4 74 8884
9 3 6267
5 26 4496
1 47 8628
1 40 3724
3 18 4505
9 76 5204
1 17 1433
1 8 7160
2 34 2658
3 49 9502
7 40 8232
5 92 4706
5 28 2856
7 88 1571
1 47 2570
10 89 3682
9 91 630
10 99 1134
6 61 7986
10 37 4450
5 51 7582
7 47 2720
2 58 4766
7 30 3412
4 5 6159
8 86 9345
5 14 1204
3 70 6637
4 13 8406
3 47 422
7 20 1846
8 33 5648
9 51 8553
10 70 3926
4 11 3510
7 67 5245
8 82 9479
1 87 5778
3 11 8849
1 32 631
5 60 1250
7 37 5276
10 96 5777
6 87 9499
10 28 4821
7 9 2211
4 92 3595
7 46 1183
3 12 6837
6 74 4027
10 61 7002
2 33 9817
3 45 9607
4 20 6348
5 34 5711
6 23 9152
8 20 9370
6 42 7412
2 42 8271
6 74 541
4 40 9817
2 82 4372
9 17 1719
10 79 2220
7 100 399
4 76 337
10 26 9923
8 71 7566
6 63 6975
2 100 6198
1 69 1222
7 89 3039
4 62 8860
6 86 8055
7 76 1925
4 98 1394
3 48 4584
4 67 5688
8 35 8338
6 90 331
5 28 7387
7 16 3112
7 36 4182
5 98 7420
3 53 4977
2 82 4342
8 1 2263
7 43 3317
8 66 3935
1 4 8877
3 62 4075
5 86 9809
7 57 8059
5 4 8300
10 7 2981
9 55 4839
8 64 4724
10 44 952
3 20 1007
10 49 3666
1 43 5127
10 14 6995
8 98 443
5 14 2291
10 55 5683
2 72 2788
3 26 7019
4 58 981
10 78 842
1 58 5672
6 41 7361
4 20 2873
7 32 1812
2 29 3368
7 44 5824
6 49 4535
3 57 7456
6 95 3059
10 66 7618
4 72 5378
3 86 8464
2 92 4176
7 66 7196
6 38 1004
3 19 1905
5 95 7576
9 61 9187
5 54 1346
6 55 2329
9 83 1424
10 30 527
2 8 585
8 90 6587
2 94 1342
7 80 6526
1 50 1245
6 55 8904
7 15 990
3 75 5719
2 45 6044
1 71 1110
6 68 3296
1 9 1455
5 2 4382
5 38 1834
3 34 5542
3 35 586
2 63 1411
5 78 6336
3 29 3208
2 40 8301
1 80 4580
3 18 6268
8 34 9149
3 11 7186
8 1 4703
8 85 7
3 55 3108
10 65 345
4 68 1176
2 14 7181
5 31 6658
1 16 2833
5 63 4621
8 47 9914
7 52 2654
7 4 5165
2 39 9153
6 19 13
8 75 8920
10 16 8025
7 97 784
5 74 3159
10 62 1177
1 33 4807
6 63 3712
1 80 6028
6 60 4143
1 95 5270
1 22 9492
7 52 6462
8 93 2573
10 84 1368
9 15 7239
4 94 7791
1 73 4032
2 30 840
1 76 6874
2 22 1896
7 26 7007
10 32 1388
1 24 3583
6 68 1514
9 18 4402
1 46 7028
3 10 7063
9 7 4163
7 55 4348
2 80 4571
10 33 657
3 7 9043
8 97 9868
6 71 2870
5 96 4414
2 74 3683
6 33 1718
6 29 4750
2 40 4595
9 77 6695
3 3 6235
5 23 158
1 89 6966
6 62 7126
8 64 6791
1 45 2829
8 91 5793
2 65 2673
8 74 5378
8 2 8448
8 45 6916
7 93 8516
1 58 9638
2 91 3338
4 87 5315
3 70 3402
5 92 9112
2 97 4304
2 85 1569
10 17 7294
4 65 7731
7 11 2095
8 14 1565
1 79 7363
6 10 1722
5 74 6329
6 37 6569
10 67 3155
1 93 6595
6 89 450
7 2 186
6 82 8316
1 17 9797
4 37 6436
10 28 1909
6 87 4962
5 37 9228
3 62 5346
5 48 8980
2 37 6978
10 75 8909
6 6 5686
7 97 2940
6 7 321
8 99 665
3 74 394
7 60 6337
6 95 7236
5 84 5460
1 29 9230
6 40 7229
2 28 3456
5 14 7522
5 16 9702
3 8 5161
2 70 8660
7 64 479
6 42 1254
2 40 4880
2 6 2832
5 62 291
1 68 415
9 100 3933
5 36 8864
5 40 725
8 64 3353
4 97 7799
3 47 2699
3 34 6515
1 33 451
3 2 9843
9 92 6646
1 95 8915
4 92 3032
7 55 4315
8 12 8366
7 84 8871
6 41 6562
8 97 852
10 10 1525
7 25 7979
5 83 3805
2 69 9998
8 98 6142
3 5 1175
4 26 1718
10 16 574
10 78 3676
3 98 5300
4 99 4216
4 44 3838
4 46 5415
9 84 4134
9 82 4776
8 17 9723
8 10 3716
2 27 1924
5 69 1410
3 68 4330
7 37 9619
3 49 9678
4 14 5895
1 83 7498
1 19 147
8 89 8060
2 67 6244
8 27 354
7 77 3111
2 71 2424
3 86 218
1 15 2597
9 91 4949
7 51 8704
4 89 626
10 38 7218
5 99 4039
4 26 9345
6 64 920
2 75 8864
3 33 877
7 24 6840
8 60 4822
7 40 3441
8 77 828
1 48 734
1 93 2518
4 99 1215
5 53 9789
4 87 7736
5 3 90
10 27 2113
9 11 1239
1 6 1666
7 79 1980
8 49 680
8 72 4368
3 52 1625
3 18 2491
8 7 2656
9 26 5732
5 10 449
5 11 6965
9 83 4387
10 5 5733
6 14 2590
3 56 2945
1 53 3246
6 45 1150
1 27 1872
7 42 6578
1 70 3605
7 43 6283
9 32 9709
7 14 5394
5 16 7813
6 6 3739
3 65 42
1 98 589
10 73 6978
1 9 9021
4 93 6773
5 10 405
8 47 9208
5 15 636
8 82 8346
2 44 8945
1 16 7552
7 99 9917
6 92 3032
3 42 823
7 100 6363
2 33 1236
10 18 2537
3 100 877
9 10 820
2 52 2968
8 87 5350
4 38 1792
10 81 5497
2 44 5893
2 18 2280
3 100 7827
1 14 9611
9 38 9980
9 3 923
2 58 9189
8 63 9556
4 76 8084
9 52 2156
5 89 8202
8 47 6661
5 48 6860
3 11 2354
8 46 2842
3 60 6197
7 15 4763
3 46 9616
10 82 9408
10 7 9888
6 88 9742
6 69 1913
9 75 4825
7 92 1653
3 78 8129
10 95 2847
6 68 7840
2 57 9964
5 82 8785
7 40 9586
1 14 2858
4 33 6415
4 39 6914
8 81 825
6 81 5332
9 91 3275
2 23 2680
6 1 6121
9 35 7115
6 55 6425
9 14 9434
6 7 4878
6 71 3185
10 67 2099
2 29 2450
1 49 4208
6 12 2887
5 58 8030
6 14 2375
7 64 4694
7 59 6113
5 50 1846
5 36 763
4 100 7298
3 59 4375
5 54 3632
2 73 3665
1 90 9451
4 21 8151
5 9 2038
4 93 2892
10 38 7998
8 7 6620
9 24 3976
1 41 9151
8 26 7150
6 95 771
3 15 1636
2 60 6076
6 65 7190
4 96 9299
9 97 7688
1 47 4016
7 59 1852
8 51 879
8 98 3463
2 32 8667
9 94 8589
2 5 734
1 100 5726
9 5 7110
6 86 7986
2 45 5563
8 60 6115
10 9 8324
9 22 2338
5 25 2403
5 100 3157
5 26 3071
2 77 2670
6 70 8809
8 92 1777
5 7 9108
4 88 1859
4 2 5279
6 48 942
10 47 6416
2 89 7983
9 47 3583
6 68 9196
9 45 342
1 31 510
5 59 1571
9 89 3322
8 53 4820
1 22 2378
5 86 8934
9 2 4134
7 97 2967
1 70 7180
1 31 8073
9 50 8887
6 73 3389
10 47 1270
6 30 3863
2 7 5213
8 69 7919
2 75 2798
7 26 1074
10 100 6518
5 33 2221
7 91 6646
9 1 5999
5 17 5473
8 89 2780
4 30 307
10 77 7687
9 93 7472
3 76 1079
6 70 164
2 25 7731
8 54 8538
6 65 6824
4 54 6613
1 85 7469
1 23 8255
9 70 8829
10 81 9592
3 39 561
4 89 3031
4 75 5208
7 68 6787
10 21 5441
4 91 9127
5 79 2767
1 10 5786
10 4 6891
5 78 4302
4 12 5024
8 57 2892
8 84 4701
1 81 3546
9 22 6793
5 92 6925
7 24 2020
9 87 7464
3 2 3709
6 15 5983
5 9 7329
4 72 2726
6 30 7046
7 29 5297
9 86 9697
10 21 2450
3 62 5255
3 12 7675
7 37 8187
2 43 8644
7 15 3156
7 73 8522
4 5 7768
8 37 3138
7 51 7384
1 44 3526
1 88 4689
8 60 5796
2 15 5007
5 2 9016
1 36 1638
10 18 5055
10 74 5189
2 89 7235
5 95 2671
8 25 9243
6 72 6111
2 24 3056
6 100 4403
1 12 9135
1 74 450
3 69 8272
5 36 9957
10 82 6053
4 75 1327
5 86 3607
6 7 8597
2 91 5620
5 95 9287
6 11 743
4 32 930
7 76 3799
4 19 8285
10 28 3394
6 28 1735
6 7 7723
7 40 7831
10 89 2284
2 55 9317
1 33 2922
10 51 9346
3 27 7234
3 79 9750
8 51 618
8 22 2097
1 98 35
9 87 1885
9 67 1038
1 92 9213
8 20 9160
5 69 5006
9 32 2075
1 71 7788
1 76 9345
3 79 8276
5 25 2612
4 83 1351
8 41 4631
5 30 41
4 27 5014
7 30 2025
1 17 7750
3 95 4245
4 44 4770
4 36 7110
3 14 3852
5 77 6074
2 32 9176
9 43 3338
6 86 6080
6 25 4121
9 1 4068
6 99 6067
5 57 5327
9 50 2693
2 99 6742
5 75 1956
8 63 2695
3 87 9719
1 20 3376
1 68 6374
1 13 6808
7 61 4782
8 62 6664
9 30 8991
6 41 8787
3 2 2696
3 6 7131
4 95 2608
2 88 3118
2 93 8844
4 64 8902
2 1 7956
3 40 3177
1 8 2732
10 14 5031
10 64 2873
1 14 8041
5 48 1116
5 49 3734
3 82 9496
7 75 8893
4 52 9043
5 14 2386
3 30 1148
9 62 5324
2 57 5137
10 68 2803
1 86 6407
3 63 8186
6 27 6679
9 99 2613
5 69 586
8 32 2397
10 17 3517
6 37 8568
7 10 5087
2 78 2079
2 61 9600
6 59 6873
10 13 3603
10 88 4193
1 69 4009
9 37 980
5 23 7205
8 65 3634
7 64 5254
3 58 9931
3 49 1625
9 36 694
3 28 7349
7 33 7967
7 34 6130
1 68 1595
10 25 9007
8 15 8174
4 69 7868
8 76 6309
4 6 9925
2 35 3199
10 33 4943
2 64 1024
8 1 5518
3 52 3217
9 16 5960
8 44 5821
2 95 3666
10 36 1294
4 6 1422
9 65 1859
2 52 7954
8 35 6436
8 76 3635
7 41 999
1 41 1848
5 63 9399
8 42 6230
2 28 6302
6 27 3598
5 100 6479
6 73 7523
3 60 4214
10 100 265
2 65 2898
6 58 7206
2 81 6800
1 89 1690
1 87 7176
2 55 771
8 99 903
1 71 9895
10 2 1774
1 86 4862
7 67 6668
6 64 1578
7 46 9866
6 57 1603
8 94 3068
3 63 4317
8 26 1378
4 50 4983
7 81 5695
9 75 4096
6 16 2758
9 94 6021
3 53 2049
5 12 6908
8 38 2799
3 14 7118
5 56 8684
3 66 4717
1 89 8648
10 59 3527
7 93 1826
1 11 1008
1 56 6232
6 60 4451
4 10 4315
2 88 8180
2 54 3420
4 5 9354
9 38 3847
1 86 9003
7 81 3516
5 90 5442
9 80 2566
5 90 768
1 78 432
10 82 9527
6 57 8189
6 76 1845
5 85 3768
3 53 2039
4 34 8182
9 24 9506
7 67 6085
4 25 2302
4 53 4301
10 43 5277
2 37 9605
8 14 9929
8 5 198
8 1 7227
5 33 4317
5 87 4305
6 16 5625
1 91 938
9 80 1256
5 67 9364
2 83 1013
10 23 2105
6 71 2577
9 50 2795
4 68 6593
9 47 9709
5 100 8840
10 18 5513
7 39 1385
4 82 3828
9 8 4707
9 90 124
7 43 5979
4 27 2527
10 70 8456
9 62 9569
10 96 4679
10 53 8580
9 14 1128
8 30 6427
7 81 5362
2 80 530
10 3 2022
2 99 1896
10 64 8641
6 7 3031
9 79 2925
7 84 2585
10 54 691
2 72 9945
8 31 3427
1 82 1698
3 93 7586
3 25 5279
8 49 5016
8 49 6035
10 97 2556
7 68 4194
9 7 9116
10 20 473
6 56 6599
1 32 81
2 70 3216
6 77 3294
3 20 8023
6 1 3018
3 4 87
10 7 900
6 58 6638
7 84 2558
6 10 1852
4 85 6294
10 8 8932
7 30 9858
5 7 9944
8 94 873
9 35 6515
8 74 322
3 4 171
4 53 7601
3 45 6756
9 68 8178
2 97 2336
7 56 1585
7 4 7240
10 30 6497
4 68 5970
10 16 4634
7 17 92
4 43 4051
7 2 6344
1 56 8896
3 17 7414
7 26 6359
8 44 2297
10 5 5206
3 76 2399
4 90 4477
10 24 3254
9 32 4403
4 77 8317
3 83 716
10 24 2691
1 72 6133
3 67 8536
1 39 767
8 71 3754
4 81 4824
6 93 1922
5 45 3192
7 53 9733
1 64 7977
8 87 520
2 76 1843
5 71 9239
10 40 4533
10 49 5008
9 92 6180
5 46 8934
6 11 3103
6 57 2738
9 2 6186
2 26 207
7 94 6183
5 67 389
4 100 5668
8 69 5364
4 14 5898
9 84 8722
5 27 5334
2 76 1566
8 11 5242
9 36 7114
3 26 5758
4 24 1862
8 74 208
5 7 2259
7 97 3998
5 46 9631
8 7 3698
6 58 6341
8 93 53
2 13 9957
3 59 7708
8 36 7579
2 1 9906
9 68 7850
6 33 7612
4 4 2350
6 36 9086
10 100 3873
9 91 8869
4 13 6862
1 38 4180
3 10 5175
3 32 5520
2 9 6673
10 97 8293
7 96 4097
2 8 768
8 50 3682
10 32 5300
10 67 4452
5 74 21
5 8 5442
8 95 5207
6 33 8540
7 86 8863
5 73 5404
10 26 3284
1 52 2604
9 98 8646
1 90 9106
1 87 1446
7 71 4463
9 74 8450
3 44 7102
3 69 8758
4 57 5388
4 31 8154
6 98 8295
1 54 3969
6 36 5205
2 18 2349
6 25 9329
2 98 1591
2 52 3652
2 25 6844
5 6 8542
2 67 7693
2 45 5556
2 72 8490
8 74 3272
10 71 9027
5 20 4221
7 48 9924
9 89 5489
3 50 1994
7 81 7912
2 57 6039
7 26 1603
9 7 9657
9 21 5407
7 89 6258
10 4 7574
3 14 5652
2 17 1267
4 99 923
7 7 4599
7 18 8491
9 97 1583
10 68 8821
6 36 5032
6 36 2989
1 82 8903
4 43 6140
5 32 9297
10 77 8562
6 94 7087
8 90 3698
6 49 9797
6 83 1729
7 34 1949
8 36 8562
4 49 4223
9 42 5123
10 92 2484
2 67 6333
3 4 396
10 24 6410
9 79 847
10 59 328
3 91 3573
8 30 7569
9 97 7384
8 38 3656
10 38 2071
2 40 5931
10 55 4935
5 99 8380
10 90 5450
8 23 2800
1 6 7683
5 3 8780
10 16 9279
2 48 7989
10 62 988
9 25 7405
6 77 2919
5 72 9262
4 54 5513
1 12 8303
9 83 5889
3 14 155
9 95 2801
6 74 3741
3 68 9619
2 57 4454
5 61 2580
9 26 3699
2 72 2213
9 21 982
5 95 4011
5 46 7477
10 55 4944
5 61 3150
5 84 5894
4 93 8590
8 46 4284
2 22 9660
10 89 2744
8 30 3738
1 85 6940
10 91 8115
5 19 9542
10 7 9846
6 68 7116
8 41 1587
8 30 6088
6 18 7859
6 57 3494
7 52 6166
8 5 6364
6 9 7236
5 88 5273
4 87 715
5 94 2008
7 50 6617
8 6 6865
10 15 6485
5 29 4639
4 94 6037
2 47 8801
5 63 4203
5 60 1252
6 80 5170
3 32 1550
2 99 1201
7 31 696
1 95 7055
9 36 7116
3 91 4769
6 56 8132
8 73 4025
2 61 4471
8 99 4919
5 25 2473
4 16 745
8 68 2153
5 93 6113
3 84 3703
1 69 7267
5 80 1635
9 54 8772
5 13 5866
8 89 4648
6 65 4426
4 6 7369
3 36 461
4 13 2906
9 92 8207
1 32 4402
9 8 9399
3 82 3374
5 47 5674
8 81 8516
10 45 737
9 41 261
7 11 3784
5 41 1113
10 34 9116
9 96 182
6 64 9656
3 91 960
9 18 7120
10 23 3523
1 86 868
9 81 1469
2 90 5757
8 14 1506
9 24 7548
6 63 8694
4 14 1303
5 12 3922
10 43 3997
10 82 6311
6 49 4159
1 30 7251
3 30 7544
8 15 823
4 47 2599
7 37 9125
3 78 8655
8 77 6139
6 47 4689
10 84 1512
4 20 865
6 38 3166
9 35 5497
1 23 4328
2 45 7172
7 30 6589
8 34 8163
7 28 5624
10 84 8025
7 28 5246
9 35 3254
5 62 7055
1 99 5863
10 48 507
4 80 778
2 61 6176
7 83 2026
4 27 8736
1 45 8299
4 30 5281
9 1 2140
1 97 1493
10 47 9282
10 38 6314
7 36 1291
1 52 3527
5 71 1337
5 72 1728
5 6 9798
6 85 5318
5 7 1626
8 24 2711
8 6 1547
9 82 5913
2 67 3319
2 45 5134
2 50 6369
3 40 5369
5 39 9569
8 92 1266
5 20 8120
6 1 5248
4 2 9608
9 75 4381
6 76 5246
2 34 611
9 77 9390
1 60 811
5 34 5994
7 63 5981
7 19 5135
10 20 6995
5 35 9362
10 19 7256
4 64 3697
1 5 5801
6 22 8478
5 76 7106
9 51 610
5 11 6336
2 60 8294
6 54 5786
2 100 2060
7 59 4216
8 16 2880
2 36 4211
9 10 5357
3 63 1110
2 86 5991
1 90 8438
3 99 4130
4 14 5877
8 36 819
1 10 8482
7 6 481
3 40 5410
8 54 4704
4 4 2769
6 6 856
5 49 3887
4 21 1284
10 81 23
4 5 9153
4 20 1827
4 8 4998
5 41 7256
6 78 1474
5 72 4881
3 44 9335
9 5 5712
8 45 9833
7 96 4275
2 30 2015
5 9 9309
2 20 8732
9 23 6363
2 85 6042
5 96 5067
4 69 552
7 64 3292
2 76 6234
5 14 3934
5 54 2471
3 48 5192
7 40 2990
10 38 9283
9 24 6735
8 54 3100
5 1 6453
10 47 4639
10 42 4082
8 35 2504
3 23 8537
1 91 5811
9 94 120
2 75 8988
10 20 9550
2 66 3071
1 20 8786
4 56 2657
8 58 578
8 42 4229
9 81 6356
3 35 8096
4 84 8037
4 38 8742
2 20 4566
4 13 454
2 16 3532
6 25 9704
3 50 6654
10 37 9957
6 19 9114
4 85 2077
10 86 9681
9 54 5117
4 53 9881
6 86 6671
8 75 8338
2 45 5494
7 13 4611
6 97 570
10 62 8889
2 72 9162
9 90 726
2 91 8045
10 22 2834
9 56 1007
8 54 7953
6 42 8299
4 95 819
6 28 154
1 49 9004
5 38 9928
5 95 8393
10 6 3947
6 15 5517
3 26 7736
3 83 9003
1 1 7293
1 71 4630
1 63 6812
7 76 8821
5 34 8001
6 75 8477
8 58 4138
7 65 466
5 30 2121
9 69 6091
4 98 1752
3 15 782
2 80 2330
8 51 3439
5 93 7436
5 39 3336
9 1 1481
10 79 4413
10 5 932
2 58 4541
6 72 167
4 36 2301
9 82 3922
1 19 8473
8 79 2663
4 80 1491
4 85 7156
2 60 1469
2 30 4585
5 92 7314
3 24 3834
5 54 9889
4 79 580
10 47 9594
8 74 6620
9 16 3497
3 97 6684
7 28 1106
2 23 7753
3 99 4833
7 97 4202
8 40 3130
3 99 9069
9 73 2727
6 55 5679
1 87 3414
4 87 5356
1 32 706
2 73 6418
2 24 9743
5 24 6468
9 83 3179
6 76 8613
10 88 5728
4 11 9938
7 67 4723
1 10 393
5 26 7912
7 13 8929
7 100 4431
1 34 5802
5 7 2359
2 2 9095
6 69 5126
1 69 8671
2 70 2988
10 46 7677
5 20 7873
10 19 8147
1 38 5949
10 20 7585
4 21 2099
10 71 5078
1 38 5883
4 68 9711
9 52 3623
2 23 5904
6 85 8236
1 83 2434
7 34 2469
2 23 4066
10 94 4933
1 95 5378
8 5 9680
5 23 9612
3 85 3524
10 22 8102
8 52 2017
7 76 9467
10 95 9073
8 7 855
7 41 585
6 43 7637
8 33 7523
4 79 2698
6 10 4196
6 8 1422
3 62 9707
10 60 3826
1 30 3349
7 54 3659
9 46 8886
8 80 1930
3 96 2352
9 50 166
10 80 1066
6 62 2656
5 90 3252
2 56 6900
6 85 6381
4 76 2678
7 46 9412
10 84 6974
2 53 3892
5 20 4151
6 52 2652
7 68 4769
6 30 410
5 57 79
7 36 5894
5 72 9004
4 29 4941
7 94 8682
10 85 575
3 15 9622
2 89 4805
5 76 3541
10 13 3241
9 18 76
2 4 6300
7 40 9035
2 57 6287
9 53 909
3 96 1346
4 47 9669
10 35 6596
8 86 9245
8 28 7616
7 64 8611
9 38 2452
6 83 5300
6 31 3321
1 41 2599
3 16 6235
5 57 4059
2 5 4526
9 12 7669
6 94 725
3 93 6992
8 90 1555
10 21 2616
7 21 7498
8 72 5461
7 69 4332
1 100 3185
2 63 9395
5 71 3351
9 81 1455
1 100 4557
10 82 6950
10 55 8083
8 93 7002
6 55 1181
7 51 5944
3 32 6698
8 41 6393
7 24 2922
3 99 769
1 39 5307
3 26 2656
10 72 6213
8 47 6209
3 80 3302
4 3 8362
10 29 4123
6 97 5015
3 86 3035
7 3 6752
4 4 8764
8 9 5693
3 76 2522
4 69 2320
5 56 555
7 76 2213
9 89 6288
5 88 3423
2 48 2560
5 34 7011
6 45 9255
2 64 1589
10 58 3737
8 50 4881
3 61 1896
9 100 1078
9 4 7547
5 72 883
4 20 4581
7 73 5958
3 6 9414
5 63 105
8 88 5334
6 72 2130
8 77 5571
7 15 5402
5 52 740
5 49 2760
9 51 7286
3 99 2326
8 56 6883
7 24 4681
8 23 5292
9 31 1774
2 100 6273
9 3 9426
6 27 5677
3 6 9707
8 30 9876
4 71 9137
9 57 3041
7 31 2689
6 95 8744
9 77 9181
2 43 1160
10 64 2887
3 82 5710
7 45 7239
9 62 530
1 81 3581
5 3 1595
6 62 1748
1 56 5938
7 60 946
6 16 1708
7 28 5715
3 44 9
3 59 9177
10 92 363
2 76 8429
10 41 4414
6 28 1293
2 32 8871
2 18 4441
6 79 7262
10 47 5317
5 13 146
9 70 2152
3 10 9773
1 39 9574
4 78 294
6 47 2725
9 24 2713
10 33 9378
5 47 35
1 61 9843
5 76 3215
3 90 7812
7 8 4476
6 25 7153
9 71 493
2 100 3439
8 96 5016
5 18 9407
4 98 5020
8 23 1673
5 60 763
8 5 821
8 74 5371
6 93 6625
7 74 133
4 67 3577
2 96 3564
6 7 8959
1 42 5046
2 52 8888
1 73 8613
7 34 9924
2 40 3618
7 46 8
9 28 5864
1 81 9025
2 79 6214
9 16 4019
6 76 9750
2 6 7413
3 94 4696
7 86 225
2 65 5806
8 9 1152
8 75 4714
2 11 9088
1 10 1627
2 16 8194
2 79 6109
9 72 8044
2 85 1455
10 15 1035
7 54 7074
1 99 3263
1 77 9660
8 79 67
5 36 6095
4 49 5869
4 64 44
8 30 3385
10 90 917
10 33 300
7 18 9111
4 9 7204
8 64 3666
3 99 7380
9 17 7862
2 69 5811
8 86 5133
4 49 3149
1 66 7231
3 6 9535
8 27 8960
2 96 1616
6 41 6329
3 35 4243
5 99 3558
8 10 2730
5 62 3576
3 48 8316
8 75 493
9 56 6762
4 36 7750
2 29 6116
6 49 2178
10 27 4162
5 66 4515
9 5 4570
1 37 9547
9 87 4860
6 28 6864
4 83 9356
5 43 1048
2 75 2744
3 54 6509
6 8 5158
2 30 668
8 92 9420
1 86 8854
9 59 9848
7 42 4484
9 100 8433
9 70 5806
6 15 669
1 13 1186
8 92 384
4 58 3009
7 10 9152
1 55 8276
4 72 1785
1 9 9621
1 26 1490
1 36 2003
6 22 191
1 75 6053
6 100 8342
1 75 9322
2 41 5610
5 65 1340
8 16 7669
7 48 4650
5 39 8707
3 35 3955
4 35 7016
4 77 9900
9 2 420
6 10 4424
3 91 2387
6 40 3656
1 28 3055
3 10 2008
7 100 8397
8 7 4736
4 42 8943
10 60 8465
1 53 6294
2 99 5300
7 14 2025
1 64 5652
3 29 5325
2 10 3630
1 31 1946
5 64 2540
2 53 8579
1 86 138
5 22 4061
7 22 505
1 42 8014
4 42 7724
4 44 2967
10 16 3243
3 61 5168
10 42 631
3 95 7694
7 92 7956
3 78 5509
9 23 4854
3 2 4872
4 19 7135
4 81 6627
8 59 6563
9 75 9580
3 90 2962
4 42 3763
4 76 9924
8 97 2814
8 26 9956
1 7 1388
2 64 6202
8 30 1636
5 36 3879
10 6 2846
7 68 3481
10 12 1217
4 57 9672
6 85 8620
9 41 1542
2 86 8833
2 89 9042
9 14 8208
8 37 2141
2 47 9842
6 78 1798
4 4 9923
1 73 7842
5 1 4055
1 80 2246
1 84 784
4 47 4744
4 66 2506
6 15 7600
4 50 623
1 38 7281
6 11 6040
8 18 98
4 31 3426
6 22 5095
10 21 7799
1 70 2706
5 73 1854
8 75 5273
5 99 6789
2 24 9391
8 74 9993
3 72 6290
2 96 6902
8 87 5098
10 35 6810
8 11 419
3 11 5575
6 38 8950
9 75 3762
4 16 1437
10 52 4354
9 40 7189
8 22 8226
8 5 5484
9 100 6388
1 84 8724
3 52 5849
10 17 8066
5 48 8922
2 74 2020
7 17 1448
5 19 8886
5 9 8385
10 77 2638
6 75 2388
4 51 5856
5 34 965
5 97 7010
8 45 7913
2 61 4636
2 26 5782
7 37 5847
4 47 8125
10 10 9249
6 45 2001
5 1 3887
9 70 6488
4 57 2161
6 86 815
6 79 340
8 33 6724
6 48 3033
1 49 2338
7 94 524
10 19 4850
6 97 9481
2 54 5372
2 27 4980
5 23 1283
2 13 1475
1 53 9821
1 31 4935
9 12 6468
4 6 6361
8 19 5521
5 44 5522
6 25 1271
1 51 365
5 83 7680
7 83 3936
4 62 6213
5 25 703
6 76 8411
10 86 5749
5 97 5175
10 80 9355
9 48 8833
4 48 3703
9 75 9697
6 76 6440
10 53 1014
8 98 4669
9 58 8838
1 1 249
10 66 7715
7 76 1671
3 13 5227
5 68 7116
4 59 7357
1 34 6373
2 46 7914
5 66 7602
3 100 7121
3 95 5318
2 71 6662
8 89 9133
6 48 2159
8 66 7654
1 62 3869
4 4 7002
4 35 1092
2 68 7118
8 59 4143
4 73 907
8 97 1946
8 30 8882
9 88 4337
10 11 9250
6 27 1952
8 66 3945
6 62 2984
8 55 2955
2 58 7555
1 18 4416
5 44 8126
3 81 6229
6 5 644
1 34 585
4 9 5420
4 81 1911
7 85 9510
5 33 9668
7 85 1391
7 69 9412
8 96 5284
6 17 3071
2 85 6558
8 82 4873
2 12 6428
6 24 2360
10 77 5243
2 92 6480
7 44 2410
4 75 7047
1 64 5504
2 98 3047
9 9 1906
2 26 4798
2 51 855
9 85 2172
3 91 3016
10 57 8925
4 94 1302
8 57 8194
6 13 8762
5 57 5169
1 42 3709
1 50 6843
5 20 8614
1 76 3588
6 100 3913
10 59 8321
1 69 142
10 84 5093
1 80 2405
4 27 9316
4 55 6411
5 41 6042
8 87 2915
2 50 8729
9 77 1359
1 64 2572
5 67 2710
4 97 2895
5 100 6029
3 41 6191
6 45 7776
3 9 7403
1 74 1859
5 2 8886
4 11 8931
8 54 7804
1 6 9305
10 71 193
8 47 5176
4 53 9084
4 11 3175
10 56 3118
3 29 2971
5 25 408
1 77 7518
4 41 813
3 67 5166
2 16 7154
6 26 7075
9 53 4013
4 43 8885
4 62 9626
1 2 4568
10 56 8631
10 72 8687
10 11 1575
8 41 4596
10 56 9551
4 53 1125
1 9 3968
3 32 4354
10 55 8754
3 2 5120
9 59 2238
4 21 4341
4 23 9513
1 53 8297
6 24 1641
5 58 3485
2 45 2616
7 94 2082
4 62 7358
6 40 6357
10 45 3245
8 60 9545
10 36 4405
7 34 6942
9 61 6426
2 8 399
9 23 7539
8 19 9221
9 31 4198
8 33 5028
8 26 8750
6 100 5666
10 53 1505
2 12 6493
5 58 6381
10 1 8882
10 57 4165
5 91 6458
8 66 5905
3 84 4255
10 78 7432
6 5 3695
4 34 4985
8 78 4885
7 15 7331
1 2 3720
1 53 5862
5 81 5988
4 63 1184
8 30 5077
3 98 1748
2 64 5426
2 64 1851
10 33 3089
1 80 7577
8 63 7616
10 59 5341
2 42 9250
6 85 3571
7 13 9339
2 21 4993
4 20 3405
7 94 248
4 91 6975
7 71 1833
2 16 7338
9 15 9444
5 40 377
10 29 5772
4 67 5108
9 99 6915
2 18 3664
6 15 6867
6 6 7896
9 99 5121
10 32 2004
5 69 6930
2 81 5208
1 40 2948
2 69 2557
6 46 7734
10 87 1830
1 1 2113
5 49 7121
6 89 1144
7 61 3690
5 49 9032
4 20 8769
6 88 5950
2 58 1344
8 71 6791
7 45 780
6 15 4458
5 64 5395
10 50 166
2 28 7932
9 87 8107
1 34 819
8 94 6321
2 78 7873
2 53 9141
4 87 9573
3 74 4097
3 69 3924
5 36 3778
2 21 1807
10 46 3706
4 94 1391
2 63 6609
2 96 7434
6 57 7974
1 49 4245
7 15 5440
10 97 559
9 7 19
9 22 299
9 73 336
4 22 5223
8 10 2031
5 32 7804
6 40 5725
4 75 2725
9 27 1603
5 33 5757
6 57 4987
1 79 8548
1 45 2061
4 72 2635
10 65 8710
9 47 3354
4 28 1661
2 42 4818
2 26 4413
5 51 7921
3 38 3704
10 54 7331
10 91 5072
2 71 1666
4 6 6272
9 28 7383
3 51 546
5 79 4295
7 88 2356
2 82 3491
1 32 6287
9 7 7951
8 55 9193
9 40 4690
3 37 509
10 41 9395
10 40 3344
6 77 7000
7 99 2904
8 98 4736
4 96 2761
1 67 3059
9 74 3396
6 39 8835
7 32 9253
4 53 1615
7 47 87
8 52 2721
8 45 3236
6 68 2965
2 38 5322
3 52 9948
7 44 290
6 64 9981
6 54 1554
5 61 4368
5 96 4922
7 63 3102
10 6 4378
3 60 971
9 57 7577
9 66 8716
2 70 4901
10 92 1234
9 21 5949
5 96 4039
2 24 9665
8 49 3097
4 3 9983
5 99 6448
7 69 3960
3 6 8729
3 31 8533
4 49 6326
6 57 5668
9 10 1181
7 32 6568
1 10 8639
4 100 9724
4 32 3377
5 79 5281
6 32 5014
7 98 5586
4 41 3021
7 7 4139
7 15 4571
8 21 2137
9 25 5850
6 12 400
2 53 6541
6 15 7417
10 16 94
1 38 8122
8 85 319
7 45 1016
3 80 6654
9 5 1722
3 71 4818
4 48 1333
3 5 2750
8 53 4983
8 70 6592
10 88 123
3 37 9277
4 93 6236
1 26 894
7 59 6559
4 10 9222
7 79 5862
9 86 8700
5 33 1814
5 91 8417
2 46 8555
6 73 1283
6 96 6165
1 12 5452
3 4 480
4 77 5676
1 54 3974
4 26 8636
5 75 7885
3 58 6947
9 41 2102
3 84 1070
1 46 3978
9 89 3632
10 71 9742
1 83 1460
2 16 5640
8 21 6515
8 49 1364
1 56 2101
1 63 3859
4 4 9864
7 74 7954
10 94 3706
10 95 3849
4 77 4134
1 96 2926
1 62 3646
9 28 9626
7 50 1326
2 70 5019
10 27 839
5 15 9275
5 20 9869
8 95 2221
4 87 854
9 42 7414
6 77 1846
3 91 6060
6 92 3332
6 77 8407
4 30 6707
4 36 948
9 97 8995
2 72 6885
8 100 9313
5 66 9760
10 95 6462
9 91 7881
7 63 4617
1 26 4500
8 3 9020
7 6 1129
1 94 1328
1 77 2379
1 20 3181
7 38 4089
9 83 1730
6 68 1153
6 66 6953
2 8 3508
7 96 7364
4 14 6597
4 15 2699
10 66 210
5 11 1976
7 35 2706
6 11 6132
2 21 8383
5 45 8100
8 77 9138
3 51 9074
9 43 2248
9 79 5338
10 51 7765
9 10 7888
5 66 4821
2 17 6104
10 12 3614
6 31 8514
2 31 1365
9 84 9449
3 11 5404
9 66 2003
6 63 9506
6 17 7797
4 23 2271
10 18 330
2 21 3034
1 66 4671
7 4 460
8 85 7067
2 38 1705
10 14 5430
1 2 3205
7 82 6678
2 19 9817
7 81 1434
3 52 3869
10 82 1372
4 71 6031
2 65 3240
2 29 3369
1 62 5880
5 28 1165
9 26 5350
8 3 8932
8 91 5701
7 69 4988
5 98 2306
9 11 1941
9 85 9057
3 95 7154
2 42 7586
4 57 5804
8 71 9945
2 33 5452
4 46 8941
6 38 2622
1 4 2170
1 1 2105
9 85 9762
9 91 15
5 31 2100
4 59 6907
5 57 7945
3 7 6494
3 28 7259
4 2 6213
5 83 4845
3 31 7506
10 87 8366
8 61 1788
9 64 9285
10 36 90
4 77 5575
4 69 3315
3 45 9396
5 59 9422
4 15 9757
1 11 6157
7 47 8622
5 63 8104
5 91 6241
8 55 8776
2 52 5230
1 71 7314
10 15 1115
1 8 5004
9 16 5614
7 70 3688
10 66 3700
4 97 8972
2 17 5605
3 29 5707
1 92 6957
3 15 5568
2 16 3433
4 5 8529
4 58 9280
7 52 2123
5 52 9710
4 84 69
9 25 2125
1 25 8064
7 9 2473
3 9 9775
4 3 6472
10 16 2211
2 94 5427
6 2 8341
7 71 7728
6 97 3487
2 80 2700
8 44 8118
4 93 8518
2 40 1572
4 42 2769
10 74 4111
1 50 4575
3 71 8139
5 20 3008
8 77 2621
8 40 369
7 21 8860
10 6 8333
5 88 5247
6 52 3337
7 55 7573
5 8 5588
3 61 2058
1 61 6974
6 11 8030
8 55 8794
9 60 6334
6 93 8367
3 50 3421
2 67 9196
10 87 4577
4 4 6430
4 5 8885
1 46 7952
8 97 7490
7 98 489
7 97 5778
3 93 2895
5 75 2036
3 15 9649
6 36 2330
9 99 7312
3 97 7435
6 27 9373
4 44 4365
3 4 9437
5 33 8003
10 8 4721
8 28 3323
2 53 2284
7 79 1760
4 33 1607
9 55 4391
7 37 870
1 77 9041
3 28 7487
6 73 6350
6 70 2210
1 21 3527
8 2 6287
2 77 3550
9 3 3844
9 51 3419
10 63 3852
2 56 5378
2 58 9263
1 21 7096
2 47 3721
2 89 954
6 92 5075
8 50 7144
5 36 9520
9 23 7938
10 27 9964
1 8 9502
9 40 6360
7 80 9100
5 63 2580
10 40 6310
2 33 409
7 49 29
8 70 8967
5 98 9893
4 46 1712
8 2 6049
5 5 7726
5 34 7550
7 55 2502
1 84 8533
9 28 7477
5 61 6025
4 36 428
10 92 7126
5 40 2608
10 10 189
6 29 1617
5 24 2745
5 21 8035
5 75 9709
8 80 8184
5 1 8080
5 97 6389
2 42 5049
9 70 214
6 81 2801
7 70 3547
4 53 6425
9 90 1136
10 38 9822
1 41 2502
4 32 7098
8 24 189
10 84 9237
10 9 5153
5 60 4716
4 89 6274
7 16 991
2 2 175
2 41 1045
3 95 5954
8 3 4418
4 47 4680
9 75 7618
2 95 5125
9 86 2958
3 19 5291
2 8 924
8 3 5490
9 79 5005
9 41 2255
3 27 8548
7 41 8125
1 76 8190
5 20 8559
4 14 9522
8 13 1586
1 11 7155
9 66 5859
6 19 3468
7 9 5592
3 71 462
7 8 9603
10 13 8869
8 70 3178
10 36 6196
4 66 1329
2 15 3646
9 94 6545
3 26 5031
9 17 5327
3 6 5087
4 85 8398
6 35 5710
9 89 9824
3 48 9450
9 21 4053
6 15 2305
7 26 8403
10 39 3572
4 27 5370
7 32 2101
7 81 6497
3 67 5194
9 77 7687
6 50 5078
2 81 552
10 73 2056
3 70 3738
7 98 6792
2 15 4226
5 34 8613
10 7 7479
7 99 9390
9 38 140
1 30 4024
3 50 1184
1 45 8739
7 65 1073
7 1 2641
5 18 74
6 89 7246
1 65 6331
6 36 7275
3 31 6243
7 49 1815
2 17 9020
6 59 3552
4 96 1666
5 29 6327
6 34 8192
5 88 8297
4 38 1227
3 69 3468
1 22 3837
2 65 7987
5 46 7964
5 27 4835
1 41 5118
1 32 1974
9 5 2831
5 26 2551
5 69 5246
3 73 3159
6 89 6291
10 27 1145
2 14 374
8 72 4258
6 38 5906
2 98 1254
10 24 6805
10 77 3225
1 91 3106
4 54 8693
1 37 7412
2 69 2373
9 63 1211
4 95 1961
9 69 6641
9 20 3444
2 93 635
1 92 2426
4 21 1451
7 78 6963
10 66 8392
9 22 7881
2 40 329
9 11 8440
7 27 1317
3 84 4725
3 78 5366
6 99 6958
1 5 5055
7 81 4113
5 31 8774
7 41 7370
9 47 5881
5 64 1286
2 5 6536
5 74 8639
9 39 6572
9 93 467
3 69 8326
8 32 1767
4 18 7047
8 87 9620
3 27 7804
2 99 2797
10 49 1719
8 88 4475
2 66 4241
9 15 6524
8 87 8157
9 84 974
3 90 3699
6 38 5452
9 53 7175
6 35 5588
9 11 6924
2 77 191
8 21 5586
5 94 4741
7 28 8917
3 91 2640
8 18 1066
5 90 3152
1 67 6761
4 70 2292
3 26 7906
9 2 4602
4 50 8455
2 31 713
7 38 1305
3 18 4022
3 34 9551
3 82 5179
2 73 6632
2 90 8615
7 77 49
8 93 3922
8 18 2599
8 59 9935
9 89 9739
5 15 819
6 79 8619
9 24 5996
9 24 9272
5 19 4512
1 16 7753
6 73 3488
8 93 5278
9 6 6915
2 40 3436
8 13 6297
9 3 4408
7 16 5494
10 65 3140
2 87 8980
5 87 9230
1 29 2195
8 28 2269
1 91 992
10 61 6795
3 11 8325
10 48 6137
9 13 5017
5 70 2945
6 34 445
6 25 1053
3 99 6650
1 12 7144
2 47 9711
4 93 1257
8 83 1630
1 24 9890
1 7 4540
9 75 9803
5 29 7184
1 87 3925
3 41 994
2 69 2014
6 33 9422
7 50 8309
4 39 6159
2 21 5632
9 34 2772
8 52 5067
8 25 8327
9 52 8239
1 24 7654
9 92 8992
3 72 1686
9 74 8293
2 39 7287
7 44 9719
5 6 4859
9 10 4896
5 68 5145
4 69 7847
9 29 2409
2 10 412
2 65 3279
3 57 1614
2 34 9510
1 18 7476
5 90 4597
2 49 82
4 84 1907
4 75 1995
10 35 6221
2 63 7373
7 92 8106
9 71 1303
9 99 5169
9 87 4579
9 35 6836
1 18 2484
7 87 2531
9 82 3613
9 64 8868
3 16 7356
3 48 251
8 83 8333
7 36 3305
1 59 2996
6 65 4909
10 45 2474
1 71 5676
2 67 5009
2 77 7930
7 56 7872
1 72 4065
2 80 3725
9 41 120
4 10 712
6 14 5027
2 82 8829
2 72 901
7 61 9119
7 91 4529
8 21 3547
4 25 1155
7 64 9037
6 30 1327
9 54 4772
1 90 8152
6 100 8581
3 75 7790
3 81 2167
3 77 1723
2 96 4115
5 63 5333
8 40 2796
3 33 8858
2 22 874
3 59 8971
2 8 9760
3 77 5082
7 74 877
3 45 7479
5 28 1200
5 17 2369
8 65 6549
4 21 7182
9 69 8885
9 29 2910
1 55 7361
10 96 9755
1 100 6338
2 15 6222
3 9 7827
2 21 5845
2 97 137
4 91 8879
3 18 8304
3 12 9409
10 99 9574
4 58 6627
1 22 5381
2 88 7876
8 36 6792
5 54 1397
8 76 4542
10 19 444
8 99 43
6 3 2641
1 92 9358
4 70 9568
10 3 623
5 59 789
1 81 5781
8 68 8124
7 53 8184
8 7 1986
5 12 5241
9 65 2045
10 73 9859
1 22 5671
7 32 3269
10 25 1605
6 97 8147
7 41 1879
4 60 9307
8 62 979
8 51 5719
6 31 1417
5 32 1191
8 93 7917
1 53 2171
2 36 5950
3 88 9112
3 34 8234
1 23 1458
10 83 7022
9 69 8891
3 1 6633
6 5 2868
3 96 7357
7 14 8632
8 95 976
7 66 5301
2 93 8434
1 42 9347
3 59 5390
6 36 3310
2 15 7105
9 22 7226
10 59 81
4 49 1275
8 41 8900
10 90 5612
5 52 5797
5 74 4946
8 25 7598
9 47 5893
2 94 6572
8 6 4452
3 87 6952
9 54 8473
2 83 5868
10 77 11
6 100 3100
8 29 8554
9 19 5747
4 55 4885
2 99 4510
7 45 9447
10 4 812
3 98 8510
3 57 7083
8 75 6863
2 13 1471
5 66 3617
10 30 9887
2 18 325
9 14 5313
8 83 8388
3 13 4804
6 91 4568
4 90 9674
3 26 7009
2 95 6676
3 11 5694
4 54 51
7 88 2987
7 79 3195
5 79 4861
9 86 1580
10 53 4763
8 26 1665
5 64 8256
6 31 6865
5 47 3345
2 48 4774
6 87 2277
6 96 8704
7 80 951
10 15 7239
3 43 3229
5 92 5526
9 79 5586
1 59 906
8 97 5870
4 52 5784
7 15 7110
3 19 2519
10 88 7349
9 39 1721
9 42 3745
7 5 948
7 31 7119
10 10 7798
4 76 1095
8 89 3192
2 71 9699
10 61 4488
5 53 7332
10 94 6107
7 59 5399
5 29 8162
2 85 7188
3 93 857
9 36 6268
2 100 1927
6 38 2610
5 38 2392
9 52 6697
5 39 2389
3 95 6655
5 12 1854
6 4 1983
1 52 5788
4 22 8531
2 49 6529
4 91 9780
7 87 8002
10 38 528
4 59 6854
9 48 5961
8 2 5573
6 59 1309
8 54 2615
4 91 645
9 71 6584
9 87 9429
3 58 8931
6 15 9377
1 80 6754
2 58 700
1 61 5783
4 95 5550
9 11 5270
5 96 6131
6 78 7272
9 94 3065
3 45 7219
2 78 6082
5 12 688
7 70 7954
4 26 3776
10 67 3953
10 54 5867
4 49 529
8 15 3115
9 82 7283
4 35 2305
6 48 1331
7 62 3261
3 9 4855
5 28 3261
8 41 671
1 34 810
2 60 4395
9 82 694
7 99 1545
3 29 5596
8 75 6384
10 79 5048
9 49 2279
4 43 3633
7 99 3096
7 34 2954
8 19 2397
10 30 1750
1 26 3905
5 36 1169
4 83 1662
4 13 725
9 19 9257
1 28 9965
8 76 6455
8 26 6471
9 34 9160
6 100 3873
7 39 3423
9 60 6654
4 98 7512
5 91 1019
2 51 9247
10 67 5365
8 74 8581
1 35 8641
10 18 2829
5 47 7350
7 96 3676
4 90 1212
10 21 6334
6 30 6160
2 32 9248
8 58 5881
3 99 5421
5 98 6467
4 69 2893
7 5 5330
8 9 2547
3 18 230
2 71 6728
10 45 4576
4 49 5235
7 17 4357
3 76 1846
3 58 733
5 74 5829
6 76 3951
5 79 2526
1 35 5776
1 4 9156
9 9 530
4 89 990
1 87 7949
4 76 6287
10 88 9420
8 29 2502
10 9 2167
8 66 6751
6 17 9683
4 23 7319
5 87 9405
8 77 714
8 86 270
4 84 7520
2 100 8828
9 39 5381
1 21 2211
9 53 3270
6 21 4459
2 32 717
5 49 1703
7 48 6697
5 54 8321
7 33 2168
2 88 9900
10 69 1221
9 13 9702
2 26 8838
7 11 3570
4 99 393
8 78 6952
4 21 6537
9 82 6010
8 46 8204
9 39 3173
6 59 1417
1 77 5617
6 91 4411
7 99 6200
3 32 9601
4 100 8623
1 38 8882
7 32 3482
4 90 2653
1 19 1346
9 72 3303
10 13 8490
4 91 992
10 6 9666
9 81 1347
9 76 4260
4 27 1289
9 29 6160
4 61 4310
9 62 5641
9 77 2278
2 38 7681
6 31 7203
8 91 4302
6 70 2576
5 77 9326
10 30 2198
7 63 3549
4 98 8076
7 49 144
10 35 5740
9 29 5155
2 37 561
2 45 5482
1 53 4680
4 23 1471
9 76 4527
9 68 1566
10 44 167
3 59 1985
9 1 2852
6 93 8247
3 14 9014
2 49 1353
10 94 1287
8 4 2363
6 35 5369
7 73 7427
10 33 2914
6 27 5164
1 48 6738
9 24 8431
1 43 9494
3 19 8720
2 99 2159
10 17 2572
9 6 4708
7 21 9542
7 23 9688
3 28 884
4 1 2398
4 13 7921
7 95 6164
10 4 2387
5 77 7239
6 49 8344
2 88 2819
1 29 6478
8 77 483
1 11 9358
5 42 1048
6 60 3999
9 20 5888
8 89 4086
3 6 9714
4 57 2823
3 84 2618
5 70 8996
6 93 6701
3 71 9109
3 30 2079
5 97 8611
9 47 5485
9 53 2975
7 71 1593
9 45 1786
4 82 5330
6 88 7115
2 8 5938
9 46 5549
1 4 9951
4 54 9864
1 72 7769
9 63 6174
5 58 5356
7 79 9621
2 22 7213
1 9 6436
3 15 2027
10 2 3639
4 5 4100
3 69 1160
1 5 8223
7 20 8582
10 41 7549
7 21 4457
6 37 4039
10 60 5425
7 99 9554
3 10 7445
5 98 2385
10 2 4679
5 75 4165
7 76 4132
2 62 4037
5 78 4767
10 11 1157
2 57 5224
8 93 9908
2 84 8372
7 72 2948
10 7 8995
8 80 6779
4 75 5152
7 8 9926
4 47 3244
9 97 2923
6 99 9669
1 52 16
6 75 3989
10 25 6861
1 53 8687
6 4 966
1 96 5882
2 16 9527
8 48 1880
6 8 4409
2 21 5274
6 57 6114
5 31 5493
8 57 305
10 43 7544
1 25 5144
5 34 4855
10 97 9902
4 69 6450
2 42 1725
2 22 9054
10 55 8669
7 94 9090
3 38 1460
7 15 3314
5 17 2578
1 12 8775
7 85 6977
4 58 8307
5 80 8404
8 59 5553
9 91 2529
6 34 4387
4 64 1017
10 96 8123
7 19 5673
1 43 3372
4 3 4085
9 67 8402
3 80 589
6 88 8827
2 56 5873
9 65 7132
5 42 6533
7 57 841
10 62 5285
4 25 4148
6 48 3157
1 66 2268
2 70 6315
7 13 1375
2 42 1817
2 4 4499
8 13 9978
4 37 7590
5 37 2900
7 100 1753
4 25 4178
10 23 1803
6 20 865
8 78 7600
9 12 8671
7 100 9738
4 22 1004
2 6 8677
9 41 8555
7 8 3362
6 45 3493
4 91 716
3 75 3281
8 95 7904
10 4 1293
2 57 8741
5 64 4366
9 33 1154
5 9 2964
9 43 9483
4 36 3873
7 44 4089
3 6 72
6 44 5663
8 77 5522
9 29 8147
10 29 7894
3 83 7045
8 83 1850
8 98 3408
7 97 5744
5 25 7164
1 1 2421
3 8 4665
5 12 2378
10 9 9937
10 48 8227
6 83 3499
3 58 4930
9 21 3516
9 61 4390
9 82 3022
8 23 6693
3 97 2469
2 13 6988
1 47 8008
5 11 3170
4 84 5712
3 49 7278
10 4 5488
8 69 2415
4 63 8891
10 67 9047
8 79 7120
7 1 6186
2 87 4911
7 67 3918
4 35 2919
3 10 6610
6 53 2846
2 12 3738
9 68 7289
8 53 2676
9 84 3782
3 90 8968
2 38 307
6 92 371
7 61 3732
4 50 9432
8 39 281
6 42 116
10 88 9961
6 24 1257
1 57 9323
3 71 2188
10 36 8497
6 74 905
6 7 5485
4 2 6305
2 16 8866
2 47 8060
8 50 4877
1 89 5379
2 98 940
4 38 5279
3 31 9137
2 25 6020
2 73 3638
4 26 4623
9 76 816
1 78 855
5 18 392
10 54 9801
4 45 6137
6 86 3276
4 16 6243
7 16 5231
4 43 2386
7 1 65
5 82 7101
10 27 4931
5 72 8192
8 99 640
5 77 6990
8 87 3826
4 71 5778
6 59 3691
2 85 8042
3 98 3035
3 9 1189
10 64 1999
6 3 4427
7 33 2097
3 59 3095
5 17 243
4 31 830
9 93 5121
9 18 7272
1 75 3326
10 58 286
4 86 4243
4 17 6742
10 84 6019
7 28 989
7 86 1911
4 33 4031
6 21 8948
1 87 2905
4 53 9123
8 54 8805
8 48 626
2 60 7859
6 94 3120
5 26 8601
9 63 5470
5 66 8974
7 86 7158
10 83 3347
8 10 8364
9 89 1414
5 28 2153
9 97 6969
7 63 1060
4 49 7599
7 49 4616
4 98 3941
9 80 7761
4 33 5810
4 51 2474
4 47 3523
3 60 2758
10 13 3398
1 53 7432
2 1 2486
1 8 6559
5 13 3263
2 7 7998
9 91 5334
7 1 677
5 14 893
9 5 5940
3 93 4770
7 26 1757
1 29 9291
1 86 7370
10 39 4567
7 33 249
3 2 5812
9 67 2631
2 74 7107
6 67 7354
3 68 5464
8 64 8381
2 91 5420
8 15 7142
4 42 453
7 64 556
4 9 7483
4 12 4828
1 96 8531
10 58 7037
2 38 653
10 43 8876
1 72 4023
9 55 8956
1 23 5007
9 88 4586
10 62 4270
6 36 4470
2 78 948
8 41 8139
3 15 7934
4 67 1142
1 26 8385
5 55 5273
7 10 7514
6 74 7667
3 23 7783
8 13 9668
6 98 1627
1 57 4827
3 40 5612
8 75 2397
9 46 8900
5 28 9487
10 80 8395
4 8 1000
7 1 3078
10 95 4981
4 87 7380
9 91 3113
5 66 8059
4 90 844
4 48 9862
7 68 2505
4 67 9973
7 31 6277
7 6 9825
8 12 7558
6 73 6793
3 98 418
2 81 6961
8 25 7194
6 80 3124
8 11 2840
3 49 4869
3 69 1962
3 76 2145
6 8 1946
10 63 8180
6 78 9575
9 84 3876
7 87 7319
9 47 497
4 41 7710
7 98 3508
8 92 3296
9 33 3547
7 30 7913
8 18 7929
7 37 6129
10 97 7650
9 47 1680
6 29 6627
6 1 7289
7 76 6965
3 38 7054
8 21 1865
9 54 7496
7 92 6495
4 62 8530
4 90 4958
3 59 9398
9 98 4188
9 86 2681
1 92 566
5 56 25
2 47 8840
10 48 9280
10 88 8261
1 55 8067
4 70 4018
8 74 449
10 14 7098
9 45 5399
3 60 3115
9 80 9397
6 41 6111
5 73 3995
10 24 5412
8 59 3383
4 84 2310
2 33 5115
8 55 9567
6 75 3696
8 36 8088
9 18 7634
10 41 6614
2 99 4447
4 90 471
9 14 7927
1 92 9622
6 84 620
10 29 444
7 58 130
1 100 6260
4 20 1846
4 96 4015
5 50 7341
5 64 5749
6 43 7677
4 43 4367
6 85 6548
9 20 1558
9 31 9674
10 18 2195
6 63 4799
3 88 2218
9 62 3977
3 95 651
6 3 7447
5 5 4793
7 74 7566
7 21 2250
5 77 1670
8 21 215
6 7 833
8 66 4332
2 98 131
9 92 4519
9 21 5820
5 13 9362
4 84 146
8 75 5965
5 23 1152
4 83 1604
5 70 501
8 18 8031
8 23 6415
2 9 7364
4 21 3746
5 87 8745
8 99 287
9 77 3606
5 25 1050
6 43 2725
7 93 3333
8 44 168
8 73 2787
9 63 6945
7 28 5493
6 5 6084
9 28 4172
10 41 8576
7 81 8553
4 44 1813
8 6 6077
1 35 1082
6 68 4511
6 76 5426
6 40 7828
9 53 8657
10 37 5983
1 53 2841
7 79 8346
4 21 8814
9 24 6466
6 13 1306
1 1 7447
4 65 7056
8 96 629
7 36 4471
3 72 1647
3 3 3678
3 85 611
9 70 2663
10 67 371
8 56 8553
9 12 7366
10 23 5262
10 88 8628
10 7 5174
4 31 4777
7 30 9941
2 90 8875
4 6 3206
6 22 9439
2 17 838
4 31 8049
9 28 2588
9 83 2849
3 86 5739
6 88 6508
5 90 2026
2 81 1931
10 78 8630
3 59 7906
9 97 2122
6 42 3290
7 76 9994
5 96 6920
9 71 9908
7 88 3740
5 76 9465
8 14 9666
9 31 9222
1 45 9792
6 100 5996
10 25 5814
1 83 601
2 67 3331
9 53 287
9 90 5151
2 81 6780
6 74 8451
6 81 4321
10 100 6593
6 16 2423
3 88 6406
7 94 5388
1 58 2902
9 98 879
7 54 1189
4 74 5165
5 17 6773
5 24 7275
3 85 1400
3 73 3785
5 65 8324
4 46 3280
9 14 6754
2 85 3049
9 37 8095
4 98 7346
10 71 1192
6 8 5062
6 39 1441
7 42 5534
1 51 9479
10 67 4266
3 77 1778
6 100 9440
7 46 7414
4 51 2810
7 24 9343
1 47 7629
7 50 5306
10 92 5483
8 85 9725
5 61 1652
10 25 5609
9 19 5917
5 15 2161
5 75 9995
6 17 8271
4 54 5964
5 52 7367
7 44 2940
4 98 3151
6 46 5374
5 34 3700
6 14 7988
9 3 4045
5 11 3446
1 71 7491
4 55 9673
6 53 32
10 81 9224
6 61 8951
1 74 9660
7 95 8483
6 54 8280
6 18 8011
7 49 266
10 41 3777
5 22 9515
6 73 9294
6 42 4087
7 59 7998
9 64 7451
6 61 8344
5 60 421
9 100 5490
9 56 7976
7 38 4664
3 54 6328
6 23 4544
8 34 1168
1 71 842
3 28 629
10 90 5496
7 94 7997
6 82 4091
4 53 556
6 100 7121
2 26 6951
10 80 5465
5 37 5662
8 93 8486
7 76 5945
10 67 2968
2 94 630
7 22 3706
4 91 6851
10 44 2891
7 70 8859
6 97 3629
5 34 3646
6 38 1479
7 96 2336
2 1 9521
9 47 4253
4 17 5786
9 15 9711
2 29 6332
5 40 1670
6 96 1267
5 63 9231
9 21 8822
8 96 3127
10 90 4652
6 70 6794
1 72 3175
6 46 251
3 4 4141
3 64 1887
5 54 4388
4 29 620
4 91 42
7 42 292
3 39 1736
10 6 2194
4 72 4243
6 81 1508
5 11 7945
3 40 3213
3 60 5438
4 47 8298
9 8 5414
4 45 6894
9 9 1751
10 87 3968
4 91 9091
9 2 9727
2 61 5476
8 78 5514
1 61 8120
4 56 7013
4 46 6296
3 13 5001
10 69 7290
7 42 1478
9 45 7705
8 87 693
6 22 8701
7 86 3125
4 95 7761
9 20 7405
2 69 3870
1 93 9435
4 16 1798
8 97 5187
6 27 8166
3 55 5102
2 33 4597
10 96 5934
8 25 1656
2 51 9479
2 88 3838
9 45 9740
7 88 8309
3 41 7165
9 43 4354
2 20 7205
2 37 6619
3 36 4950
3 27 8982
2 47 4612
2 2 1900
3 85 1407
8 7 4654
8 24 8497
3 43 2376
9 26 6117
9 72 3751
3 19 5333
5 38 6009
5 31 953
10 39 1840
2 24 5390
9 35 5501
3 55 8262
5 60 2394
5 12 933
8 98 1678
2 52 9318
2 93 8720
8 25 9469
8 56 8842
10 20 1665
6 67 6996
8 21 4139
4 51 9202
6 79 3660
6 69 9520
10 69 9135
3 58 5444
10 60 4427
7 100 4903
2 33 5826
10 95 691
3 42 3676
5 92 4002
9 97 6566
10 66 8947
6 84 8158
5 28 435
2 34 6543
8 54 3695
2 12 1018
10 42 8972
8 81 9125
4 42 2017
9 75 5269
2 74 457
10 79 3691
2 12 1754
7 62 4595
4 68 9038
6 60 319
7 20 1148
3 41 1077
3 80 5351
7 45 9385
5 46 6448
3 49 3108
10 41 8253
10 18 9596
10 11 9331
3 6 4495
8 3 3726
1 6 7934
8 97 6287
9 73 5142
10 49 6399
3 86 1133
8 34 5651
5 80 9349
5 81 3092
9 83 2672
9 57 7205
5 50 903
9 35 4880
9 57 3027
6 11 6068
9 22 5783
2 7 530
5 62 683
1 23 2032
10 37 7966
10 25 1217
1 2 7758
5 85 5145
4 56 8160
9 15 2740
4 44 6374
4 86 7356
3 54 6429
1 76 8207
6 71 3267
1 73 8461
1 38 360
6 8 6663
10 93 6301
1 63 6750
1 9 5301
7 15 7181
6 7 1580
10 92 5191
1 67 2249
6 87 7318
5 76 8532
3 67 3029
10 43 256
4 58 4316
10 69 5099
9 16 1759
5 28 7000
2 99 3475
2 75 6071
9 19 9390
6 89 7819
9 35 7540
3 25 2002
6 67 1323
5 57 6710
3 56 5496
6 31 4897
8 88 6250
7 94 6304
7 25 9098
2 43 86
3 25 3084
10 28 6740
1 89 8069
1 40 8080
6 68 2694
2 67 6561
1 91 8078
3 56 8571
3 73 7951
7 74 2456
5 37 2489
10 15 5812
7 23 3461
7 89 4531
7 81 541
1 3 524
9 52 7119
3 54 4846
6 56 8065
6 36 8804
2 67 9239
3 29 6288
2 67 796
5 11 8570
8 20 9181
5 39 9575
5 98 9963
4 24 7749
8 44 3290
2 93 830
8 25 6809
8 85 8292
6 15 6943
7 20 8623
6 7 2808
2 22 8584
10 84 152
4 9 6161
4 29 1212
1 18 1708
6 75 4977
8 70 8086
5 87 7497
9 85 8703
7 34 3611
10 52 8137
3 22 1336
7 99 8209
3 98 2535
5 15 4422
7 49 8347
2 59 8269
2 89 492
6 59 6761
7 65 256
6 70 8548
7 2 8247
7 79 207
6 5 9315
3 70 7974
1 15 9752
1 52 5819
9 53 564
6 69 2974
3 77 1578
2 7 6132
1 50 5371
8 83 6587
8 40 4817
2 7 9581
9 67 3103
8 31 1857
5 63 840
5 66 7070
10 31 3691
9 34 8084
9 26 3160
1 79 4547
9 22 6966
10 47 3513
3 73 131
5 22 9998
8 4 6125
10 53 3981
2 44 6724
10 26 87
5 24 2400
8 58 2625
10 56 4456
2 71 8664
6 79 9136
3 16 6618
9 34 5676
9 13 2957
7 94 2517
3 4 8068
1 73 2188
8 84 984
9 40 5050
10 6 6076
8 12 1474
1 46 435
2 93 4129
3 97 1215
4 79 8617
5 54 1771
9 50 9741
7 49 7875
8 53 9690
6 61 6324
5 80 6983
2 19 8957
1 86 1831
2 48 8752
8 59 727
4 55 9830
9 72 9367
1 10 6586
7 65 8610
2 22 1077
8 31 2131
7 9 6454
10 60 576
7 99 6259
10 93 6967
7 79 4536
3 6 7849
3 60 7317
1 43 7651
9 78 8742
10 42 3050
7 57 5358
3 23 2784
9 26 9145
7 68 6156
10 55 525
10 35 5130
2 20 8978
3 93 9002
1 57 5062
2 27 3883
9 59 2352
5 73 3130
5 14 7490
10 35 7980
2 34 7999
5 83 7920
9 39 8375
5 73 3280
5 59 6477
10 26 2570
1 4 5390
8 95 4085
3 20 9487
3 16 2653
1 27 5499
5 100 2893
5 95 3430
7 98 8956
9 26 8685
10 94 1584
4 37 9330
8 5 3627
9 84 3843
5 50 6487
5 37 9401
6 11 4510
9 54 822
5 4 4610
3 52 8369
2 7 8869
4 84 2977
7 76 2303
4 17 4081
8 18 8535
7 34 1550
3 72 1616
4 8 2581
7 32 8727
10 5 9013
1 3 5095
3 32 9578
8 6 3930
9 38 711
8 84 6194
7 66 2070
5 14 586
1 47 2524
4 39 5719
4 70 2317
2 73 9199
4 72 2853
8 18 1862
9 71 3936
3 54 7472
3 53 8756
8 67 3473
5 100 4979
5 35 4467
4 71 6645
5 86 3313
3 52 9997
10 95 8224
2 71 2345
1 66 8445
6 55 5098
9 50 3541
1 46 1103
6 99 8566
7 100 2017
5 35 6468
8 25 2403
6 77 6516
7 45 6933
7 4 1533
7 21 422
10 82 3968
4 82 7882
7 31 7410
10 21 9018
3 3 4794
5 35 2722
2 72 218
9 67 4005
6 90 9195
7 92 3375
1 90 4315
5 26 1174
1 97 4781
3 40 220
3 53 9643
5 34 3954
1 17 8767
4 77 116
7 12 7172
4 53 9207
6 90 7300
8 20 6234
3 15 7762
5 21 5862
8 99 7706
2 43 2929
3 79 3887
5 1 9567
7 45 2629
10 26 121
9 74 3826
4 53 1555
9 12 323
8 63 3900
7 78 4308
10 23 4566
8 12 3760
6 91 9732
6 19 3763
4 65 7
5 53 9648
8 73 5453
6 2 8427
2 95 7951
8 25 4948
6 57 6359
6 78 7491
10 1 3779
3 61 6166
3 53 5702
8 52 6527
6 86 1749
8 44 6819
1 73 9101
10 35 7073
1 40 9284
2 13 5209
1 40 2571
5 34 929
2 58 6063
8 26 8194
6 15 573
7 4 8996
4 19 875
9 94 676
5 93 9195
2 86 7240
9 89 4001
1 32 7658
8 78 2457
6 94 7567
3 46 8136
1 98 1349
1 14 8922
10 43 2800
1 6 9629
2 29 78
8 75 9655
5 96 456
1 24 4379
10 83 3418
6 67 5402
8 67 4675
3 41 8991
1 98 5404
6 96 7279
9 39 3323
7 75 8196
9 32 8630
10 100 6686
5 82 820
5 85 4324
10 31 4225
2 11 4414
7 40 2879
2 10 5973
1 9 3324
9 76 1819
9 16 5077
1 5 913
3 33 5814
4 98 2172
3 68 5754
5 86 4829
3 45 4165
2 98 2735
8 49 5017
10 3 867
8 59 8537
3 79 5147
2 55 2536
5 27 6193
3 23 386
1 43 6556
2 36 1450
1 57 5184
3 100 9382
10 60 4265
1 77 2937
3 78 3895
7 1 8137
9 45 521
6 77 503
9 65 3823
7 73 5810
4 31 9274
9 25 6819
3 67 7500
5 14 3347
10 43 7426
8 37 5392
5 93 7118
1 79 2150
7 40 7994
8 82 4527
2 37 6463
2 100 122
6 71 3107
2 3 1487
3 3 6796
9 34 6807
8 51 9056
9 57 9436
7 73 9016
3 46 8530
10 44 2762
8 56 4450
5 3 4108
4 86 1657
2 47 8794
1 84 3965
8 66 9530
3 70 566
7 92 9218
7 83 8006
6 77 3311
7 46 6511
2 6 3185
2 24 4195
2 60 6461
5 90 2562
2 52 3295
4 14 2414
1 54 6324
6 96 4246
5 97 2322
7 6 818
5 54 5857
10 26 8824
9 67 6773
3 1 7382
4 98 3397
2 49 5800
6 17 6558
7 4 6819
10 39 2410
7 31 8350
1 86 8286
2 57 291
10 53 8984
6 62 8656
9 96 9140
3 55 6111
8 85 2744
1 83 7792
1 56 4413
4 47 7793
3 36 6606
4 38 7938
1 4 9620
5 59 6904
9 13 8973
2 9 7397
2 80 8743
9 39 9379
7 49 9748
10 77 4581
9 41 8965
3 32 340
1 58 6401
9 18 5073
9 26 1016
3 93 542
8 74 6674
9 87 8436
2 30 3390
3 23 5826
1 99 7581
8 99 9322
4 8 1568
1 42 3865
2 9 488
2 35 6704
1 5 8718
4 7 4971
8 33 8067
6 47 5946
4 53 1001
6 88 5092
7 73 9782
9 43 2547
6 70 1285
1 13 2339
2 15 5629
5 5 984
4 78 5984
3 17 2422
4 74 2136
5 3 2251
5 26 9452
5 16 8507
5 68 6574
3 53 2989
5 63 269
9 12 6916
3 83 9212
7 15 282
10 1 9604
9 83 5348
7 2 6505
7 95 9813
1 85 5061
4 34 633
10 98 5097
3 8 5731
1 75 5211
5 23 7940
3 58 227
10 11 591
5 91 9025
1 99 8253
6 13 537
4 68 262
1 74 17
1 80 8718
2 6 6016
9 57 2934
5 78 5964
4 20 1212
9 8 4496
9 64 3213
2 1 9250
5 66 4669
6 70 2661
7 34 7277
6 33 7426
7 85 6849
8 80 5082
6 80 7705
10 54 2242
8 8 6516
4 59 2004
4 54 6302
7 91 5706
5 30 4449
9 31 3588
6 18 1631
2 11 1980
5 82 2918
5 51 4601
2 39 3052
3 72 6117
5 63 243
10 64 4649
10 2 1950
7 77 1169
10 97 8336
6 48 9468
3 29 8751
1 49 5705
6 61 9373
2 7 865
9 43 5539
4 97 6088
6 71 6693
8 33 1726
9 34 9371
10 61 7708
4 95 6824
4 89 7407
4 67 6925
7 87 8226
8 96 8228
9 37 2021
6 50 4807
8 17 2398
9 68 203
8 16 2818
1 46 6656
10 97 1059
4 73 2784
2 17 5435
10 97 9157
4 8 5604
4 26 1214
5 32 3801
5 38 2945
5 38 7006
9 34 6067
8 29 6315
1 83 6631
9 44 4794
1 93 1730
7 83 4213
5 35 5025
3 16 873
3 76 2187
10 14 2502
3 38 158
10 21 6652
9 96 7871
2 84 7875
9 5 6923
5 86 9035
10 65 8463
1 29 6665
3 69 2217
3 33 2389
10 24 6150
10 32 7570
7 64 5114
10 19 287
8 72 9261
6 3 94
8 41 8185
3 61 5255
10 78 9718
4 70 1937
5 4 2081
2 84 3168
1 28 8262
6 61 2383
8 35 6321
6 2 9368
7 3 2100
7 89 9316
3 9 5941
10 53 7367
9 74 910
7 48 2723
2 79 7784
5 28 7596
9 49 8885
10 53 9440
7 33 1076
2 58 8144
10 91 3971
6 74 267
6 41 4004
1 77 9420
7 15 7718
3 29 1401
8 66 1572
10 30 5812
8 59 3535
4 32 9059
8 81 9403
5 1 3196
4 87 7734
1 13 2824
6 72 8607
4 24 3976
1 80 957
7 45 5212
1 48 8702
9 45 4581
10 78 8571
4 30 8754
1 13 3476
3 43 4312
7 64 8717
1 18 1146
4 72 1547
1 5 7447
9 64 667
3 5 6919
9 11 4616
2 59 8343
8 93 6429
8 74 5472
1 31 5600
2 14 6321
6 73 2468
2 37 2232
1 82 7563
1 31 8225
8 1 1151
5 25 2029
9 25 3524
8 22 1457
10 26 6207
4 1 429
10 87 3361
8 73 2303
7 4 6324
1 44 1808
8 33 992
9 72 3413
8 68 4662
3 58 6959
1 83 7851
3 74 7979
2 34 7579
9 19 3784
5 95 9976
6 20 6412
8 35 7034
2 46 58
3 3 2843
5 36 5995
7 77 6741
5 60 5773
4 27 2502
2 36 4722
9 89 6260
2 77 5360
1 94 9216
3 44 4698
4 27 2409
10 17 1204
5 52 1332
3 91 2348
6 18 8483
4 58 2452
9 93 6506
3 78 628
3 18 6187
7 38 585
9 85 2048
7 27 636
2 21 8266
9 36 907
9 73 2841
5 91 1011
10 6 3854
8 52 9755
7 2 8105
2 67 6349
4 33 7696
6 88 2788
5 39 1700
9 21 8382
10 96 2482
5 48 2396
1 47 3389
1 72 910
4 20 4318
4 5 7645
1 91 8910
9 78 5872
2 45 9042
7 19 5005
10 76 7378
5 86 4022
1 98 4873
8 13 7950
5 10 3948
3 22 3682
9 72 469
5 33 2983
1 88 8354
7 16 5441
3 63 6032
8 6 8635
6 99 1752
5 14 7197
8 62 4239
10 88 875
4 89 9197
8 3 7130
6 58 6140
5 49 7642
9 65 8397
4 57 8595
9 75 9344
9 9 891
9 86 233
3 99 954
7 41 5313
7 49 8512
7 64 1107
1 16 261
7 43 3613
4 100 1518
5 86 4358
7 47 3334
3 54 8104
6 13 5619
4 63 5306
5 67 4915
2 53 94
2 6 8271
9 34 9344
5 54 5618
9 96 4541
4 85 9063
9 85 150
9 78 4624
10 72 2511
3 36 9656
2 1 1704
4 10 6822
5 87 4873
2 82 1129
6 85 4788
5 71 7552
3 60 2066
5 33 2235
9 68 1357
9 26 2619
3 71 6274
1 67 13
1 22 2071
9 73 7942
5 64 8870
4 41 7815
6 2 9611
3 68 1257
8 47 5422
10 44 1288
9 30 1561
4 14 9950
9 79 5868
2 27 5064
1 71 2211
4 100 3710
8 48 1746
4 14 777
1 49 2120
10 58 341
7 71 453
5 22 2860
6 33 4094
9 40 1869
1 15 1603
1 63 8913
6 77 9197
1 24 3448
5 91 2124
9 70 4845
4 15 3737
1 28 3896
6 57 409
10 99 5659
5 81 6208
5 69 1424
4 18 2166
3 53 4238
9 6 9943
4 61 2157
9 38 2009
9 50 3126
9 81 8139
8 77 3828
4 8 3714
3 82 9011
10 72 6128
6 32 4138
10 99 4929
6 82 5486
7 63 7158
2 10 9943
8 28 6029
10 89 8187
6 65 5780
10 12 7450
9 28 6170
2 13 1083
4 8 502
3 39 1687
10 72 5845
10 10 3247
1 40 6467
6 3 7042
1 99 1986
1 40 9115
3 79 4348
3 28 8830
2 42 386
5 97 1655
8 88 9765
6 32 5029
1 60 3113
8 2 9096
4 39 109
4 32 5728
4 63 2221
8 26 1045
1 46 1893
7 48 213
10 19 372
2 25 7825
2 94 5622
7 28 3970
8 47 5997
4 18 9782
1 52 2432
7 75 1344
6 63 9521
1 1 6393
9 62 9953
7 83 2703
7 20 7061
1 9 6486
7 20 1944
3 33 9189
6 23 3096
7 72 2424
1 25 1776
8 68 9766
9 23 7648
9 8 9269
6 6 6220
7 56 8135
9 82 2670
3 42 699
6 38 5498
3 19 3362
7 25 3878
1 25 2202
1 11 9593
3 5 5559
3 31 10
1 44 5412
3 63 5735
2 25 7748
2 42 9488
10 58 9192
10 80 6326
8 9 5988
9 41 6277
8 76 5044
10 71 1758
5 38 3540
8 69 2923
6 28 5488
10 15 264
10 26 4772
8 54 5944
3 76 480
10 90 6971
2 87 9413
1 35 3512
4 72 8494
4 48 4652
6 81 4405
10 78 8420
5 21 1953
5 59 1406
3 25 3832
5 80 7790
4 33 7229
9 24 5921
7 94 5319
7 52 5960
8 96 2698
10 55 714
8 69 9262
8 24 4880
8 88 8083
3 49 6159
6 50 7762
3 35 150
1 20 9624
2 95 9397
6 13 5958
9 62 4061
9 25 8176
1 7 9910
6 57 5347
6 76 485
1 64 400
8 61 7485
2 18 7441
4 29 5459
7 4 1051
2 39 3025
7 58 1119
9 90 1781
5 66 4600
2 81 4884
10 33 4432
3 29 1476
5 31 8433
5 70 7653
4 6 544
9 61 7385
4 72 7178
5 67 795
2 89 2400
8 18 6882
6 51 5945
10 100 7664
5 74 5084
3 8 7213
7 81 2812
5 75 296
7 28 1022
1 30 2146
4 41 6623
10 14 7136
4 96 1420
4 67 8756
7 5 6139
3 40 2838
4 63 9067
4 81 8463
1 82 6702
5 75 8655
10 82 5999
6 87 1479
8 17 6877
4 90 9412
3 100 6606
3 69 3486
10 46 4416
3 96 6433
5 84 5968
1 44 926
6 32 5528
10 10 8693
6 45 7480
4 4 74
7 9 7307
1 81 2039
2 87 5011
8 98 2956
5 87 7769
2 57 3762
1 71 7280
3 53 7177
8 10 4808
10 8 1704
1 33 7683
4 6 2600
5 46 5462
3 13 162
5 44 1327
6 12 7572
4 37 8241
4 48 9422
10 53 1777
1 10 5169
3 88 2957
9 19 1777
10 18 3531
6 97 9118
2 99 8603
3 91 5935
8 95 1617
4 15 2556
4 62 5317
4 81 3959
2 32 4330
2 41 2618
5 69 2063
9 20 3299
4 27 2752
1 39 3336
8 68 5684
10 65 2294
5 89 269
2 55 3653
2 47 4557
3 43 1522
1 44 2592
8 97 297
5 85 7087
3 20 4264
5 87 4663
1 72 6025
8 2 6160
1 14 9892
3 100 7796
4 43 6906
10 45 6615
1 43 7964
3 24 1624
4 16 4545
2 41 235
7 97 1705
4 61 5062
5 24 7088
2 11 927
6 32 3978
10 79 9438
8 82 1946
6 87 8184
3 22 162
3 41 7807
8 32 9437
5 88 2085
9 21 3163
9 43 4133
4 59 7574
8 14 4523
7 55 6921
8 50 5559
10 87 1303
8 52 4616
4 65 2707
1 33 3536
6 55 7001
8 88 7992
2 27 2936
3 24 6446
9 44 5036
9 51 8498
9 19 2521
3 34 2417
1 98 5415
9 51 8973
10 20 3002
7 39 6877
9 12 6366
3 45 4469
4 91 2881
3 48 2942
7 16 3902
7 31 1190
7 6 3319
4 26 7450
7 46 2773
7 91 8102
3 27 1405
6 81 7337
7 26 7847
6 67 9781
6 92 9010
2 61 8254
3 61 3249
4 85 6051
9 30 2111
1 35 467
7 53 3337
8 34 9410
9 54 6852
3 74 6501
2 47 2538
6 84 7894
10 41 6754
5 31 7107
10 3 9506
3 98 8925
7 48 9938
9 94 7552
8 64 9150
4 36 4872
1 65 2481
4 8 4833
9 67 3807
5 55 3369
3 88 8091
2 76 5889
5 14 3935
3 28 7263
8 82 2096
10 67 1438
4 54 7348
5 80 5287
9 78 659
5 22 5193
10 86 5053
8 33 4584
6 49 3481
3 55 248
7 17 9208
4 50 6978
2 70 2076
3 97 6707
3 87 7175
3 32 1283
6 55 4256
5 60 1549
4 90 7165
5 19 9687
7 96 4720
4 28 5376
6 72 96
3 29 4733
2 56 4541
6 49 6166
2 47 160
10 100 6071
7 54 9425
7 2 4220
9 8 1010
6 6 5228
2 14 1115
6 69 5144
1 85 5001
5 7 5429
4 82 6576
7 27 5983
4 63 8339
7 98 579
7 22 1526
1 74 8859
1 77 5852
9 99 433
4 42 4598
7 65 9890
6 37 1778
1 33 3780
9 32 4881
7 36 9488
2 89 7357
10 14 363
7 96 462
5 16 74
6 88 6352
2 17 3019
10 48 1016
5 80 1548
1 19 9094
1 67 4400
10 51 3840
6 88 970
5 84 6618
4 6 4218
1 64 200
3 23 8070
4 48 9401
9 45 4799
7 85 123
7 48 2407
3 28 3019
6 92 3403
1 22 2355
1 28 8373
2 78 870
6 83 1843
1 25 3125
2 68 4937
4 96 2671
2 17 4738
9 33 6601
3 87 7701
1 5 146
10 5 8583
4 20 4327
3 34 8355
10 81 7679
8 68 628
4 72 6255
2 53 7936
9 41 4835
7 68 7889
3 95 2019
7 41 4629
4 32 3228
1 3 742
10 32 4033
4 52 6404
7 74 6416
5 56 5087
6 36 9719
4 38 5571
10 59 1713
8 38 4485
1 23 3985
3 23 7346
3 95 2096
1 89 2888
10 41 1773
8 72 4896
1 9 39
3 32 4965
7 98 896
7 11 1156
7 83 915
6 94 5672
2 6 1683
4 82 5732
9 9 704
7 12 164
6 85 9720
4 52 7495
7 11 6391
9 59 8789
9 57 7244
1 83 5444
8 58 8033
8 46 9964
7 86 8042
9 61 4299
9 19 88
5 20 8807
2 28 9009
9 98 7684
4 16 6170
7 95 2084
4 39 7267
8 49 5102
3 22 5589
4 87 8614
9 44 9388
8 83 6941
3 16 2372
2 79 8200
2 12 6851
4 58 4651
5 66 6922
6 19 33
3 74 2031
3 3 9495
6 86 7498
2 2 3259
2 70 1648
7 10 1443
4 19 4180
9 98 1657
4 41 8825
1 74 829
9 40 771
10 88 9286
4 86 2351
10 11 5610
1 78 702
1 21 7253
3 68 7807
7 84 7969
10 9 1699
5 12 8799
5 97 6982
4 69 9226
7 53 8848
8 11 7894
10 35 6854
5 10 7007
3 6 6100
8 59 5346
2 19 5199
9 17 6133
8 3 6303
6 49 4606
6 96 3608
5 75 6817
10 12 4948
9 53 6796
3 16 166
9 37 1843
8 69 293
2 76 4964
8 92 8048
7 94 7633
10 75 3009
10 99 2864
7 48 6388
10 93 6228
7 75 380
3 50 1269
1 61 7576
3 98 5878
7 45 7565
9 97 4021
8 42 8523
4 11 9898
7 65 5359
8 78 5744
2 94 8393
4 66 753
5 28 1101
9 14 3210
9 11 5373
1 92 7483
10 31 4813
5 46 1329
4 97 9254
3 93 7644
1 73 4024
5 8 4188
7 44 5280
7 16 7399
4 68 7895
1 32 242
4 59 3572
9 85 1933
6 36 9520
1 80 8392
2 46 6739
3 87 6421
1 44 7409
8 23 9280
3 50 6342
10 42 2632
3 65 1133
7 10 2255
9 54 6529
2 10 1924
3 4 7397
10 59 4836
2 99 5962
5 50 5718
7 74 3989
4 45 3420
2 97 4268
9 92 3055
8 23 9078
6 43 2169
2 73 8819
7 17 8651
6 63 1502
9 44 6063
3 18 4607
10 53 8470
5 89 78
4 68 4352
1 23 4546
10 77 7163
6 14 9118
9 10 6232
3 92 7808
6 53 5066
5 35 3451
5 42 468
6 63 3754
5 73 2718
10 21 2836
1 2 2695
9 65 2323
6 38 418
7 91 5717
4 50 6157
8 34 965
6 53 1895
7 46 6340
1 66 3575
5 74 2443
7 88 1643
9 61 1108
7 99 8123
3 40 6785
8 20 7993
3 33 144
4 98 1849
7 95 8645
1 19 6434
9 32 9825
7 64 4400
5 93 5170
1 35 4939
3 4 2182
5 13 577
10 86 7866
8 41 7823
3 41 5676
4 57 4935
6 29 1952
3 37 6327
3 38 4800
10 63 2233
9 70 3866
7 74 6603
5 10 2747
5 63 632
3 13 7898
5 94 434
1 17 3456
1 19 7465
3 34 8393
1 12 4797
7 17 8620
7 95 988
5 91 6763
7 99 5155
8 23 6788
1 69 1449
10 50 6432
1 55 3035
6 24 2174
5 71 894
9 20 1774
5 51 9017
10 35 7458
9 96 1438
7 94 6041
9 78 7523
3 27 6040
9 81 3467
8 74 3835
8 49 3535
9 85 151
10 6 5799
9 34 7177
4 44 4613
10 79 7237
6 17 6994
1 20 6556
4 22 9330
8 19 6895
4 59 2753
5 54 8401
6 59 3528
5 50 2686
5 63 1250
5 41 2605
2 80 1744
1 75 9569
4 31 3917
8 24 2933
8 59 4559
7 40 2014
4 37 2609
5 50 1032
2 66 3860
1 4 9924
9 4 2079
1 98 2182
8 78 4995
7 86 9388
8 80 4052
7 71 2921
9 45 2238
9 59 3267
3 89 7788
3 40 2667
3 13 7738
1 19 6761
7 71 3473
9 69 7894
3 67 2758
9 82 1352
4 62 9089
8 13 4388
6 89 3365
5 92 5018
6 49 8177
9 100 1604
5 72 8376
6 60 3083
7 11 7070
7 21 1720
1 96 5151
10 79 2800
4 64 8155
1 13 1440
4 27 6259
8 55 116
4 100 4986
10 53 2036
9 24 7556
2 15 8610
3 79 1459
2 33 6611
1 72 9749
3 68 5484
4 77 3810
6 72 4777
10 57 5311
2 79 7939
1 84 4381
8 65 3605
2 52 2501
9 49 8013
7 65 3654
4 100 9327
4 89 9108
7 72 8847
9 65 3000
9 1 1079
10 74 9466
3 20 9555
1 57 5244
9 20 4074
8 72 7194
3 76 8918
3 57 4021
8 3 1122
1 15 7653
4 51 3069
5 74 8838
3 63 7070
5 70 5465
10 19 3395
6 60 5167
3 74 3694
6 37 8014
7 100 3305
2 36 6053
8 61 7880
7 29 4453
10 82 2822
8 8 2036
7 21 8909
10 84 5723
5 61 687
10 5 6375
10 87 2546
5 76 7446
9 2 5176
4 85 8721
8 43 7489
6 42 7104
1 73 2404
9 66 1588
8 29 1463
5 6 566
8 89 9897
1 38 6814
3 93 4499
8 64 5626
4 68 8192
1 76 9591
6 88 7093
9 94 4874
3 72 1188
6 22 6155
9 61 520
10 23 6481
3 52 3634
2 56 4274
8 70 3804
7 58 6179
9 45 8079
9 100 6239
1 3 9202
9 91 523
5 4 374
6 54 8775
1 75 9263
10 38 9873
10 6 8125
5 55 276
2 62 4398
2 85 7787
4 98 3557
9 97 4269
7 66 61
1 97 1257
3 41 8249
4 21 1645
3 91 685
7 42 9793
8 33 8575
7 92 2043
5 9 7398
4 28 9459
4 19 9607
9 11 7127
7 3 5081
2 70 9693
4 100 541
6 89 4268
5 22 3960
2 48 8995
9 32 9159
3 45 1578
8 21 4030
1 54 2468
6 32 6262
5 46 6184
4 91 3869
8 47 6471
6 56 9393
2 72 8465
8 5 7860
3 15 9792
10 39 7888
9 33 722
1 78 265
5 97 9079
10 35 3792
6 55 8105
9 68 717
7 35 5646
3 66 2372
2 94 3730
2 27 7676
4 98 1894
4 84 912
6 65 7839
2 12 5821
7 4 7124
2 31 4662
10 80 9338
5 34 1378
6 21 9254
7 31 8240
2 10 4901
6 27 8560
4 74 2936
7 17 975
10 46 9227
2 77 3068
9 66 162
5 47 9294
4 30 8412
1 59 9904
4 75 226
5 23 6049
5 34 8668
8 71 8095
10 100 7944
8 61 7361
7 31 4819
5 67 5360
10 12 268
8 49 2936
8 75 9344
7 100 508
2 83 4200
3 93 6552
5 75 997
5 29 1443
7 35 3138
6 13 2700
10 13 8601
1 33 9054
5 47 7128
4 27 1649
6 81 4452
8 25 9098
2 90 8191
7 8 7363
7 29 9466
4 61 7448
6 12 5832
3 82 3466
6 22 4379
3 30 4855
4 81 924
9 11 228
6 75 3614
2 39 6234
1 46 498
3 10 1467
5 25 7189
2 95 473
8 24 4500
8 11 4003
1 32 8033
4 78 3331
6 63 7754
2 46 6647
10 82 6407
4 28 4427
2 63 5758
7 62 2746
4 43 3002
6 40 9912
5 57 5571
2 39 9143
9 64 5178
2 50 3983
1 57 9875
3 62 7680
8 92 3407
3 72 3433
9 22 2928
4 92 952
9 12 4680
6 44 3759
4 98 9460
2 85 5693
2 84 2794
2 73 9770
7 45 3552
6 31 2596
4 55 1893
2 31 4564
4 58 2179
6 57 7498
2 79 7655
8 30 5596
10 81 1428
2 7 3892
4 41 7709
3 17 2842
1 89 5967
1 9 5725
5 7 4316
3 70 1644
10 40 601
8 55 6905
9 26 4277
10 9 834
4 1 1353
10 53 9852
1 14 84
3 62 8974
2 49 2579
6 32 1807
3 90 6093
2 48 7316
5 71 6626
4 73 3200
6 61 6587
6 27 8289
3 30 9418
4 3 4730
7 89 6893
5 11 6329
8 63 2554
5 45 644
5 94 2685
5 17 6104
9 43 3613
7 38 2041
10 74 2574
5 14 329
4 80 4033
7 43 8404
2 76 9171
4 96 6199
5 96 764
1 8 8771
6 36 3717
9 21 2903
10 85 7356
8 30 7373
3 1 8244
2 99 4320
6 38 9238
3 87 9605
2 17 1870
2 61 8755
1 89 5396
6 60 4008
3 40 9561
9 68 8240
1 81 3213
9 94 9374
5 12 9361
3 84 1242
10 89 9609
9 34 2217
4 95 1204
4 42 6617
4 66 8482
3 33 1463
6 42 4709
5 6 6705
2 22 3686
1 69 4381
8 31 6932
4 38 7760
2 76 7301
4 94 7656
8 31 5659
8 49 5991
1 52 6142
5 50 8662
5 35 646
5 61 2119
7 35 7736
6 79 3966
1 13 9035
6 13 9669
7 52 5212
2 87 4274
3 23 7316
4 36 7344
3 87 3729
1 36 2771
7 63 3563
1 50 459
10 24 2493
4 84 9106
9 42 2086
4 29 668
2 31 5592
2 40 4420
7 81 1039
6 44 9322
3 83 2764
7 26 4021
8 15 9965
2 13 7955
8 89 8520
2 33 9220
4 64 3396
7 85 202
2 50 9420
4 44 1697
10 60 7611
6 31 5783
8 75 311
9 81 6182
2 35 7887
9 44 3823
7 51 6430
2 82 3616
4 41 9737
5 60 1523
5 85 1462
8 65 1029
5 64 1224
6 39 8175
3 19 8411
5 13 3951
2 13 8334
7 26 5908
5 10 6868
5 55 2980
10 100 9201
10 82 1224
10 46 3898
8 14 3245
9 59 212
7 3 4363
4 85 637
2 15 9826
8 84 8680
9 77 4735
9 91 5849
5 35 5216
5 99 209
9 64 8092
5 29 1521
7 59 2440
7 55 2892
9 97 4724
4 60 7575
4 24 5066
9 20 624
8 7 2978
5 92 5427
7 20 8894
7 79 940
6 80 9917
3 98 1108
8 65 2194
4 6 5047
9 55 6536
6 37 8671
9 2 9160
9 78 2318
2 16 8647
1 35 4832
7 91 4922
5 97 8363
5 76 7703
9 55 5221
10 49 9269
8 6 9752
1 34 2167
9 72 6630
3 59 1127
10 85 9606
3 41 151
4 99 3706
1 56 1625
6 38 9740
1 46 9376
1 92 4913
4 79 4500
3 74 5561
9 9 4523
7 64 1130
2 15 4790
7 67 6336
6 20 151
4 60 2314
10 34 1555
1 9 7160
8 96 8839
10 71 4685
3 45 4577
7 65 2797
2 41 1725
9 99 3702
3 65 9734
3 20 5639
5 95 5912
6 61 6696
9 44 4252
3 77 4405
10 92 1622
5 58 1974
2 31 1937
1 68 9912
4 70 7906
5 72 4362
8 51 4005
9 45 2972
3 84 9593
2 66 452
4 27 3141
10 76 535
3 26 3095
5 9 6179
6 79 9654
6 31 4799
5 94 335
10 28 8401
7 30 2786
10 29 6813
9 59 2176
10 14 6129
2 76 9619
2 27 7245
5 92 7822
7 2 7991
7 2 9048
3 33 9010
7 74 266
2 32 2641
1 85 9180
3 65 7170
2 32 8616
5 45 5587
10 20 4341
3 78 8297
7 13 2418
6 46 5463
6 42 5101
8 37 7812
4 50 5843
8 43 2775
4 42 2601
2 31 1058
3 87 5706
6 36 8152
9 12 4699
10 21 8972
1 76 8683
8 85 2979
10 15 6545
1 51 3288
5 75 1867
5 39 3799
7 89 9936
4 64 336
10 14 9002
2 95 5921
5 16 8383
5 10 8121
4 58 167
8 93 2755
4 13 1191
7 86 7774
5 58 2420
3 91 6527
10 50 6844
6 16 2522
10 29 7363
3 83 3116
4 42 2119
9 23 4970
6 56 107
10 90 3789
9 95 2123
5 81 6265
7 59 5240
6 69 2343
4 69 2520
3 84 2141
8 43 5891
3 70 5910
4 25 4255
4 40 4818
8 85 1926
2 99 6559
4 26 1514
1 97 9309
5 2 460
10 48 4701
6 55 5746
5 5 4088
5 52 1052
1 45 2077
7 89 5884
10 96 8342
2 57 6575
4 93 3195
2 39 2320
8 1 1637
6 59 6986
1 50 2147
5 72 9054
4 25 915
7 81 9276
8 63 5100
2 11 148
3 33 2545
1 48 2862
3 11 2999
6 20 8657
3 89 1635
7 63 2708
10 25 2601
6 23 8021
9 40 477
8 65 9411
10 33 9051
4 21 8506
1 23 229
7 41 6491
6 34 1050
8 10 9841
8 83 9207
3 25 8730
8 86 5940
5 21 7460
6 5 6147
10 48 7023
8 99 420
8 17 4198
6 82 3207
4 35 2572
3 40 3095
1 99 5171
4 99 2631
10 69 8183
9 52 1564
8 98 2057
10 72 8840
4 66 8758
5 87 1888
2 53 3208
4 20 458
3 35 8589
6 98 9527
6 70 4145
2 80 8450
6 32 2769
5 46 3200
3 20 3013
6 45 6691
7 30 4105
5 42 2000
9 19 5655
2 53 9240
3 96 7340
10 27 8297
2 83 4643
3 1 1389
4 35 1062
1 77 3357
8 59 4018
3 9 2623
9 36 8485
8 79 5467
7 85 2408
5 74 9673
4 82 7391
7 97 4279
3 85 9090
7 63 5108
2 91 2393
10 21 9638
1 47 7575
2 28 8948
1 66 6510
3 38 2585
4 6 1409
4 63 2224
6 26 754
4 85 2373
8 26 805
2 26 6393
9 75 955
8 93 734
8 79 144
8 74 2865
1 18 1742
6 8 4644
6 93 8888
6 47 9982
10 1 8598
10 95 6790
4 65 1002
8 72 1125
7 73 6257
2 73 3237
6 26 6828
6 4 2971
5 30 6409
10 79 5032
6 38 8762
3 54 3643
7 70 1512
5 51 2985
4 51 318
3 27 4977
7 72 1099
6 67 3110
2 69 1818
8 62 2343
3 33 3076
8 41 8935
2 70 8938
8 66 3203
5 95 8533
2 4 2141
2 78 6867
5 74 4008
5 90 8651
9 17 3882
7 2 6649
1 38 7658
3 78 3679
4 57 3223
5 47 2156
9 46 6555
4 75 4311
1 97 757
7 14 7863
5 30 7025
1 82 504
10 79 5928
5 25 678
3 50 4911
4 42 998
6 63 6002
2 59 9054
1 1 8569
10 58 9040
4 32 147
4 32 5852
5 64 1949
4 57 7124
3 69 8300
7 31 9428
8 89 2894
7 37 1178
7 86 956
5 77 7846
4 100 6446
5 73 8936
5 46 585
7 84 9544
8 75 8831
3 62 8341
2 80 2331
7 70 865
4 63 2748
4 9 7741
6 59 5484
6 69 6070
7 46 2937
7 30 3987
7 57 8159
7 39 6559
2 69 8620
6 80 1576
9 80 9988
2 28 4349
7 19 4667
10 65 9844
4 50 1383
3 39 9830
1 48 2751
7 82 7493
8 84 4901
3 41 4307
1 83 7708
10 20 1680
7 13 2647
7 43 8454
1 42 1487
3 11 5595
1 74 7225
9 12 6320
3 69 8226
6 57 123
5 51 8985
2 49 6585
2 90 7297
6 73 5161
6 33 2217
5 26 6838
1 28 3076
5 95 3188
10 30 8801
6 18 6302
10 69 9860
10 34 3299
5 78 9907
6 27 8651
7 38 2346
6 61 9271
4 99 1414
5 53 4685
7 59 9064
7 42 7471
9 93 9616
4 11 9344
6 61 3761
1 40 1151
2 33 5202
6 56 8982
6 98 5426
4 4 7226
9 49 7871
2 37 3270
1 83 6065
3 55 1681
7 68 6337
9 34 5055
5 27 4362
5 52 8743
7 4 7866
3 5 49
7 94 9850
8 47 3403
7 37 8777
10 74 8023
1 7 4988
9 83 8423
8 73 6090
9 65 8250
10 13 8753
10 79 7415
7 4 6892
6 14 7781
4 50 7150
5 28 8379
8 19 2793
3 60 5200
1 30 1635
6 8 1841
7 66 595
2 32 3907
3 2 4426
8 79 4599
9 75 3346
5 31 6264
8 50 5923
1 23 7110
8 81 2593
8 86 2720
10 49 230
5 96 5278
6 28 9054
9 44 815
10 90 1283
4 97 7056
4 32 4513
8 69 168
10 15 2191
3 29 8031
1 50 4573
10 18 9227
5 39 8038
9 93 2799
5 48 8411
4 12 5228
9 88 5236
3 84 9662
5 9 264
4 84 9882
10 51 4695
6 69 5557
5 99 6390
10 98 1284
5 97 1106
1 30 4348
1 72 3838
5 35 1467
3 93 1296
4 37 4860
2 7 6745
6 23 6148
3 60 4220
5 86 1768
10 72 1163
2 20 7473
3 73 2844
6 54 8094
3 98 8448
7 49 5758
10 47 6410
1 78 958
10 59 1191
5 56 3017
5 36 1752
9 9 4651
2 2 667
8 95 2007
3 82 9024
2 85 9578
2 42 261
10 91 1280
2 35 1179
10 73 9445
10 83 6233
2 66 7854
5 85 419
7 57 3132
7 14 9946
5 7 5638
7 95 481
7 26 4390
1 29 489
2 22 6683
3 86 9737
5 1 5275
5 22 9843
1 28 4448
1 41 2029
10 37 855
8 47 9384
3 93 3763
10 17 7748
8 85 622
2 73 7394
7 84 8478
2 83 1997
8 70 2401
3 18 4120
7 79 1225
6 65 3230
8 87 9075
2 46 7558
9 69 6399
9 36 3053
5 66 9561
1 34 293
8 15 2715
7 99 65
2 54 9037
2 91 9765
3 63 794
6 61 2761
3 53 8451
8 92 6833
1 87 741
5 91 6895
8 53 6577
8 9 8041
5 41 2503
5 90 8235
6 38 3807
6 33 7708
6 39 8593
7 57 2653
10 3 7830
1 74 8767
4 86 1120
5 31 2821
4 16 4478
3 86 1565
4 39 6055
1 98 6968
8 17 2537
2 88 5062
2 54 8894
6 88 4839
1 66 4894
1 44 6041
5 2 8693
10 64 6284
2 22 2403
8 19 5500
8 15 294
4 48 666
2 57 186
5 91 4541
2 41 4135
3 8 1887
4 90 1815
2 55 5140
9 89 914
2 44 6717
2 86 6276
1 79 7971
5 89 2449
2 50 7508
4 98 3406
3 76 1827
4 76 7640
2 26 5518
3 37 8854
1 14 43
9 5 6283
2 33 9632
2 60 8718
8 85 1275
8 1 6778
1 55 7421
7 84 6087
4 10 6187
1 39 9824
4 95 9439
6 94 2692
2 10 1792
6 51 5499
7 75 5069
6 9 6892
10 6 532
7 7 9764
10 44 8224
1 38 4308
3 14 9969
9 70 8935
3 33 2865
9 30 9274
2 100 1149
5 4 3901
10 92 5787
7 58 2963
7 8 3361
2 55 4545
4 4 2520
8 69 7957
5 47 9297
8 33 9043
1 6 3995
2 91 5829
9 17 6802
8 21 2682
3 23 8897
1 72 2132
8 67 6669
1 87 4611
2 92 3276
10 92 349
9 25 3379
4 22 1286
2 32 3693
8 34 1256
3 59 3980
2 65 568
10 40 1098
1 94 3591
9 10 4510
2 75 17
6 22 7795
10 13 9981
7 50 145
3 37 8127
5 61 4294
5 29 849
5 20 471
8 11 8642
9 57 862
3 78 6829
3 18 5482
1 2 2550
5 78 1029
2 74 1945
8 73 9912
5 91 7367
2 77 261
4 55 3621
9 30 856
6 96 3631
9 20 4914
10 30 1983
3 60 4854
8 50 9247
5 33 5806
9 20 4735
8 16 5551
1 98 4947
9 50 1015
8 87 2331
4 54 6843
7 5 8321
7 83 6377
10 89 6745
9 55 208
2 24 9924
10 74 3665
3 16 4366
1 42 3322
3 32 5808
4 12 323
1 82 5360
4 60 1300
3 69 4725
1 70 6767
8 88 6136
4 87 57
7 28 9606
1 61 3831
6 25 5293
1 41 867
7 29 1890
2 31 4506
7 58 9581
9 12 6140
2 20 5248
10 66 86
5 52 7141
8 97 7639
5 68 7342
5 19 8206
3 49 2294
3 49 2510
9 6 6895
2 82 2023
9 99 2307
10 97 8526
9 9 273
6 63 305
7 47 9752
1 19 4608
4 70 8379
6 44 3348
4 29 4919
3 50 2781
6 22 3459
6 76 6534
5 45 3620
7 57 3735
4 20 2757
4 78 2877
2 21 7020
5 14 9925
1 4 6062
5 1 8049
1 55 1476
3 36 3858
4 54 3851
8 54 6376
7 73 6330
7 76 7373
5 75 759
10 86 699
10 83 6943
10 88 2962
9 53 1740
5 55 5392
8 76 3629
10 6 7104
2 62 6411
2 45 1940
1 93 3513
8 94 282
3 63 487
4 73 7398
3 57 4193
6 75 5965
9 93 3409
5 92 3538
10 84 3113
5 71 5356
1 91 7054
8 39 449
5 84 493
1 26 480
7 99 1794
10 74 4626
4 99 8935
1 38 7754
2 39 6169
4 17 3415
7 32 5710
10 68 1996
7 13 4693
3 42 2130
2 95 8497
1 90 2970
6 24 4789
7 38 9609
4 23 2985
8 73 9826
1 17 7311
9 52 5270
9 59 8230
7 6 5115
2 36 488
8 42 7162
6 96 8793
4 70 3561
1 56 3542
6 22 6070
2 75 449
2 10 100
7 25 6202
9 22 1241
3 64 7601
10 77 3028
7 39 4058
3 8 2524
7 9 8023
5 64 557
10 16 9632
4 87 6663
1 33 9684
9 40 3648
1 29 4786
4 95 7927
7 85 8993
7 66 4883
1 69 5344
3 27 7711
4 70 4485
4 27 2779
8 53 1958
1 75 1159
2 12 518
3 99 1873
8 18 9206
10 100 5598
4 8 3278
3 94 696
10 31 8705
3 92 6187
2 21 3734
1 15 1970
1 29 8654
5 98 7026
1 32 3252
2 94 3284
7 26 7890
5 52 427
4 3 8619
7 12 5466
4 94 1490
6 13 2584
2 2 1507
9 93 2505
3 53 7760
1 1 4777
8 78 3438
10 28 5312
10 19 9019
3 43 5840
5 75 7483
10 40 3693
10 57 9019
5 45 8443
4 45 5090
9 74 5737
10 28 1431
2 87 3334
4 40 2480
2 59 423
5 61 4891
9 67 8307
2 20 9368
6 3 6479
5 58 4744
3 88 4656
9 63 6221
8 7 230
6 10 3771
10 20 8950
10 23 8514
9 73 519
1 54 7969
9 90 9412
5 60 9180
2 87 1239
1 91 9166
1 51 48
6 43 7969
2 12 1183
9 24 9960
1 6 7499
1 12 2451
7 57 2391
8 44 598
5 52 1987
8 3 3193
5 50 7026
10 17 4058
7 68 4900
3 64 3811
3 60 9765
2 15 6594
4 95 8968
8 91 3791
4 74 4943
6 74 4882
2 41 8306
9 6 8226
6 29 4194
1 93 7299
4 75 8564
3 89 6456
10 17 400
8 93 8431
6 71 4090
1 97 2528
9 30 8742
7 19 5188
1 41 5234
2 46 3362
7 82 8464
8 10 481
4 18 4310
7 2 3711
2 46 4596
1 82 7992
5 72 5936
3 13 7378
10 99 4818
2 27 3759
3 15 2701
9 25 841
9 79 3475
4 7 1845
9 51 1477
4 13 5811
4 77 2972
8 42 9525
9 30 923
1 57 3598
5 15 7603
3 60 7126
8 11 5543
8 86 7518
10 86 6839
6 53 9808
10 70 6050
7 12 9754
9 18 6858
8 48 596
1 87 7358
10 22 4887
6 61 4337
8 85 123
7 87 8275
5 65 4625
6 61 1134
1 87 2349
2 84 3055
1 52 9804
3 18 1681
3 66 8563
6 37 7272
9 16 3718
4 91 7710
9 17 9326
9 97 2625
3 97 4018
9 89 8683
9 4 8126
8 95 2430
2 82 9683
10 46 7935
5 17 4932
3 18 8134
8 41 3788
7 52 3272
5 38 5387
2 10 9153
3 76 230
5 40 9427
4 28 3395
6 10 9667
5 11 2665
4 6 7631
4 32 8413
3 55 4098
8 35 8082
3 1 800
2 24 9143
7 36 3817
8 13 2429
7 11 9404
6 34 6963
7 10 3863
6 65 6872
4 62 9091
10 3 9518
1 46 276
6 39 7571
9 51 3937
8 46 2560
7 55 8362
10 24 1
6 39 8503
4 78 2959
8 92 980
6 38 586
6 59 3002
2 80 9734
10 49 8450
8 31 4465
5 46 1121
8 76 9160
1 84 3352
4 26 6551
1 98 4476
8 30 5208
1 94 8294
2 34 1052
10 24 2288
1 53 1232
6 59 756
1 78 283
10 21 5703
9 6 4181
9 13 4491
6 66 8050
3 25 2737
8 43 1737
5 25 4591
9 62 3561
1 27 4019
7 2 3198
5 23 506
5 99 946
4 62 9973
3 47 8940
2 92 7351
8 44 6563
10 80 8274
9 80 5695
5 44 5056
9 94 3206
2 45 5209
3 96 7339
6 78 9948
3 29 2331
9 3 763
8 99 4157
6 6 5189
10 92 6465
2 91 5653
10 50 6649
9 55 3792
9 26 3189
6 27 7244
7 55 1614
6 24 4810
8 47 8057
3 31 9118
1 69 4148
4 96 822
7 31 2767
1 42 2254
3 3 6527
6 25 4459
8 87 6379
3 4 1975
6 11 6247
4 59 9298
6 87 6901
1 78 3567
1 8 3789
5 69 4755
9 85 808
10 8 8584
8 22 207
2 40 1739
4 58 8619
7 88 5676
3 17 4209
8 52 4766
10 67 7640
4 70 884
6 22 9118
6 23 2034
2 11 5251
7 47 3293
3 52 7546
5 4 248
10 71 329
5 43 9996
6 25 9540
6 25 2078
8 5 7675
7 50 9784
8 41 933
7 63 8370
6 17 9421
9 32 3575
8 61 8919
10 66 7408
3 21 6445
5 18 571
7 92 9813
1 99 8305
6 26 345
5 59 4758
8 3 1379
8 48 3673
6 74 6866
10 88 444
8 27 6099
1 42 3353
10 80 8579
4 41 2526
4 60 8956
7 29 1355
9 76 6961
8 86 9136
8 84 9780
4 67 6422
9 58 7124
1 14 7530
7 1 673
4 1 8944
7 3 3542
8 1 2491
3 100 8639
2 73 3625
7 73 2603
8 49 60
3 89 3509
10 47 9345
5 68 1268
10 90 2671
10 56 2564
7 31 3143
8 91 2107
8 16 7518
4 25 2226
8 44 1309
5 49 7123
4 26 1566
4 54 1693
8 23 8675
3 20 7134
10 44 984
9 62 6382
6 21 76
7 83 888
1 84 3853
2 97 1968
9 31 5144
9 97 2148
6 88 9272
5 87 8109
4 10 2165
10 51 4354
3 100 4739
1 97 8233
4 51 5849
4 11 2815
3 12 3759
3 87 2226
4 18 5184
7 89 2973
6 50 5116
10 90 5547
4 76 2284
2 50 503
10 26 8788
10 20 2662
3 79 1053
2 85 4607
7 47 5579
1 4 388
2 81 2043
4 69 7057
2 38 524
2 46 1159
10 39 5655
5 52 7910
2 33 5488
3 72 5469
9 28 8764
5 35 2105
7 25 1018
10 49 5366
3 13 2492
7 59 6190
10 41 4716
4 15 5151
5 34 7102
3 67 5350
9 56 9653
6 78 8457
8 32 8291
5 26 4752
7 30 8486
7 66 9565
4 50 9948
7 86 9876
5 34 6089
6 47 817
6 70 5966
9 89 8207
4 22 2267
4 56 4604
4 91 9647
9 98 1670
2 35 4627
6 91 9588
1 84 4181
10 64 4539
1 10 2767
3 71 738
3 76 6250
4 25 8385
9 71 3908
1 16 9790
4 33 4583
5 16 4205
8 59 7060
8 15 671
6 58 5699
6 15 2683
6 50 1406
9 97 3606
4 20 7207
2 77 2544
1 41 6257
9 1 7371
4 92 6428
1 67 8456
6 17 3391
9 21 2391
6 53 1800
5 95 1547
2 51 8343
9 76 8239
10 79 2169
4 22 7478
4 80 1415
3 23 5165
6 83 4971
1 60 7673
8 47 8590
10 51 7137
6 67 5703
5 14 6057
7 91 4390
9 25 6921
1 38 1178
3 81 9751
6 29 6150
6 61 7802
9 20 4335
1 31 5973
5 55 9083
4 52 307
1 31 6740
4 8 7159
1 23 9877
2 93 9850
4 54 9409
2 31 7439
4 68 7459
8 41 244
9 49 4437
6 38 5360
1 60 8687
9 82 3893
3 14 9666
2 14 7550
1 39 2414
10 87 5263
5 61 7712
5 88 3880
5 85 7062
3 31 1807
6 27 3940
1 34 8520
8 72 4905
9 86 8031
3 95 1692
7 30 5037
5 44 5680
9 94 8715
2 86 7406
10 100 3673
8 38 1105
6 92 6066
9 26 717
10 4 2086
2 21 4375
1 23 5698
10 63 9237
4 75 8703
3 59 5010
7 14 9400
5 62 5915
2 54 5643
5 55 1206
1 47 332
8 86 4331
2 33 1511
5 93 5435
6 24 484
2 59 6225
7 39 2732
2 99 6428
9 68 1734
4 34 3753
6 47 2571
7 93 3877
4 76 4994
8 4 7073
1 38 3174
4 80 4195
4 14 210
7 75 5253
2 61 6068
6 12 4736
1 72 1172
6 60 4828
9 97 3641
6 66 7535
4 33 1808
1 18 1423
6 72 8751
1 52 1945
5 66 6588
1 92 9958
3 24 3389
3 80 174
7 68 6048
7 62 374
2 67 471
7 63 1337
7 34 2078
6 66 3981
8 67 2395
10 86 9033
7 22 2811
8 37 4364
10 85 294
8 43 2915
8 30 5218
4 9 3026
10 1 660
9 45 3875
8 3 9204
5 26 3717
2 47 1285
10 25 4286
7 92 67
8 51 6729
6 10 9502
4 25 9809
7 5 5760
2 55 8826
10 84 8752
1 95 9722
10 44 8123
4 11 7665
2 62 4803
7 82 3146
8 22 299
5 46 7735
4 12 1613
6 52 6226
7 64 9885
9 22 9204
5 55 4892
2 83 4154
6 66 2933
4 72 3265
8 63 3039
4 67 7933
2 6 1402
1 95 9117
1 17 3054
9 22 7330
3 74 9189
3 30 2255
4 40 1033
6 69 9228
6 49 1510
1 87 5967
1 65 2754
10 15 9907
2 9 9078
8 57 175
4 82 346
7 39 7393
9 7 1699
4 32 1923
8 84 435
7 46 6488
3 78 6793
3 52 5739
5 81 943
9 99 5671
1 51 6216
3 98 5072
6 45 8940
6 39 3815
8 90 5664
5 5 6321
6 69 1651
10 21 9887
2 58 1420
1 33 6344
8 87 3735
5 71 6613
7 21 2578
9 48 8914
10 4 1338
4 51 9558
2 68 3198
3 35 8476
9 38 1903
9 83 9413
2 28 6492
1 96 8054
10 91 2035
8 71 5077
8 71 4732
6 65 649
7 40 6567
5 92 8576
2 24 1267
5 91 7810
5 91 2792
6 97 8632
6 14 1893
6 50 716
1 80 2893
5 30 5763
4 34 2910
3 45 6989
4 54 9693
6 55 4618
7 9 7072
3 35 9403
2 71 9890
2 36 4646
1 23 3303
1 7 5010
10 98 5404
4 85 5156
9 25 2488
3 36 6459
6 77 1230
8 12 8441
2 62 6369
5 81 7375
10 45 7471
8 32 5398
10 80 9128
1 41 2059
2 54 9406
10 23 7283
2 24 2255
10 80 5468
2 10 1902
4 84 8478
2 15 9446
6 18 5930
10 67 888
3 13 8523
2 67 239
9 55 3261
8 80 6883
2 76 209
3 76 1324
5 90 6734
7 16 7620
10 60 3397
3 40 1604
3 15 245
8 12 4697
10 74 1866
4 63 874
6 1 1535
5 61 8905
10 32 1531
3 37 7342
5 98 973
4 16 1803
1 79 7728
1 61 3921
9 79 7312
3 29 1913
10 69 1114
8 74 9232
4 59 4615
8 20 1264
6 65 6780
8 52 3387
4 54 7328
6 58 8373
10 11 8072
1 90 8857
8 82 4006
5 59 1595
8 17 7547
6 24 6565
5 24 2169
3 16 4951
6 26 2776
3 6 2687
6 74 442
1 22 9650
5 8 4941
6 84 9777
2 79 9932
9 3 5132
2 46 8381
5 36 7893
7 93 8772
7 65 945
4 69 3001
3 55 7001
8 4 1047
1 10 3727
4 9 580
4 14 4652
4 33 7989
1 45 1388
6 97 7565
10 15 2241
9 83 7590
2 30 3596
4 71 7275
5 4 2326
3 13 2319
3 38 3476
9 60 8513
6 100 3829
4 57 1206
9 25 8455
2 61 2001
8 15 1426
10 73 3083
5 81 3909
10 6 9791
10 22 8444
4 56 4731
2 88 5604
7 53 382
2 30 5992
5 2 7967
9 85 1921
8 90 1578
9 54 7997
2 81 6868
6 15 7476
7 2 4109
6 49 9540
10 51 3340
7 83 9630
9 80 5824
3 57 9798
7 15 657
7 37 3771
4 28 4526
1 12 9382
10 41 8668
3 100 5340
1 68 120
9 32 1536
8 50 9824
9 58 6578
5 17 8434
2 60 5405
1 76 9231
5 11 1394
7 81 3654
3 98 5687
6 51 6432
8 16 9887
3 59 3898
9 75 9910
1 13 626
7 16 6517
5 79 2040
4 54 17
6 10 7234
2 38 3845
5 22 833
3 94 6815
1 61 6919
7 70 1359
1 92 7923
4 25 5031
8 35 7498
2 93 96
9 62 7273
3 31 8079
9 93 7755
6 48 4858
6 31 4201
9 39 9183
4 97 4279
10 4 4062
10 84 9348
2 83 6335
1 95 7193
4 28 8992
8 4 5654
5 5 219
6 20 5744
9 16 5181
2 72 2253
4 51 1733
7 87 9215
10 54 9794
4 63 9030
8 80 3745
3 12 673
2 26 3930
8 69 7687
1 32 2196
2 46 5827
5 32 6488
8 6 9551
8 84 449
7 54 2970
1 40 5374
3 19 463
8 66 7223
6 49 9986
3 26 1796
6 41 7507
8 80 6060
3 84 6939
6 27 8613
2 38 8191
1 69 7682
1 71 5299
7 3 4667
8 88 4488
3 83 9086
6 83 8864
8 20 700
9 52 4523
1 58 1576
10 56 4413
9 67 4378
4 47 693
10 68 364
7 92 9471
3 93 4116
8 7 2407
1 19 1112
1 21 4292
7 36 1633
3 44 5639
4 84 777
2 4 7183
1 19 4860
10 35 8757
4 19 2097
5 75 8016
4 40 8415
3 18 123
5 40 4361
8 9 1645
7 88 795
5 26 9072
6 54 4600
8 56 2371
9 64 2375
6 91 4921
10 81 6088
7 54 3212
10 4 696
3 51 7357
7 59 3252
10 58 4411
2 26 8818
4 29 1689
6 6 3856
6 41 9351
8 36 4547
7 40 3994
7 32 9212
5 50 1912
2 73 6430
6 64 7001
4 69 9644
2 32 5664
5 97 6632
7 14 2265
2 2 3121
9 60 3034
9 42 6400
1 57 4172
6 25 5016
6 99 340
5 79 6091
10 10 3983
5 49 6554
3 74 8748
10 77 7853
9 70 5828
10 28 2885
10 64 6992
6 86 1833
6 32 5112
5 99 4629
6 58 3396
2 11 1511
2 52 4416
7 20 427
1 75 200
9 82 7640
9 9 8423
7 20 6416
1 17 2207
2 33 9890
2 34 990
10 16 4803
4 48 6966
10 49 1065
8 57 263
6 60 7116
10 39 3014
5 78 5604
5 36 6762
2 70 6154
8 18 7211
9 75 6416
7 38 1785
6 81 2039
6 71 1315
7 35 2408
5 75 1896
4 81 8282
2 30 1413
4 23 1553
4 67 6441
4 21 2101
6 97 120
1 47 809
6 50 6659
1 68 2672
9 40 2461
1 25 8411
6 63 6162
1 61 6079
1 29 5329
5 76 8440
5 32 9603
3 8 3186
5 21 3514
5 45 2092
7 96 6854
6 97 7431
10 45 1853
7 36 333
7 48 17
5 51 30
2 56 7547
7 56 6267
2 65 8317
3 12 2728
4 66 7573
10 52 1490
10 88 769
7 16 1094
4 78 669
10 28 8503
2 65 6412
4 76 5158
2 33 6762
3 84 504
2 90 6509
1 88 7670
7 24 736
6 51 867
1 75 805
5 95 7588
9 28 5471
1 19 2937
2 57 6042
7 91 1556
10 77 2011
9 50 6191
3 60 1743
9 26 9711
6 93 9520
1 47 7798
4 22 8716
2 81 4909
6 40 1567
4 62 2528
7 2 9583
10 50 109
5 5 8950
5 15 3368
7 66 4654
10 16 6963
3 61 9955
7 46 4510
6 35 2707
10 64 1467
9 3 3941
6 32 6009
1 5 8628
4 68 9289
1 5 3843
3 39 4789
5 63 8526
2 46 2071
10 35 5118
6 93 1926
1 69 865
8 22 5014
9 98 2625
3 16 5395
8 25 2699
1 100 2134
5 62 2786
9 63 8449
7 90 6320
8 8 4114
7 90 1409
3 74 7230
9 9 104
5 48 1023
10 53 9888
8 16 3270
6 76 4482
10 3 5536
8 56 6982
8 23 5633
4 3 3000
7 33 4865
3 47 4971
5 92 2465
1 57 9073
8 87 5466
6 61 1164
7 62 1350
2 89 3254
10 58 3709
8 86 3591
6 4 9848
6 32 9223
6 63 8059
10 56 4205
3 62 6199
7 26 9403
1 46 2536
2 30 2855
8 12 3487
4 67 6998
2 81 9929
2 25 3444
1 68 1290
1 54 4731
5 36 9627
3 10 4376
4 9 3225
1 68 6869
10 75 666
8 22 2390
10 5 6718
3 38 3780
8 86 1558
2 79 4559
7 95 500
5 83 676
1 57 909
9 90 5092
6 75 8983
10 26 950
3 43 4027
1 16 5180
1 37 7066
2 94 5926
6 52 653
9 15 8956
3 72 26
2 23 6266
6 5 5861
7 14 9561
8 72 262
10 86 5865
6 30 7967
3 6 1680
5 21 2097
5 90 5956
10 11 6862
7 13 505
8 97 5245
9 60 7776
9 80 3881
2 85 4966
6 20 3590
4 65 2243
9 18 5411
4 60 9871
2 56 5394
3 100 5415
10 100 8128
9 9 2353
3 70 6009
3 93 1166
1 48 2306
1 31 8912
4 54 2911
7 31 3863
9 69 5808
1 41 2401
2 44 7994
4 31 6382
6 51 5271
8 65 4390
5 96 3344
1 75 4278
10 11 5856
2 27 1221
7 95 953
2 88 3447
4 9 4077
7 92 3295
10 57 6597
2 93 9914
10 30 7071
6 57 5207
5 37 6040
7 48 9335
1 84 2848
2 18 6163
10 53 6761
5 19 207
10 47 3753
10 42 7383
9 1 516
4 6 9587
6 84 6200
9 54 1307
5 25 6642
7 87 2464
8 50 9200
8 61 2943
2 28 5586
7 5 238
7 95 2803
2 48 2911
4 91 6375
1 33 7255
6 68 5724
7 62 4618
6 48 7410
2 12 3637
10 14 8786
7 19 5074
8 86 1907
5 26 6151
1 6 9771
7 16 2278
6 81 2103
6 77 4284
1 39 893
6 33 1005
3 22 6048
2 72 3370
8 52 7818
7 5 3058
6 10 9133
9 91 1932
5 87 2385
3 23 193
2 47 7978
5 12 6063
7 65 3298
8 46 2683
7 100 8297
4 67 2781
5 54 3649
10 84 9911
7 56 6077
2 57 9053
4 75 4117
4 55 7249
3 45 9136
3 42 6002
4 20 1514
1 87 9176
3 93 2886
7 43 1968
6 25 5716
10 17 2979
10 10 2994
8 19 3897
1 93 3687
1 48 5164
10 92 7724
7 7 1494
5 93 3647
3 53 5211
8 10 8354
6 63 9929
6 35 9164
3 3 7580
9 4 4363
8 86 6457
6 12 6258
6 50 566
3 9 307
6 36 2851
7 48 4199
4 48 7049
6 50 7996
5 67 7838
4 52 7912
8 65 9390
7 87 8423
7 20 4913
5 22 7260
10 43 331
9 46 5703
5 75 9803
8 73 1703
8 59 6227
9 73 4880
8 67 6022
2 88 7140
4 2 109
5 28 8722
9 85 296
10 67 5235
7 25 7766
2 86 1248
1 11 8341
8 92 9252
3 88 5257
6 98 8680
9 26 2728
10 48 447
9 97 6810
6 22 9196
3 65 750
7 25 2102
4 93 9152
2 53 3706
10 72 8558
4 53 4720
2 50 7290
5 72 9682
4 33 4720
5 21 5988
8 3 685
3 73 253
3 1 2808
1 35 3311
4 92 7942
2 14 2897
10 95 7097
4 75 4204
5 55 4710
9 94 982
4 84 6455
4 83 3713
10 85 9129
5 1 7955
3 38 4195
1 73 9689
4 31 7408
3 34 1130
8 15 3270
8 25 4356
2 82 7628
3 44 4003
4 61 4947
1 49 1809
6 51 3438
2 12 6136
7 38 1619
8 60 1525
3 18 4523
1 70 6831
7 35 1257
2 80 1449
2 99 6330
7 18 4772
7 37 8900
6 96 8265
10 1 7276
5 58 497
5 7 3238
6 89 3669
3 75 4409
9 54 445
6 39 1796
10 11 3507
4 21 4939
4 80 9841
6 40 2420
2 46 461
2 61 8719
4 2 130
10 33 9983
8 98 8622
2 12 1779
9 18 8349
3 87 7488
5 53 7894
6 84 812
9 68 8255
1 65 7333
8 8 7936
9 100 2155
2 20 2865
7 43 7244
3 47 4590
2 30 5253
6 68 4948
7 74 9467
4 74 9608
8 96 9900
7 89 1555
6 50 9266
6 50 4560
3 15 6735
2 19 325
5 42 8460
4 80 4676
5 95 7844
4 28 2147
8 92 3266
4 37 4017
8 18 8614
2 81 8928
5 45 2057
2 72 6946
1 91 6698
4 91 7140
5 8 7783
3 24 2720
7 78 1241
10 39 6135
5 55 5508
8 19 1750
5 13 8472
6 8 4716
8 30 3606
9 29 2574
5 12 9582
3 23 4407
8 69 4942
3 63 2318
7 4 4953
6 12 4370
1 71 764
8 45 1874
2 21 4577
5 82 5727
10 37 949
5 41 4091
6 86 7301
4 11 1654
3 31 346
3 28 9798
3 47 3530
7 81 3470
8 39 475
9 9 4810
10 39 27
6 20 3716
1 27 8185
10 65 9690
3 97 535
4 57 3031
2 9 924
1 82 1395
8 45 3106
8 19 2536
8 74 7876
9 41 2985
7 84 3101
3 57 8201
7 89 1202
6 81 8441
10 61 9458
10 78 2684
7 47 3887
6 60 140
7 82 2945
1 59 2130
5 80 940
8 69 4393
4 9 519
2 21 9380
1 41 4960
10 3 8859
6 6 2964
6 54 3511
10 43 8355
3 97 9646
3 4 804
1 83 8360
8 82 6933
1 92 4804
8 17 9731
8 71 2923
4 92 717
8 30 8516
9 49 7312
10 8 9380
5 90 6752
10 15 6092
7 2 5599
9 68 6806
4 29 211
3 16 4901
6 83 7047
2 20 2566
8 71 9738
1 54 3750
8 43 933
6 22 1287
10 40 9233
8 34 590
9 50 7009
8 53 3640
1 64 7446
4 7 3069
8 14 5765
3 42 1502
4 73 5756
9 57 2540
2 80 5606
4 33 3268
7 79 9811
9 83 2464
1 23 7151
8 25 9470
2 7 9465
7 65 6544
6 66 8572
4 51 2357
7 28 4604
1 36 7135
7 98 5775
4 85 454
7 35 3721
9 96 4047
7 11 846
8 85 6956
10 75 940
5 20 2454
4 9 3257
8 23 7002
8 16 1426
10 21 2125
1 40 2043
7 92 2308
8 82 2401
1 53 7783
2 72 9466
1 65 2655
9 3 4921
9 5 3891
6 85 9399
9 44 81
6 73 6276
2 60 522
2 86 6336
8 49 6222
9 91 1449
4 19 2527
1 32 8203
7 86 7744
2 37 3690
1 94 9002
9 64 8082
3 90 4921
6 93 384
6 4 9872
1 8 2237
10 72 1111
10 72 9691
4 58 9894
8 44 1401
9 4 5202
3 19 4572
3 12 7900
4 65 498
5 91 1575
10 9 32
5 16 5786
9 82 6152
2 92 7024
2 11 3959
8 13 9620
6 66 6934
2 74 7738
3 9 402
2 34 7177
6 1 6149
10 57 5625
7 81 5702
8 64 5878
7 64 8076
4 12 3023
8 6 4168
2 92 6081
8 3 3274
9 91 7204
3 61 7620
7 67 802
8 50 9951
2 25 8341
5 65 2032
10 36 9659
6 18 862
9 35 2972
8 75 7081
2 49 7702
8 68 372
8 74 6753
1 49 8618
1 73 4319
5 82 1692
8 53 2532
8 65 7075
6 24 6887
10 93 8670
1 74 7989
7 97 5273
4 38 2148
7 4 4473
10 20 6514
10 27 857
1 51 2716
4 48 4652
7 54 7797
10 39 1087
5 89 6537
7 15 7342
7 81 6372
8 85 7192
1 9 9464
8 30 7460
10 10 9926
4 95 7005
9 12 7510
3 26 9078
1 63 6806
7 21 7426
1 63 1520
5 63 9095
9 51 1075
2 65 6390
1 56 5082
10 84 8164
9 64 810
7 95 65
6 71 8356
1 38 6471
10 76 9290
8 28 9894
1 34 9691
8 49 7517
1 72 4590
3 12 6360
4 69 7806
6 38 6287
8 18 7935
5 30 7160
9 72 6080
5 6 845
9 100 5289
5 34 4595
4 76 1996
7 91 3451
6 32 124
8 11 6130
5 39 9736
4 13 3138
9 25 1419
8 3 8401
5 5 5683
5 74 857
5 61 1532
3 97 8842
6 82 1944
1 14 5749
4 32 8588
10 7 1653
6 36 2587
1 72 9000
1 83 7827
6 25 1410
10 11 5879
9 53 4854
6 55 7636
9 26 3750
1 97 6042
1 1 1531
2 73 3510
2 24 5243
9 81 5749
10 25 8671
5 23 9543
7 11 7598
1 60 4018
10 55 7922
1 25 453
2 43 5425
7 79 9258
1 49 7173
7 26 3162
7 40 9569
10 16 7598
10 53 8890
7 22 5710
4 38 181
6 49 8875
6 64 276
2 11 93
1 56 9674
1 15 3733
5 10 9884
9 45 1933
6 3 5736
7 6 2141
3 9 1752
9 10 6577
9 39 2630
2 89 4301
2 81 475
10 47 9410
3 17 5275
6 44 8980
1 33 4199
3 24 63
3 53 6257
2 74 6196
10 51 7708
4 2 4045
2 13 7083
1 46 9218
9 22 2458
5 43 7753
4 38 2605
10 85 540
1 94 2343
8 73 2290
6 68 7939
5 89 3528
2 77 6221
4 77 2062
4 11 865
10 99 919
7 75 7150
6 43 6514
6 9 2831
4 21 7019
10 59 1512
7 56 8324
5 67 9594
2 74 3128
9 89 4216
10 65 9341
6 45 7840
4 25 7387
3 23 1899
2 55 3990
6 1 1599
5 44 4499
9 78 6558
6 71 5671
2 50 7441
3 53 2576
9 96 2260
4 3 7141
8 97 2739
7 35 4844
1 56 6275
1 99 2199
1 7 3786
6 99 5193
4 54 368
4 1 6745
9 16 9901
8 37 672
8 79 5868
8 53 6540
6 63 4718
6 16 6853
3 37 5906
5 34 8298
2 86 6811
4 41 8926
7 30 9422
5 84 8501
7 17 276
1 66 1959
5 32 9792
6 73 1277
6 65 3392
4 39 5229
5 32 1799
6 93 7850
5 35 7382
1 96 302
7 43 1741
1 86 7678
6 43 7128
5 100 9982
4 24 1632
1 78 7662
5 26 1700
10 83 872
9 31 5086
3 19 6466
1 59 1101
1 57 8820
1 32 5868
4 20 8931
5 42 793
3 83 5195
4 27 3900
7 3 1302
3 45 2256
8 78 533
6 70 2064
5 79 5491
7 2 1901
4 16 1136
2 50 1207
5 8 4779
8 76 5591
9 83 816
5 68 8719
5 75 3661
10 7 3249
3 47 3525
2 58 3691
4 19 9401
9 3 4663
8 36 2198
8 12 7785
5 57 5093
7 34 234
2 83 9375
1 83 8912
8 11 9908
9 24 2219
6 39 3611
8 49 4418
3 21 8766
6 66 8266
7 43 9928
4 94 8094
9 15 3172
7 73 2753
8 83 4072
5 77 3332
1 51 6529
10 69 6756
3 75 415
2 79 1619
7 88 4363
1 64 3106
3 53 568
6 69 5864
9 45 889
2 66 3183
2 74 2757
3 74 6681
4 78 2531
9 26 5653
3 64 1741
3 22 8474
10 28 410
10 77 5650
6 23 1108
3 92 8110
8 82 5041
6 21 1997
5 3 6606
6 29 5109
9 20 9874
2 74 6606
4 25 2077
4 4 1913
10 93 7096
6 91 4606
4 99 2308
7 27 4884
2 90 4483
8 64 8957
4 21 3658
6 48 2647
6 100 9890
6 41 336
1 100 5132
3 8 1402
3 44 3045
4 97 3576
7 63 8854
4 33 992
6 36 8083
10 80 4005
10 89 3732
1 31 4711
7 14 520
10 71 8123
2 24 3692
9 16 3937
8 72 7811
5 90 6950
7 67 5833
10 88 6132
6 98 5253
9 7 9752
8 72 501
1 34 6187
4 66 2562
3 100 6228
9 62 6382
5 56 7764
1 85 476
5 16 3288
5 68 4639
5 9 6699
6 34 5239
5 23 6746
7 28 5617
7 37 87
5 84 3008
6 17 3740
10 63 2687
10 75 4556
2 62 8998
4 26 1292
5 71 7545
10 21 5976
5 93 2882
4 24 1035
2 68 8974
7 7 7964
3 29 3250
6 20 4443
6 62 5659
1 16 7995
8 79 1676
2 98 4183
8 40 7427
8 45 1665
4 97 8654
5 37 5545
1 21 1532
9 70 6298
3 63 7342
5 10 5248
8 85 1496
2 36 8894
8 27 1793
9 34 8419
7 98 8133
2 23 2599
10 46 1466
2 20 6738
8 14 7024
5 18 4329
1 13 1191
9 56 1978
4 17 2649
5 9 9378
3 61 7770
4 4 5028
10 11 6729
3 66 407
4 62 2990
5 81 6008
5 41 7535
4 66 5492
7 39 9703
7 28 675
8 56 9199
7 85 6155
8 99 5731
9 98 1741
6 78 3821
5 70 2234
1 76 817
8 86 6977
5 14 2280
5 100 5738
9 4 1342
10 24 304
8 62 6596
3 51 5897
7 81 6692
6 3 3390
6 50 3664
5 48 4701
2 39 3952
3 18 1129
4 81 3793
9 21 5598
2 64 9239
1 76 6240
8 9 450
8 6 4612
8 94 1120
6 52 8028
7 26 7358
9 97 9411
3 92 9225
7 94 8926
8 32 3848
10 70 7981
10 58 2841
2 40 1199
10 28 4815
7 5 3576
2 68 1825
1 98 3725
3 70 9541
7 94 4974
2 10 4660
7 58 3490
7 19 7662
10 58 1911
2 76 6401
10 56 5200
7 64 8749
8 52 9834
4 47 4988
2 67 5419
10 77 3760
5 43 1220
10 15 4436
1 98 5020
3 53 3919
5 2 2135
1 25 9450
10 87 2145
3 56 806
9 93 7785
2 45 9650
3 82 7865
1 15 6786
2 67 441
2 48 2140
3 8 8514
1 92 220
7 55 3027
1 50 1996
6 9 6411
4 3 721
4 40 5404
6 61 3447
10 80 612
6 81 9280
8 68 5491
5 40 6768
7 54 268
1 85 6651
4 49 8033
1 24 8503
2 58 7145
5 9 3391
3 15 9558
4 15 6141
9 20 2339
4 39 5911
5 75 5569
3 29 9325
3 52 7847
2 96 6999
4 30 5178
10 43 5525
8 37 8939
6 9 1786
2 86 598
6 98 4908
9 67 5616
7 86 643
7 52 5024
1 30 895
6 70 513
1 15 449
1 18 9146
5 90 3919
7 94 5598
1 36 8367
3 27 4078
5 62 9460
1 76 8442
9 90 3201
3 72 8618
5 24 6702
7 58 462
4 67 7217
10 47 4966
4 1 9139
8 26 2841
6 23 9035
1 79 6673
6 12 1697
