10000 10000
5 72 676
10 40 3843
5 22 1685
8 1 2504
3 87 7152
8 9 8911
9 15 5918
3 51 1424
9 11 4469
7 59 8403
10 12 6735
2 38 8902
3 69 4853
8 51 1886
3 83 9393
5 8 4413
5 52 4646
8 5 4792
8 99 5335
6 80 9991
7 36 3922
1 66 9812
2 53 2604
3 100 1280
9 23 9914
2 14 7119
4 44 4366
4 22 3144
8 37 3129
2 50 7064
2 72 3003
2 30 2291
2 44 8516
8 34 2666
2 60 8577
1 24 9954
5 90 7672
3 43 2324
8 27 6334
9 6 2922
10 34 6418
10 91 3487
4 40 5282
2 95 8637
8 78 2857
2 97 4664
2 94 4315
8 64 413
5 67 7470
10 53 2894
4 84 2075
9 15 6303
4 3 4057
8 100 9310
2 6 4678
2 1 9543
1 77 8533
4 93 2208
1 45 2355
6 9 440
3 84 8410
1 7 3587
5 69 9877
9 55 5409
1 81 6837
9 46 3997
2 58 7124
6 86 7217
6 87 508
6 76 7833
8 35 7504
8 80 8638
3 43 3243
7 49 9253
7 35 7741
8 20 4159
1 81 8633
6 53 752
4 20 7763
5 67 3075
7 52 7372
7 17 4002
3 13 9138
7 88 2193
9 99 2580
9 98 7239
5 47 7110
4 44 8774
1 11 6118
10 49 107
7 4 718
1 31 5700
4 33 5484
3 7 2166
3 73 2020
4 68 5975
6 75 6684
10 97 2128
10 63 3086
1 42 9706
9 21 3459
3 87 7113
2 98 3005
10 40 6421
10 83 1304
10 28 2324
9 59 8300
9 26 1794
4 78 763
6 3 2578
3 99 2412
3 96 9700
8 50 6242
5 10 4650
2 68 4318
6 15 1354
7 29 8381
3 78 9264
6 56 1081
4 5 845
7 22 6298
10 55 6670
5 47 7871
8 45 775
7 77 3953
6 49 3451
9 14 4190
10 46 5891
2 88 2882
2 46 4724
9 99 521
3 93 3679
8 87 394
5 82 2840
7 22 8108
1 14 7642
6 83 1405
10 24 5574
9 34 519
9 52 6434
10 97 32
2 52 1375
3 24 4683
9 24 9288
7 92 1407
9 81 3426
2 27 276
6 27 4237
7 11 144
7 92 8162
6 63 1096
4 90 2957
2 81 461
10 53 7852
9 12 8852
9 97 6444
4 69 667
9 58 306
4 95 7120
10 70 7560
3 91 8477
10 36 5296
4 12 8958
4 37 4851
4 65 9698
4 95 2986
3 13 8820
1 10 9224
2 2 6485
5 52 1528
1 33 9538
3 72 3055
4 75 7790
6 45 1389
10 76 4282
3 57 7790
4 2 1563
6 49 5707
3 47 2849
6 71 8606
4 10 2852
6 99 7465
5 19 1810
2 67 8476
8 44 7867
4 30 4263
3 14 6450
4 22 5542
1 78 4450
4 7 8660
1 70 2802
8 24 8594
8 93 2624
6 95 9515
4 4 2102
3 82 2749
3 95 2554
6 95 7451
2 99 3145
3 80 5449
7 72 4646
7 96 699
1 52 5121
6 41 7763
4 39 7415
4 64 2893
6 65 6964
6 100 8424
8 17 3546
10 73 4976
5 74 6197
1 84 976
1 32 2338
8 47 2953
3 88 3351
7 39 8832
8 55 6137
7 15 186
9 12 8187
7 95 6152
1 97 2033
8 30 1713
10 1 7198
9 10 6992
2 88 2628
7 10 5268
1 13 8926
8 56 9758
2 63 9186
5 34 3378
6 50 4574
7 7 8438
4 26 1179
3 98 1643
10 24 5954
3 48 3108
8 94 2911
3 73 3650
3 29 8858
5 97 7235
1 81 9561
9 51 7616
9 90 3640
2 6 9441
7 81 8748
6 91 1370
3 94 3845
1 24 5373
9 61 1189
3 99 2709
9 71 9601
8 35 7170
1 70 8291
5 38 5854
1 31 8502
3 49 3413
1 4 2954
8 5 552
3 60 4515
6 40 15
3 13 6356
5 11 7710
2 85 6361
10 33 8097
4 20 2712
6 21 4407
10 65 6729
8 71 5122
5 95 4185
2 75 9587
7 10 7272
8 94 9957
10 99 7466
9 36 9286
2 28 9906
8 93 3479
7 2 2990
1 67 7214
5 27 1201
9 24 9462
9 43 7849
3 73 7355
3 74 5589
2 95 9461
10 51 9074
8 15 2242
7 13 3495
4 47 393
9 37 7184
1 55 2811
1 53 9706
6 14 108
5 32 9650
3 62 8405
8 73 6878
1 36 836
6 78 4441
8 88 5248
3 93 5228
1 52 3372
6 2 1600
10 54 6676
9 1 8947
8 15 9919
9 1 2104
8 6 8993
7 13 9374
10 26 5980
1 53 3235
10 96 1465
3 94 221
1 9 1753
9 24 7593
2 50 3365
2 88 3089
6 83 8479
7 83 8270
1 37 920
9 46 2649
7 47 3860
7 50 7573
7 50 4907
10 47 679
2 56 6249
5 1 4165
2 83 9913
5 30 7014
2 63 8403
8 96 5609
3 42 1405
4 41 4248
5 37 8694
9 64 9225
4 8 737
10 98 5318
4 46 3856
9 1 5565
2 5 7150
3 68 4022
3 68 9149
5 46 1570
10 46 5285
4 76 7433
8 27 5955
1 55 8873
7 93 1561
9 31 3059
5 2 6846
3 30 4199
7 67 7111
5 17 9170
4 82 8004
2 29 5473
4 21 6584
10 62 3277
3 43 1640
1 16 3110
1 70 7033
5 48 1963
2 62 43
4 32 546
4 67 605
5 34 5132
1 57 2056
9 14 9462
3 21 9533
7 18 7375
6 65 7037
10 35 36
9 73 6031
3 15 2374
1 13 5883
10 12 1958
1 25 2986
7 17 7911
2 99 2213
4 32 6371
2 96 5160
1 4 4085
3 65 6664
5 42 1088
3 40 8629
4 39 3741
1 46 7546
4 89 5073
6 40 65
9 79 6423
4 8 3616
9 33 7359
8 89 8357
1 29 6762
3 12 1787
4 13 3500
3 19 4432
8 42 3422
9 13 8318
2 63 4934
4 59 5111
6 88 492
4 20 4250
4 78 6119
3 63 7494
3 1 2705
5 90 3696
1 47 2957
9 42 794
10 8 5213
7 90 4233
9 99 7018
2 83 3564
6 77 7863
2 54 5331
8 24 9004
1 32 2395
2 30 6031
9 75 2344
9 4 4480
5 89 488
2 40 474
2 84 4216
1 34 4507
9 100 2541
6 66 2495
1 55 6491
2 22 4692
1 6 9463
8 9 485
7 7 1884
5 11 4520
8 34 773
1 55 9076
2 59 4419
3 68 5515
6 71 7043
5 5 8649
7 50 6168
4 83 3920
9 40 2292
10 21 7729
4 57 2616
7 13 4100
8 25 8986
4 94 8120
6 9 8083
1 73 4126
2 58 8804
6 19 4755
2 92 1218
5 45 1542
2 48 7234
10 12 483
9 47 4328
1 39 9832
9 17 8167
2 9 6385
10 71 6134
10 1 5466
3 51 5937
9 54 7965
9 55 9161
2 88 7670
9 77 5754
5 84 5836
10 79 4900
5 53 4815
9 74 301
4 9 1752
1 18 5870
7 37 490
7 62 8605
3 46 5988
7 15 9485
8 50 6627
7 87 1729
4 52 2788
2 63 8104
7 88 2831
2 25 3655
9 20 8209
6 86 4247
3 11 5271
2 15 6019
5 68 6903
1 90 6593
1 97 4063
8 21 9073
4 19 2270
9 54 7126
5 53 5831
4 16 3523
7 72 3819
7 43 3585
6 25 6465
7 35 450
3 96 3275
6 99 1686
7 34 5558
7 81 2487
8 83 6218
3 80 4739
4 23 8097
8 5 4666
6 10 1493
6 69 9304
7 38 4895
7 17 4541
2 31 845
5 74 51
10 73 6837
3 62 2199
5 12 3498
2 40 5188
3 75 2737
8 23 1709
10 77 5673
6 85 8526
3 18 8860
5 23 7245
6 58 6702
1 84 9653
9 57 9972
1 18 1273
3 84 3174
7 48 1690
4 15 8592
1 63 5885
6 70 2483
9 59 5456
3 27 6538
3 47 6209
6 78 7234
10 76 3507
2 78 8264
10 22 2164
9 29 2203
6 24 4535
6 76 5582
2 99 7666
5 96 2723
1 96 2361
7 87 6989
9 12 6850
6 55 2349
4 63 3983
10 52 8022
3 82 8470
3 70 4554
6 77 2779
10 37 2155
10 87 9777
2 9 6572
7 39 6646
5 2 9350
7 80 8354
4 63 8096
1 57 4322
2 5 7265
9 38 2417
5 69 4019
10 61 6313
5 23 9169
8 80 3273
6 11 5184
1 36 1826
6 47 7140
5 45 6036
4 48 6043
1 32 8563
10 63 3366
1 38 4381
5 53 5291
2 65 9202
7 6 98
7 89 2299
7 70 7511
6 34 5653
5 3 3998
6 65 1191
2 53 9881
4 87 311
4 25 3616
3 1 9182
8 28 5675
3 69 5758
3 1 3846
6 76 9344
7 2 9540
10 53 2138
2 65 2220
2 16 9147
5 24 5358
7 26 9567
6 6 323
7 60 8330
4 83 2808
4 77 7739
2 85 135
5 17 4121
2 92 5990
6 88 1829
6 58 2418
3 14 4746
10 14 8686
9 17 9475
8 80 8060
8 96 7131
3 19 6354
6 90 3587
7 17 9869
2 73 2365
6 10 3567
7 17 6161
6 6 801
2 72 1443
8 83 4945
2 30 3197
6 11 7231
1 45 2915
5 23 3294
7 67 1482
6 62 2075
10 17 2327
6 17 8133
8 41 4134
2 77 9198
2 63 4081
5 8 3818
9 28 8390
8 63 9570
4 32 207
7 19 1547
10 95 819
10 71 9408
9 43 9596
1 14 3631
8 17 344
6 65 771
2 50 7099
9 91 3602
8 16 5044
3 58 938
4 82 8360
3 41 4604
1 44 3473
7 94 9145
7 62 9775
10 67 9849
3 83 6823
3 62 7087
10 71 906
1 51 4087
3 49 301
1 13 4141
2 91 5141
2 27 8118
5 9 1421
9 3 8031
3 8 4954
1 34 3918
10 69 5429
6 5 1488
1 1 3521
8 10 6583
9 57 7367
4 96 8834
6 98 4201
4 14 2725
9 32 6378
3 73 2890
5 49 1080
6 84 8540
1 24 401
7 4 2371
8 93 133
8 82 5961
1 38 4029
7 78 2364
4 78 7704
3 17 5183
10 89 4705
3 87 723
10 79 1034
1 42 7171
3 51 5297
7 1 6338
4 16 2627
3 76 4294
5 20 3792
10 85 626
4 24 3874
5 79 655
1 98 2610
4 89 4732
1 85 9282
6 7 5076
2 31 9247
4 83 3813
9 83 948
6 96 3828
10 67 6765
5 82 6257
3 14 3025
2 15 6057
2 12 202
5 48 7705
2 10 8346
1 67 7275
1 87 7133
7 10 2215
3 87 7387
4 57 5518
8 19 2595
5 22 1945
10 44 2318
6 31 5310
3 71 4299
8 82 19
10 49 7945
6 27 6239
10 16 7298
2 73 8781
10 17 6536
8 35 7498
2 69 9138
1 1 9799
3 96 8401
10 2 1229
3 50 4290
6 54 3643
7 86 6797
10 16 792
4 6 9167
2 8 3127
10 51 7679
5 43 8599
10 59 1305
6 18 5015
9 80 2079
7 45 1966
9 29 8276
10 16 171
2 49 2391
4 41 5339
8 25 6077
8 20 2318
2 87 5841
4 53 6970
6 36 3027
6 68 1728
8 45 1314
4 1 2464
9 77 6813
1 27 666
9 20 777
1 12 4657
3 32 7684
3 45 7018
6 88 8611
3 40 6304
6 22 1022
2 37 5686
1 75 9888
10 40 7216
6 1 5560
4 28 8107
6 64 5326
6 22 5144
4 91 4550
7 82 4098
8 86 8011
1 39 1289
3 80 3381
3 96 6555
8 77 3744
1 57 8325
1 46 7751
3 1 1929
5 72 2876
7 23 6917
4 52 5839
3 89 5495
8 83 6483
5 18 1906
8 58 2178
1 13 1038
4 65 6055
3 85 8598
9 4 9559
1 53 9994
2 70 580
5 12 1777
10 46 1702
2 25 482
10 5 7045
10 64 5160
6 30 5846
4 49 3772
5 8 7903
9 49 4071
8 82 4944
1 37 1285
4 46 5293
2 54 2298
2 71 8152
3 34 4945
4 65 6274
9 60 7652
5 75 9846
4 87 7866
8 34 8029
4 46 458
7 8 5910
10 40 1844
1 34 891
3 54 4296
5 74 5256
6 5 3815
5 22 7699
1 84 6422
7 63 8270
10 41 2968
5 83 8877
4 63 1596
3 91 229
3 20 1664
4 48 6626
9 62 1941
2 85 3876
3 47 2880
6 60 5465
6 67 8186
9 48 3873
8 90 1374
7 25 3887
8 77 9418
1 66 219
8 15 7623
7 59 4755
6 68 1963
8 40 2230
3 19 8096
8 87 2730
2 83 2391
6 47 9449
9 13 1329
9 51 7506
7 56 6422
7 95 9841
8 34 8973
1 4 5091
9 55 209
10 53 1815
4 8 9550
3 60 5957
4 60 4887
6 74 2365
4 60 7536
1 10 2924
1 92 9138
8 92 2537
3 59 3057
10 26 5989
3 25 3528
10 27 1661
9 88 2864
8 41 8
10 27 6043
1 33 3877
7 10 3208
6 82 7356
9 35 6967
2 68 6497
10 65 4267
10 90 7833
2 20 8314
4 54 5244
3 18 6954
1 65 2770
1 27 1019
5 52 8008
4 99 5686
6 28 6970
2 3 7466
9 11 7202
8 5 2862
2 59 8870
1 27 555
4 10 4683
4 3 2056
10 33 6438
2 92 9997
5 13 6075
3 98 9661
7 44 1049
8 50 7797
7 32 1208
9 9 418
2 86 2773
3 1 6576
8 4 6256
1 78 4925
3 62 8627
2 37 7699
1 35 7749
9 10 4372
1 11 7449
9 34 7388
9 36 2323
8 11 1134
2 93 4846
3 58 591
7 61 2950
5 21 1255
5 79 996
5 55 3760
1 52 5840
8 20 7408
6 50 2681
10 57 3721
7 43 5858
1 88 2619
7 80 6768
2 41 3439
1 81 2884
1 76 3606
6 1 8029
6 40 9332
6 64 1208
5 21 6656
6 59 821
2 51 6683
2 53 1485
3 18 4851
10 80 5839
1 17 2462
2 25 9800
1 15 8454
3 36 978
7 60 2308
1 37 3524
1 9 6284
8 70 1852
3 23 2781
7 2 7436
9 29 3218
10 77 3114
9 30 6115
2 22 5048
5 60 9287
7 18 7783
8 26 221
3 55 7154
1 47 4878
7 77 9453
10 51 169
6 1 981
10 49 6746
8 45 1948
4 88 8307
4 37 7717
2 68 9575
6 81 5143
7 39 875
5 69 1690
1 64 61
7 13 3119
6 67 5928
2 92 4334
3 46 3470
7 32 2531
9 4 9823
3 46 6791
2 38 5090
4 65 5620
8 27 5143
1 67 4145
6 87 7738
1 76 5136
6 2 9990
4 7 6904
10 55 2353
5 59 1596
8 29 8470
1 36 2064
6 61 1721
2 92 5925
6 18 9867
9 2 6561
8 59 2331
2 37 9356
8 5 603
6 21 5856
6 54 1820
7 58 4397
10 21 6662
3 66 1289
10 35 9471
7 33 7587
8 55 5870
3 82 8537
1 41 1213
8 36 6430
1 9 9588
10 100 4009
9 43 5080
3 69 1494
2 66 6306
10 52 5176
3 18 1469
5 42 5557
8 80 9201
7 75 5121
8 87 8543
1 32 6680
5 88 6276
9 27 1811
7 70 7902
4 12 3718
2 32 6970
5 51 7633
5 67 9811
10 34 6077
8 26 9874
6 35 5544
4 53 5447
9 22 9023
7 41 9730
4 13 9957
6 24 1554
2 90 8107
7 95 769
5 76 3130
3 44 5478
4 5 3303
6 14 358
7 39 7693
5 47 118
7 73 8000
6 11 5166
6 96 7125
8 19 4357
8 95 3505
3 23 7207
1 7 9367
6 11 6510
5 18 3069
8 60 6740
4 91 7901
6 97 5852
3 39 4192
8 25 6499
2 13 8379
10 98 7869
5 21 5384
3 31 9458
7 52 9108
5 95 5631
5 57 9046
7 82 7604
7 88 1089
10 31 6691
7 87 7134
9 8 2464
3 87 1909
9 82 6403
7 49 9081
5 96 7676
3 63 2544
8 53 1567
4 83 5199
7 90 4719
3 56 4376
9 68 7627
8 76 7353
5 31 5258
9 30 3673
4 26 2972
2 32 2254
3 93 1204
8 64 1814
2 98 8605
2 82 9605
2 43 3856
4 64 7641
4 93 2558
10 83 9627
4 98 9370
6 62 2310
5 86 8105
10 15 1746
7 34 5910
8 72 4987
1 53 2440
7 90 6930
3 33 8896
2 87 3113
10 70 6251
4 31 4893
5 33 6910
10 70 4584
1 28 5045
4 7 1317
4 31 8615
4 88 3205
1 28 606
5 99 6862
9 88 5903
1 41 7571
6 33 8716
2 85 8514
2 18 8842
6 64 1129
9 92 834
8 13 6047
9 63 3782
6 90 4866
7 47 6677
9 70 7421
8 80 7911
3 9 3265
10 26 589
5 32 7118
5 78 1663
4 77 9054
3 60 8275
9 47 5959
1 48 4494
8 33 9042
6 34 9880
2 72 3274
2 68 310
4 74 7384
6 40 1030
8 18 4818
5 64 678
1 41 8528
10 22 697
1 86 2622
3 40 8773
3 62 5804
2 68 7776
4 38 2729
6 61 9038
2 28 1450
7 63 2868
5 57 4313
6 17 9166
4 64 3055
7 44 7197
5 18 2949
1 90 827
9 45 2200
8 63 2649
5 34 6808
10 3 2360
9 4 990
5 2 7772
6 90 5147
1 94 3822
10 28 5911
9 66 5525
1 44 9444
6 98 8941
10 60 6207
6 48 1596
5 67 6141
4 33 5917
2 79 2303
10 81 5247
2 32 4228
1 84 1602
6 69 6209
6 12 382
10 79 8033
7 13 8633
8 28 9854
10 59 2831
4 68 4566
10 35 3390
10 85 8230
10 93 8738
10 52 3492
1 43 495
6 12 2315
6 89 8017
8 21 1747
1 6 8612
1 56 3605
8 4 9616
1 45 9005
9 55 7164
6 7 7924
6 1 4869
6 28 8829
7 36 7739
10 75 6046
6 26 8372
6 41 3598
2 77 9413
5 18 2103
4 70 9005
8 54 6198
9 30 7985
9 53 2454
7 18 6097
7 19 6741
5 61 3238
6 87 8415
3 55 9909
10 35 6855
5 60 8549
6 55 5445
8 13 5100
7 38 8620
5 49 8111
9 44 2328
4 86 9860
3 86 7601
2 85 2315
10 10 9955
7 41 6834
7 4 2084
8 86 3668
10 53 2012
6 80 3039
4 71 6776
4 46 2199
1 92 4164
1 63 365
4 15 9107
2 10 3790
6 97 6731
7 9 9632
8 12 2702
2 33 322
3 73 3443
2 6 5278
8 84 659
9 80 6566
8 77 3048
4 83 1656
10 95 8376
7 2 264
2 94 7838
3 79 1020
2 49 2008
9 22 9161
8 33 3040
4 5 4905
8 9 614
1 87 3189
10 100 6908
3 8 8917
4 56 7663
8 9 8253
4 1 402
6 68 7288
2 57 4855
3 91 2643
5 93 6136
6 79 3321
8 47 9023
6 11 411
5 42 8718
1 32 5083
4 12 9083
6 3 8632
3 86 8136
10 42 7908
10 25 1946
4 90 9855
5 12 3048
9 37 2565
10 21 3861
9 32 1325
2 58 1863
6 50 412
1 69 1989
6 27 1869
6 46 6103
6 26 3019
5 52 3406
5 80 1120
9 88 4538
2 34 676
4 15 8838
8 32 2444
1 12 9713
1 41 7375
1 9 7223
8 61 7898
2 72 2077
6 85 1622
2 99 6086
3 50 1802
10 100 8739
8 31 8724
4 10 3037
6 39 9196
9 53 279
1 88 7064
9 22 6732
6 88 4519
1 92 1996
8 55 562
9 92 5299
10 55 9508
3 85 7564
9 68 8304
9 49 2205
6 13 2006
4 29 7782
7 25 5638
1 49 5935
3 77 8371
1 49 364
8 71 7794
4 43 7604
1 52 957
5 48 6704
5 30 2841
5 7 2784
6 55 3559
5 93 6166
1 23 3131
5 19 1015
3 8 7044
2 31 5630
4 23 9402
5 48 9299
8 55 7289
3 39 8416
4 96 6010
3 99 7945
1 88 8033
6 12 2919
3 3 45
5 23 5292
9 42 624
8 68 3130
4 44 7817
1 29 2655
8 77 3342
10 39 6883
1 9 7705
4 62 613
7 12 9046
1 72 9413
3 93 7375
7 81 8720
9 84 161
1 2 2778
6 72 5390
8 50 6714
3 27 407
8 98 1413
3 36 4609
4 91 9481
5 95 5025
2 51 931
2 11 9441
1 30 8777
9 80 3469
6 5 7548
7 43 5240
10 39 877
2 41 7556
6 99 4457
5 85 8409
2 63 6685
9 42 3448
9 48 36
7 77 1721
5 19 2569
4 3 3142
5 67 2213
1 33 1188
9 61 797
5 84 2804
4 79 5203
3 15 9151
5 52 2913
8 97 2491
4 52 6637
2 31 6290
2 58 4568
1 76 88
2 6 9387
5 92 2987
5 69 5244
6 2 590
8 97 5253
8 63 7967
1 94 9222
10 69 3586
6 4 7681
1 16 7419
9 27 554
5 47 5662
10 71 3437
5 65 3134
4 68 1802
5 1 3781
3 69 1554
2 64 6857
4 61 676
2 77 4158
4 48 5346
9 39 1265
7 30 3738
10 6 2575
2 46 2199
4 52 8959
6 14 9402
4 72 2845
9 15 8162
9 48 7390
6 74 8901
5 95 9911
8 23 1489
2 77 32
4 23 1847
2 58 7260
8 8 1568
10 6 4257
3 84 6916
6 23 374
8 66 7526
5 58 3632
2 75 8856
1 9 5468
6 14 1062
10 81 524
6 100 6891
5 24 8194
5 53 6638
1 6 6565
4 41 5100
7 50 1036
7 16 5252
3 39 9290
2 34 9135
5 1 2033
7 31 7396
3 83 715
3 2 9664
7 16 9665
4 31 8956
5 29 4120
1 85 6334
8 2 8092
2 60 7056
8 51 7252
1 51 3922
6 80 1753
1 48 4426
10 29 2707
8 44 8797
8 16 812
10 100 7971
5 63 8132
5 66 4222
1 23 4207
4 9 6033
5 68 1129
3 50 3883
5 54 3698
1 83 7227
1 80 4486
7 84 7360
6 40 6730
8 48 7822
4 6 1676
9 46 5700
5 69 9540
6 46 1064
8 40 3811
3 47 445
9 82 707
6 66 6861
9 85 4142
8 3 9044
4 43 7486
9 30 8083
7 85 7090
1 57 6510
7 57 4997
8 21 5572
9 11 2635
3 17 4680
10 69 1114
7 17 7046
3 38 7553
9 1 6341
8 87 5915
9 94 8274
2 12 4957
9 49 2568
3 72 9554
7 40 734
5 51 4489
3 82 8777
9 85 4440
1 21 9372
7 75 330
9 6 7116
2 47 4657
4 83 9049
2 61 8534
4 77 2669
2 21 4696
8 94 7058
9 17 2899
7 78 4673
7 17 7444
3 39 1398
8 37 9041
6 10 210
6 68 7687
5 11 9245
3 30 7014
4 18 7042
2 62 1977
6 71 8083
5 9 4029
1 9 7374
7 93 6647
4 31 6904
7 97 5838
9 66 2528
1 17 4701
5 27 2545
10 15 2330
4 36 7608
8 12 1737
2 18 7599
8 19 4944
1 29 1314
4 57 94
4 38 4131
1 55 6093
8 60 491
2 40 9216
6 74 9662
5 23 2747
6 86 7414
2 31 3666
10 41 2721
4 87 1677
5 23 1484
5 2 3806
2 19 9933
3 71 4626
4 37 9087
5 50 2973
6 91 4189
8 70 2382
9 100 889
2 30 8363
7 15 1687
3 27 102
3 69 3605
1 76 674
8 75 6733
10 90 9233
1 58 143
6 74 7719
10 78 5280
9 17 1297
5 55 4095
2 36 6955
5 76 7992
7 25 6326
3 40 531
5 85 4891
1 81 4743
10 39 9829
7 48 1290
6 99 6729
1 63 231
2 40 2920
6 95 1079
4 90 3233
5 42 1895
9 61 6429
4 38 7059
1 14 7766
9 75 3588
10 25 9855
1 22 8949
6 92 9134
3 94 8730
5 72 4724
4 6 6336
9 29 7918
8 23 3764
9 8 222
1 59 4048
3 71 6427
2 29 3310
2 42 3350
10 51 5290
6 15 1004
4 18 3718
2 91 2509
3 98 3829
4 1 6046
7 96 6794
2 50 7544
8 94 1412
7 31 7753
7 97 6302
3 26 6637
7 24 9643
5 42 1862
9 27 7325
3 50 7866
5 15 6402
1 70 1560
1 21 420
7 45 7428
8 39 7432
10 20 3095
6 53 2531
1 36 5374
6 97 8156
8 12 9213
6 32 4109
3 19 2213
1 81 631
6 44 5699
7 61 5766
1 43 2945
10 29 9274
9 73 1968
8 95 9271
9 3 4488
4 20 5526
5 13 8165
8 31 5641
4 56 379
10 31 2865
9 48 9208
10 50 1065
2 57 8082
7 32 2923
9 26 5050
7 23 995
2 44 9646
7 34 8720
8 47 4879
4 68 7065
9 12 4561
4 14 406
9 96 6233
6 49 8026
10 4 6211
2 24 7818
2 6 7461
9 70 3709
8 99 4808
8 13 9688
3 40 4936
4 69 9089
5 87 9353
7 15 1753
8 59 9779
7 55 1222
6 34 7606
10 99 3682
2 58 9538
1 31 6009
7 89 2683
1 97 8890
1 83 1596
7 42 1751
4 60 3216
6 86 4050
4 32 2670
3 92 9205
3 68 1352
7 78 3664
9 24 5726
7 53 7420
6 59 8953
1 1 9684
8 49 2160
4 63 7703
1 43 8320
10 65 2543
5 13 6129
4 53 5637
9 62 6707
3 60 2198
1 36 1955
8 23 4481
6 86 4319
8 90 6786
9 91 4929
7 93 2701
8 51 6818
10 6 9833
4 38 5607
5 91 3827
4 49 7196
10 81 7212
1 42 7462
3 16 8716
9 49 8504
5 76 7945
1 58 4369
8 49 5505
10 68 4302
1 99 1884
4 11 6663
3 27 2392
7 8 8409
3 57 3970
8 37 8737
9 72 9747
1 29 9156
5 50 1753
4 55 2552
6 94 6319
9 59 8449
5 62 840
5 20 4367
2 92 2260
1 77 3244
5 17 5651
5 30 4577
3 61 7361
8 10 8391
9 45 3064
4 30 4037
8 84 8643
5 42 9136
8 40 3903
3 15 4163
5 54 5790
9 23 1610
9 60 6626
6 64 1370
7 89 9319
8 10 9655
10 75 473
1 71 7426
5 59 1676
10 85 559
7 40 6928
1 28 1009
6 38 7424
8 33 4675
3 6 7859
9 89 3344
5 49 5053
9 30 6082
3 75 9549
6 68 2483
6 4 3957
3 96 5464
7 58 6279
2 50 209
5 36 6500
4 43 1652
5 48 9485
6 65 3248
10 21 9940
9 30 8984
2 4 8926
9 29 201
2 97 6724
10 71 1584
4 68 6907
1 67 7711
10 24 9247
7 37 7730
4 6 3283
6 95 9878
2 17 2191
7 62 3630
8 20 8309
5 100 3180
3 98 5370
9 81 1773
1 83 5812
9 39 4141
10 14 1
6 21 7946
2 35 3042
10 23 2859
2 12 4049
9 73 8944
4 72 4127
1 43 3216
4 45 3320
4 61 1565
4 53 2778
3 2 7367
4 89 290
3 18 6778
3 42 9182
6 87 2962
8 76 8718
3 62 7283
3 58 5993
8 63 9942
2 51 1365
1 11 7888
10 90 3300
5 12 4751
2 52 5356
9 27 470
8 49 6675
8 52 5099
1 94 7494
10 72 494
4 20 3863
7 56 6015
2 54 9885
4 79 6076
6 48 2602
2 56 4359
6 28 7300
6 56 9661
5 36 5997
3 71 8298
9 62 5817
10 62 2876
7 97 1749
9 28 8643
1 94 6686
9 1 3918
9 77 5914
9 82 8247
6 69 723
5 73 5133
7 73 7057
6 14 4693
5 22 1301
5 94 762
9 10 7273
10 66 3973
10 21 678
4 94 4665
9 40 6844
4 66 9705
10 79 4043
9 52 913
7 4 1321
1 2 8525
9 87 87
6 77 130
10 37 3268
7 10 7687
3 73 5019
2 59 673
3 36 9744
8 50 1222
6 32 1182
5 33 7248
6 74 3460
9 70 6643
7 68 4289
2 67 176
5 58 4997
1 65 6394
6 57 3379
10 14 4770
1 61 9368
7 60 949
10 12 1586
1 54 1628
3 34 5506
7 24 5799
5 23 1124
4 19 3278
9 17 5385
2 61 664
6 91 7871
5 21 8428
5 89 2664
8 56 4658
4 21 4372
5 62 9233
5 100 5231
6 36 6158
5 74 1892
9 2 7585
7 67 2704
7 48 7500
7 58 5856
5 45 8270
3 63 211
10 82 4594
6 77 8816
6 91 6144
4 31 5987
9 37 8816
3 43 3445
6 33 7716
7 26 8760
7 76 8809
8 71 2295
5 80 7237
5 90 7088
10 56 7862
7 12 6492
2 16 2167
5 75 2981
6 62 7750
8 48 8124
2 39 153
5 19 7048
9 49 3262
10 32 8625
1 80 2497
3 33 777
9 20 3192
1 84 59
9 58 7289
3 64 4530
5 53 7957
6 23 8480
3 24 8982
8 57 1786
5 57 3170
5 74 4010
6 33 4423
10 84 9895
8 86 3550
5 43 7561
4 15 9340
3 89 8257
8 100 6247
6 85 9645
10 21 543
6 4 4756
3 11 1581
8 45 7779
4 83 2887
8 17 2325
9 56 9968
10 99 9979
7 77 9041
7 95 141
1 27 4895
7 38 6571
2 53 4571
9 72 7159
8 7 4533
8 17 8054
3 11 8668
10 23 5628
10 51 6947
3 7 9609
6 20 973
9 16 8550
1 36 8935
1 17 8518
1 54 7847
7 35 6675
9 3 7740
9 9 9025
3 28 2099
5 48 2862
6 54 1932
5 52 7750
6 20 4032
10 51 1933
2 83 8879
2 60 2115
3 79 9513
8 92 5414
5 2 1783
3 54 9696
5 61 4002
10 82 9998
1 2 5614
9 9 2685
9 79 3228
8 95 7769
9 84 2220
1 55 7529
4 53 1527
6 4 7639
8 63 6321
7 37 9584
6 89 7906
4 2 1967
2 60 3408
5 24 5477
4 42 2324
3 75 24
3 65 5122
7 87 8785
4 41 344
5 73 5463
1 66 2962
6 68 9920
10 34 1957
8 60 2186
8 38 2358
7 50 4388
5 34 7966
3 76 5820
10 91 2932
3 19 7119
9 95 8852
9 38 3376
4 68 1353
8 4 7719
10 15 9462
3 20 6535
9 89 4449
10 61 8597
4 15 2673
7 38 3274
2 39 4534
2 97 9275
3 62 9783
8 98 7186
10 6 1088
5 23 6502
4 48 3458
6 81 9688
8 22 5691
3 14 6836
8 65 1638
5 17 6198
7 63 9098
10 7 2246
2 57 3725
3 73 3596
6 87 1264
8 19 333
7 71 4048
7 29 1663
10 92 1460
5 98 7568
8 61 8268
4 26 6855
9 55 1439
7 77 4542
1 92 6328
6 41 8242
1 93 2615
3 49 6642
4 67 4362
4 90 9843
2 97 9346
5 69 8561
1 63 1020
10 30 1109
5 27 3303
9 38 4638
5 59 6133
6 18 3094
6 38 2820
10 41 8766
1 73 2090
10 58 851
10 88 8215
4 78 3447
6 62 6419
4 78 2909
4 88 4611
9 60 6315
6 53 4819
5 1 735
8 82 5080
1 51 647
8 98 3507
2 13 5966
8 70 915
2 42 2440
9 41 1798
7 22 1220
6 3 9205
9 16 8166
9 91 5140
7 7 795
7 22 5982
6 81 143
5 39 7745
4 16 7016
3 9 8561
9 81 7770
10 76 9723
9 79 8166
2 59 104
2 49 5799
1 53 3011
7 14 2542
7 44 3077
4 40 8429
8 70 7895
8 14 957
8 56 684
10 76 9985
1 44 1935
5 44 355
9 75 5090
2 92 1310
6 97 8341
6 1 429
4 3 7436
3 11 3619
2 9 6716
3 34 991
5 99 5660
9 33 9369
4 29 4504
1 72 8657
1 41 7374
10 88 2860
6 45 8324
4 20 699
3 50 2030
5 89 5276
1 98 61
1 100 7172
4 56 2856
3 60 3504
9 31 6118
2 93 9512
3 80 8679
10 57 5296
4 52 8688
10 23 2773
8 39 6779
3 19 5654
3 66 6866
10 46 6757
10 29 5436
7 6 3208
9 39 5960
6 74 5562
4 47 5072
10 36 8569
8 37 2092
4 48 5219
5 17 275
7 21 147
4 43 7817
3 17 4227
9 80 5178
2 22 659
7 79 1508
10 22 6040
7 53 1135
2 42 9481
2 69 4727
3 37 4829
1 57 3177
4 65 4579
10 60 9260
8 11 6931
9 30 7535
3 74 6097
9 18 4540
3 41 1432
1 64 1961
7 39 3598
8 61 5486
7 18 1012
4 51 9408
5 50 7482
2 17 395
3 15 145
2 77 1778
9 7 6463
6 25 4516
3 44 8927
5 91 1918
10 59 4107
1 98 4275
2 66 8
3 73 5107
9 39 4489
2 99 9121
8 7 7229
10 62 1002
4 11 27
9 79 9006
9 62 1121
5 92 1076
3 96 7045
2 66 9975
7 20 4990
3 79 3623
4 100 1572
4 28 3113
3 57 2585
5 17 6012
4 61 118
8 59 7430
5 5 5789
6 2 3303
1 52 3161
5 48 9185
5 53 4888
4 58 1159
10 84 1863
9 88 3018
4 42 6732
7 26 9872
4 87 1501
4 26 5831
8 80 8174
8 67 6854
1 17 7532
3 76 125
5 22 7843
4 11 4821
6 28 4235
3 52 2442
1 25 3093
6 61 9795
10 49 4565
7 53 53
6 38 1682
1 71 5822
2 67 1200
9 13 8917
1 25 5733
6 29 1554
10 16 9478
4 15 5545
1 22 1008
6 77 5859
5 45 4495
3 17 3269
7 86 2687
4 97 3559
3 94 164
10 10 3240
9 5 5950
4 99 3062
2 1 8621
3 71 3271
5 71 1630
3 87 3057
2 12 1918
4 39 4486
6 72 2452
6 55 2429
3 40 8119
2 17 828
10 10 4429
10 11 8980
2 6 9188
6 18 1667
5 75 4427
9 12 7030
1 2 5310
5 35 6620
6 80 5829
1 44 9058
8 23 9319
1 4 6963
1 3 8025
7 64 6217
8 46 6704
4 98 8528
1 53 5034
10 2 3117
5 94 186
7 52 5312
6 96 9170
5 77 288
5 24 9739
5 55 25
8 78 4052
2 44 2786
6 74 1334
2 50 2187
3 54 8972
9 50 1562
8 15 6727
9 96 4296
2 22 5454
4 65 8607
1 50 243
8 10 9082
9 65 4141
9 29 9043
8 34 2841
2 51 2936
6 71 2491
2 29 6525
8 48 1040
5 25 7348
3 27 7266
3 14 8824
4 66 1624
1 88 4272
2 62 8446
8 89 7024
2 27 851
6 36 3122
2 58 9291
5 58 5920
3 44 4770
10 31 7172
9 4 5634
6 81 1082
8 89 6734
3 98 7300
5 60 7230
6 71 4257
4 90 2151
1 97 8813
3 69 6074
1 70 2908
4 18 8296
9 74 4956
10 72 7813
3 93 7919
10 33 120
5 60 5114
2 82 7925
8 56 8038
1 21 2749
10 27 2781
2 37 5639
9 28 1964
8 58 2764
8 4 6283
10 7 7156
4 28 4749
1 35 2136
4 97 1262
5 8 7675
3 86 208
4 17 4245
8 45 3057
9 7 571
5 51 5340
1 83 2465
1 35 6331
10 68 4089
7 56 8617
2 95 5942
8 68 6668
2 16 7885
2 23 6227
1 25 9026
3 14 6003
10 38 1926
9 81 843
4 5 2837
7 94 7335
4 42 3931
10 100 7003
6 96 5369
2 79 6061
2 68 4687
5 49 1081
2 12 2549
4 46 7331
4 80 1843
8 50 8367
4 50 7489
9 70 1720
5 32 4635
3 48 9872
7 77 8913
1 75 7221
8 62 9175
7 57 7511
9 7 8000
1 85 2342
3 67 45
10 29 6333
4 36 7460
5 93 4345
8 9 1217
6 60 1605
9 57 1195
2 51 2024
6 46 3557
8 95 3043
1 34 8575
7 96 7219
6 11 815
9 28 1718
2 41 7955
1 11 8177
3 71 8985
1 38 118
3 56 7123
9 15 887
5 15 6442
10 55 6869
3 93 1789
8 79 3008
10 16 2134
6 93 1672
4 64 5878
10 59 3058
6 80 3022
6 78 5260
2 7 1085
1 5 2015
9 11 7145
4 45 633
6 29 1296
6 82 1284
10 77 1473
5 77 3161
10 80 7431
9 48 9729
7 19 3859
4 26 2342
3 15 6585
1 1 2750
8 5 5741
7 28 9860
5 55 3674
5 37 7073
1 79 7288
3 79 94
7 44 5535
5 10 1723
7 35 5271
4 6 9338
10 56 1163
1 6 9147
7 65 9894
9 16 6757
5 78 1467
8 17 5162
7 86 9944
2 82 4541
4 75 951
6 26 196
8 87 2277
2 2 2999
3 70 3703
5 75 811
2 62 9827
1 7 7633
4 72 2017
1 93 5082
2 61 4279
4 85 5777
3 2 1940
6 57 4070
10 75 902
1 38 3620
3 1 4036
10 91 7921
2 69 4661
4 72 8576
1 54 7679
1 73 3264
4 65 6458
6 66 5572
10 39 5708
6 42 6664
6 28 544
4 17 7622
5 53 4554
2 97 7874
1 3 6418
8 74 725
2 81 8075
10 86 1820
3 91 3657
5 69 804
2 67 9254
10 21 8105
8 12 2223
5 96 8377
10 92 4020
7 62 1268
7 70 4580
8 33 9771
9 89 1823
4 39 9871
3 100 9434
9 32 2279
7 13 3575
4 93 7099
9 97 9783
4 87 6332
5 91 1135
6 46 3962
9 22 6959
4 46 1049
9 79 2291
10 39 8118
6 89 9324
6 13 3669
8 35 5627
5 74 8430
1 81 5303
6 96 8113
1 98 2837
4 78 3768
5 41 5669
6 12 9477
7 93 2781
4 88 7876
3 91 8030
10 58 6244
2 66 5693
2 99 5838
10 30 4189
7 66 194
1 57 5629
9 9 448
10 76 3895
2 91 4012
3 26 516
5 98 6537
4 90 6612
7 62 6861
6 5 9176
2 65 9180
8 17 3026
1 62 8580
6 90 3146
10 4 8311
1 75 3142
4 23 1943
1 4 1410
8 7 9173
10 21 4938
4 77 7197
9 26 9953
7 15 6131
9 28 8408
3 50 594
10 23 2175
9 97 6043
9 4 3540
1 23 4658
6 18 991
8 20 390
7 67 1197
4 72 3900
7 71 6533
1 34 4453
10 64 9197
6 45 1252
1 80 8859
2 85 8083
10 36 3798
6 55 6827
9 88 8372
5 75 1312
10 6 9992
1 46 3700
6 57 817
10 63 1798
6 20 4677
10 61 44
4 88 8277
4 12 4855
2 70 7640
7 57 4531
4 64 8829
8 75 3943
4 67 4423
8 41 316
6 22 6699
7 27 3594
5 85 2972
6 16 4462
9 70 6961
10 52 891
1 77 1943
10 72 6752
6 19 4065
3 22 7945
3 15 8044
6 70 1131
3 77 3381
9 63 1906
8 36 5888
1 62 7170
4 47 8039
9 47 3396
8 4 8970
7 61 750
5 97 3575
6 70 2591
10 23 4552
10 95 7448
4 19 6625
3 77 9648
1 46 1574
10 91 9608
3 42 6436
2 47 6223
4 84 757
8 4 6909
6 25 2099
1 26 1243
5 74 8157
5 73 5430
7 40 9437
7 49 5786
1 96 3533
4 85 1762
7 20 2454
5 26 3455
6 53 7390
9 21 4681
8 41 9927
7 59 5542
2 95 4499
6 7 125
3 44 9502
2 63 7069
6 39 2646
8 99 9733
7 24 4952
4 90 4071
4 83 3008
4 74 557
8 15 5172
3 17 1686
5 89 9741
3 95 4709
7 47 2007
2 48 9991
3 58 7088
2 62 5796
2 60 6664
10 44 5502
10 95 8859
9 62 8952
1 95 8739
2 53 9237
9 19 8122
10 36 6731
5 33 3052
9 69 4283
7 94 7597
9 31 2141
3 87 6308
1 4 1333
6 44 1818
9 22 1987
2 22 9540
10 16 2007
7 89 6042
5 90 3986
2 3 1994
3 65 188
8 46 896
7 51 7356
5 76 7286
8 2 9139
9 64 808
10 88 6605
6 10 7079
1 26 9388
10 92 5022
6 56 1397
5 92 8334
7 41 2624
9 98 8104
3 72 4872
2 68 6835
10 98 8779
4 75 4424
9 90 3979
7 13 3819
6 93 6381
2 35 6408
8 47 8911
6 21 5606
1 97 3016
9 81 4494
5 37 2924
4 28 3032
9 86 2490
9 72 3256
10 8 8404
4 58 1769
9 33 9474
5 7 1784
10 11 7324
3 82 8635
3 62 5691
2 88 7312
9 78 9538
1 16 4408
1 68 7598
6 82 3811
4 80 2975
2 66 5108
6 61 5038
9 36 9110
3 57 5581
7 56 3510
4 8 1665
4 13 5717
10 39 3250
1 41 6248
5 59 9642
9 91 9503
3 45 6701
2 53 5383
2 65 5971
8 88 6492
6 37 3534
8 70 6102
5 100 6792
4 64 6924
10 1 3788
7 34 1630
3 14 9985
9 45 3248
5 79 4167
6 41 6940
5 19 7381
9 6 4949
8 20 8377
10 36 7539
10 42 2618
5 81 3444
3 3 586
2 87 4471
3 93 1485
2 86 764
5 29 7077
10 97 1617
9 83 9341
8 45 6507
3 9 2529
8 20 6251
4 80 2723
4 33 637
10 63 6088
5 69 5959
8 67 3490
7 40 2962
2 30 2583
7 35 955
3 100 4184
10 3 6086
6 23 8371
8 98 583
9 72 6989
5 100 9303
7 51 161
5 19 6399
9 56 6156
10 32 4354
4 85 9295
7 56 5026
5 6 7807
2 80 4058
4 80 8451
4 6 9184
10 21 7440
10 63 9315
8 58 4772
1 67 7008
5 36 4263
2 17 7258
1 47 9047
4 7 7138
6 42 7061
4 58 4880
2 85 2211
4 46 453
3 30 2478
4 38 1904
8 58 8127
10 41 8918
5 57 2335
10 68 8222
10 34 4863
4 75 8018
7 2 5232
6 97 6580
7 59 6401
3 86 7137
4 46 7967
10 61 8086
3 94 4251
1 63 5325
10 100 6000
2 48 4105
6 73 3583
8 88 2897
5 79 6562
6 53 9740
8 47 3800
8 59 106
8 60 6329
4 9 6576
7 38 1325
10 39 4334
1 15 2943
7 41 250
8 81 3964
1 7 4519
1 20 2186
4 98 2980
4 86 2806
1 89 1997
4 69 4133
3 18 2280
1 27 3420
6 68 4982
3 15 3181
10 80 1767
6 62 2197
8 98 8067
8 64 6542
6 51 5718
7 62 3554
7 49 573
4 15 7075
4 30 3682
2 18 6187
5 95 9737
6 53 1377
3 67 562
4 9 1566
7 77 4973
10 52 4098
4 25 6838
9 80 2024
2 28 6624
8 5 8936
6 83 8634
1 85 7670
1 55 3010
1 51 3953
3 36 2215
3 7 7606
8 68 1861
3 92 2922
5 7 3402
4 25 7583
5 53 4254
2 56 6363
3 63 9316
5 84 2577
4 75 9407
1 75 8330
6 23 9032
10 54 8283
6 57 4037
9 63 6579
7 75 6064
9 27 3059
9 11 5969
6 71 1466
5 88 1280
7 77 8105
10 65 3059
3 26 2673
7 62 2889
3 21 1316
1 75 9357
6 62 4106
8 39 9591
6 76 231
9 65 2605
1 66 2791
10 35 65
6 67 7071
6 20 1056
1 9 5896
7 69 1081
4 59 7581
6 57 2227
9 78 2644
1 47 1765
2 98 5398
3 95 5205
5 99 4377
1 81 3662
7 85 8929
9 26 118
6 87 7612
1 39 1507
5 40 3158
1 24 7103
10 13 731
9 17 5129
9 54 3048
3 88 3286
2 96 2534
5 76 2755
2 9 3843
1 9 217
2 41 6160
1 82 4628
5 30 171
4 72 6349
3 70 9836
8 24 797
5 8 1486
4 36 796
8 9 1537
6 15 1374
6 30 5477
7 29 4775
10 7 3518
5 67 5267
10 84 5641
4 20 7301
1 27 5051
6 90 991
2 23 3840
9 45 2913
2 28 3859
1 27 2955
3 33 1970
9 32 2316
9 7 2642
2 86 3832
8 35 427
9 10 8602
3 89 3950
6 45 8967
4 95 6441
10 80 7376
9 76 5699
5 83 7267
2 46 7487
5 96 4168
6 20 5177
5 45 8181
5 79 2553
5 24 31
7 61 292
2 6 6870
3 89 5370
10 12 7054
2 71 2238
3 47 7999
2 33 9291
2 87 7407
4 33 4479
5 39 2837
6 55 758
7 72 2052
9 29 5551
1 20 6772
2 26 947
10 89 7862
10 57 3948
10 1 4400
3 71 8572
2 38 5662
1 45 1089
10 34 3102
2 61 6435
1 29 5939
5 38 7422
1 70 5453
3 53 32
5 99 4262
5 31 9277
5 65 7012
7 65 2945
7 61 623
10 79 8133
4 11 7513
10 11 9208
9 6 2307
1 95 5014
4 81 1435
2 64 7924
10 84 6953
9 100 251
5 10 9562
3 13 5872
7 81 5104
3 31 9701
9 37 2460
2 100 8005
7 91 3315
9 61 3832
4 62 5476
1 45 4475
8 2 285
2 67 4004
10 3 3976
3 71 295
7 16 6472
7 38 5065
7 1 4884
10 31 6475
1 24 8800
8 60 2662
6 26 3029
10 98 9216
2 86 5226
2 99 1675
10 42 7702
6 48 5116
9 52 4228
3 75 5569
1 3 8215
2 7 2395
10 94 5697
10 35 5317
6 67 1425
7 32 3794
3 44 7629
1 27 9596
4 87 3332
8 25 2439
5 67 5863
4 52 2420
4 15 3293
10 26 1850
5 11 1999
5 66 2574
7 91 8035
6 10 8426
6 23 2461
7 59 5112
4 42 5621
5 53 9691
6 39 3166
3 57 3986
5 18 1180
10 5 333
7 75 609
7 2 7482
3 87 1457
2 30 1741
3 63 2907
10 6 7921
9 2 7423
7 31 5091
1 92 1328
3 11 5143
1 12 6565
2 6 3984
2 62 6820
2 96 3967
5 24 3837
7 43 2275
8 100 4231
2 55 9792
10 94 6882
10 39 8625
1 59 3914
5 23 3401
1 85 7596
4 51 8507
10 20 9555
4 87 1842
6 27 9682
8 31 2999
2 88 5962
2 24 7941
10 55 8821
10 8 5454
5 94 6453
4 23 2251
6 30 2091
1 2 8714
7 2 7918
3 25 9446
6 90 4495
1 92 8054
3 82 497
6 61 6490
2 86 9696
6 67 6509
7 49 2293
5 40 4527
8 40 8277
6 54 9949
2 35 4362
2 22 4897
7 83 9489
10 84 4034
8 37 5118
8 44 6568
3 18 2461
9 67 8108
9 59 7162
1 16 6519
5 23 5059
1 97 3747
7 26 3239
10 37 7101
3 62 5979
9 64 3958
9 60 9774
5 69 2700
7 17 1928
4 55 3871
7 72 6871
7 28 772
5 38 8273
9 55 6906
10 29 4628
1 84 6066
4 27 9194
6 99 4319
8 93 6949
7 59 8911
3 1 4681
1 81 5770
2 57 9563
9 95 5848
4 95 8617
9 64 8491
2 100 3831
3 74 9577
10 89 4012
8 23 89
7 9 9220
1 83 2777
2 42 8659
9 77 2447
4 19 6298
5 53 3751
10 97 2906
5 78 1164
2 99 9768
10 12 2979
7 70 4443
1 36 5395
3 83 5555
4 2 6755
7 92 1651
10 45 3484
6 20 4810
8 1 1145
6 77 8943
3 62 2972
8 74 9864
1 48 664
10 22 6232
5 33 1317
7 42 3638
1 79 5860
1 4 5211
8 88 6027
3 59 5624
2 10 3207
2 35 7915
10 18 4775
10 93 2723
9 38 699
10 10 3303
1 35 7611
2 69 2303
2 98 262
5 73 469
10 57 2763
6 8 8766
7 66 6385
6 75 8178
4 62 5385
2 42 6843
3 70 2789
3 27 1420
1 38 9149
5 94 6669
4 78 5399
8 45 8880
9 8 3199
9 19 9714
7 24 3724
2 37 1877
6 37 1804
10 27 4713
2 25 4061
4 33 9472
6 26 6615
1 63 5351
10 52 3770
8 61 5185
5 84 6803
7 71 4606
1 43 610
2 7 5236
9 86 2198
4 50 4439
9 74 3124
8 82 2100
9 92 7706
4 53 8123
9 25 1692
8 9 874
8 70 3092
8 75 7632
3 29 3921
8 46 2247
7 15 5701
7 100 6
7 32 430
5 97 2377
6 13 6911
9 68 2780
9 28 6369
7 19 1999
3 56 8740
5 48 9842
10 66 2542
8 5 6399
3 28 3497
5 86 9609
10 83 7212
2 75 9910
7 96 420
5 15 2988
7 46 6663
4 37 8046
9 95 5385
2 84 7474
3 88 6000
10 46 2774
8 25 2769
10 15 684
1 19 9381
5 79 9863
1 21 4814
7 9 6553
6 71 7092
9 78 6270
7 32 4727
8 43 8705
4 62 1944
8 40 6300
4 85 5213
7 38 4059
3 17 1912
3 37 9680
9 34 9674
10 28 1782
5 31 6534
10 37 5568
7 42 2865
4 75 9840
9 81 5378
8 93 1496
6 58 6599
3 6 1773
9 40 5305
8 35 6937
3 52 3390
6 66 8693
6 36 6415
3 46 1904
8 58 5653
6 28 3665
10 11 6013
6 3 3271
8 77 6254
7 27 7011
8 32 3813
1 36 1599
8 13 1440
1 56 6392
1 63 3644
9 74 513
1 97 8215
7 24 4306
3 7 8117
3 24 5463
3 49 5003
2 99 8232
2 22 6611
9 50 5691
9 75 188
3 69 5202
8 6 7085
7 29 4655
1 19 3569
4 32 9225
3 91 4913
4 48 5829
9 26 5031
5 23 9792
5 21 6894
4 4 6333
10 73 3341
3 94 9147
1 82 5348
1 9 569
7 78 881
8 92 4586
10 66 5564
3 26 1488
7 66 598
8 80 9409
2 68 3904
4 25 9034
1 17 5252
6 94 6721
3 98 2195
1 59 8587
5 45 677
7 17 6354
8 89 8274
3 19 522
4 14 7820
2 49 5858
5 66 1801
8 51 890
10 79 899
6 99 9742
5 50 5922
2 40 6840
3 59 7635
6 49 5899
4 8 3775
2 90 9594
10 79 9267
2 52 1126
6 91 7636
9 96 3020
6 34 3507
7 13 7681
1 48 9849
10 53 1519
5 79 1596
10 37 6623
7 33 7785
4 74 7518
9 41 9194
7 27 9404
2 60 5383
9 53 6560
4 63 8286
9 33 5890
4 3 5268
2 30 3753
7 66 9597
6 93 8368
3 10 6392
9 68 7375
10 3 8309
5 82 6098
10 71 8473
9 60 5893
2 46 724
6 1 2121
3 75 7384
3 92 434
4 55 7720
4 38 8582
7 46 9594
7 51 3154
3 25 1687
3 72 6510
6 90 1446
7 13 8889
1 52 59
10 94 4740
9 21 3997
2 68 4205
4 35 7942
7 45 953
3 48 6415
1 3 4890
4 73 4454
6 18 2579
2 21 8968
6 50 7284
1 47 8666
8 9 2007
7 6 1227
8 33 4951
9 40 4318
2 35 6888
8 5 2807
5 29 1607
1 88 5912
3 48 766
1 65 7856
7 38 4009
5 62 9638
1 16 8909
3 51 5800
3 71 4766
8 73 6658
2 92 2938
7 80 1479
5 48 7132
8 45 914
4 32 1943
8 43 9157
3 6 422
9 39 656
2 49 2592
3 67 453
4 29 4139
8 20 8816
3 96 1675
2 52 7775
6 76 7288
6 17 635
6 45 8939
7 20 7269
3 41 1967
10 60 9904
10 22 7482
7 39 7821
7 43 1526
1 25 7947
6 22 6955
7 67 3185
4 76 7579
10 98 8111
6 63 2566
8 53 9820
5 46 2772
5 22 8623
9 29 3622
4 34 6783
5 10 2869
5 25 7818
3 52 4929
8 35 5909
8 22 1297
1 15 6066
10 3 3449
9 25 9362
7 100 8956
10 91 2090
8 35 8631
6 30 5958
4 57 8994
8 26 42
3 71 7488
9 20 7578
2 47 5236
6 3 6986
3 8 8812
8 45 9408
6 58 9514
8 28 1165
6 15 5449
2 83 3137
10 24 9526
9 74 3973
3 35 5389
3 66 5777
8 16 1763
2 32 560
9 86 3643
1 2 1577
6 27 4599
7 43 1680
1 90 1157
1 98 5959
10 17 4579
8 99 4816
8 100 6133
10 2 5530
9 8 7697
7 8 343
6 12 1096
9 51 4092
2 96 3845
7 21 7727
10 98 1596
2 96 8307
2 57 8693
4 32 748
2 56 7917
7 6 3043
6 79 223
3 53 3099
7 94 2230
7 62 9409
6 74 7942
7 75 9207
5 81 8211
10 18 5247
4 96 9399
6 77 7203
3 79 8378
5 78 9646
2 92 202
7 31 284
6 19 8767
9 51 8390
3 19 256
1 57 2522
7 84 29
8 19 4559
9 36 9022
2 54 9697
7 58 7011
10 51 2469
1 42 5825
3 90 4927
5 4 7083
10 51 4531
10 61 8470
5 40 3927
9 10 7337
7 97 8056
8 22 9425
1 25 8488
5 48 1581
10 43 8515
10 59 216
3 94 7376
10 40 719
9 83 7237
3 70 3167
2 43 9968
2 66 8174
1 89 4364
6 37 7672
2 67 9264
4 16 3518
9 46 4433
3 22 3849
2 60 5933
4 55 5329
7 91 3744
2 51 1868
7 3 5022
7 14 3133
7 72 8404
10 57 6245
5 16 9350
6 58 9890
9 27 5990
7 92 655
5 88 4740
8 91 3189
9 26 8066
3 10 6531
6 34 9006
9 53 8569
7 23 3319
10 12 7085
7 59 4324
8 60 8942
9 31 7142
4 12 9967
6 36 6690
1 75 6246
1 40 909
5 95 2477
3 61 334
8 44 9777
6 50 7940
8 92 6246
6 25 3988
2 90 3812
10 28 8879
9 15 1383
2 18 2304
8 20 1987
3 74 2530
2 82 4005
3 83 302
6 7 7014
6 24 7866
1 87 4589
5 90 3669
3 86 5245
8 64 9223
5 17 160
10 68 7535
2 54 3202
3 19 8201
10 13 2269
2 72 1253
8 18 2325
6 51 8557
4 42 9692
7 10 5644
9 87 2932
8 88 6261
2 91 1487
5 82 1982
1 6 4761
9 41 6507
1 18 5078
2 29 9295
1 38 4839
8 36 4932
8 94 4649
10 75 8176
6 12 8872
2 78 3712
5 86 2870
4 25 4634
8 5 5617
4 76 7736
5 49 9977
2 54 404
7 54 926
7 21 2314
2 37 694
7 61 3915
10 94 1422
6 21 4039
10 7 5324
10 98 9745
4 13 4342
2 87 4334
5 50 7731
7 89 7571
1 7 9235
10 73 8220
1 62 5260
10 99 8160
3 78 5267
5 90 4241
7 67 7943
10 100 593
8 89 465
8 16 3641
6 31 4826
8 57 7502
3 39 2738
6 55 5722
5 51 3932
1 56 4180
6 39 9846
10 93 2616
5 100 295
8 51 6310
6 9 5753
5 60 7967
1 87 2967
6 20 3172
9 9 2784
5 94 7099
10 99 4477
10 93 4079
7 48 4792
9 71 5821
2 93 5038
3 5 4282
6 65 4977
9 86 5446
6 34 9472
9 29 1430
6 83 1188
5 68 7837
5 65 4734
6 70 8305
10 37 3020
5 43 8706
7 88 2558
9 18 5835
9 14 1432
9 8 5633
3 70 3979
2 6 3064
8 52 198
4 92 9781
4 89 6732
8 1 1686
6 66 2335
4 42 5618
5 81 1508
5 35 5878
6 77 4914
1 85 2801
4 70 3722
7 44 4021
2 43 9831
1 34 6044
7 20 3526
1 30 9300
4 50 5234
8 16 8124
2 49 5357
5 71 7176
9 97 3581
1 27 7776
6 12 2182
4 72 2005
8 68 1160
7 21 3466
1 4 55
3 80 5553
10 35 7191
1 66 9782
9 25 7207
7 36 5566
6 55 3477
7 11 504
8 93 7185
2 85 440
4 70 7
10 17 9390
4 99 5800
8 24 643
7 41 8245
8 52 4174
7 54 8559
9 85 8701
9 10 9729
3 76 3936
8 4 7244
6 97 1439
4 49 27
10 72 4740
8 99 3403
2 98 6624
3 52 6968
7 77 8058
1 11 163
6 89 4263
7 73 448
5 84 9934
2 57 1650
4 64 5073
4 51 6985
7 46 1095
7 95 1763
10 76 4308
5 99 1285
8 24 1914
9 15 8507
5 98 2136
2 39 4735
6 92 9674
3 86 3445
2 86 7173
2 49 3136
9 58 2732
8 9 8815
10 30 6606
1 7 2423
10 9 7885
1 77 5883
5 26 1141
9 94 4959
10 36 7934
3 13 7419
7 66 2140
6 17 6307
10 60 9146
8 8 6217
4 85 1173
1 45 9115
9 37 5816
1 25 3830
10 46 2239
3 64 8898
3 70 9071
3 75 7127
9 30 9196
1 39 1946
6 70 1223
2 40 8675
2 85 4156
1 45 7972
8 74 9201
1 91 7214
7 44 1527
4 26 748
1 64 8532
6 51 4220
1 88 5497
5 62 1602
3 51 6597
10 28 9427
6 56 6946
5 28 7227
10 74 7522
7 30 5613
10 29 1984
3 84 1821
10 34 8236
2 11 6620
3 27 1723
8 8 3812
7 1 4658
6 99 9325
5 66 1508
3 42 1696
10 18 4288
2 60 2358
4 81 3072
6 4 4041
10 57 9118
5 29 8701
4 40 3195
7 14 4481
1 89 9013
7 13 9530
2 74 1642
7 65 8040
3 20 547
10 18 7554
6 31 3320
9 1 4060
4 42 8386
4 45 1771
4 46 6410
2 97 5134
9 89 3658
3 95 8725
4 7 7745
2 26 8861
2 17 2479
1 20 6060
3 60 575
5 71 5605
3 57 2865
8 90 5506
2 24 2116
5 21 2561
3 43 1848
10 11 431
5 84 3121
6 40 819
3 9 5409
8 24 2802
5 86 3634
7 97 4125
8 69 2176
9 45 4989
1 84 1252
6 67 9901
7 64 1055
7 76 3014
1 14 3143
2 55 944
4 93 4214
1 38 5365
1 33 3459
6 76 4258
6 15 4638
10 52 4919
8 39 798
9 48 5776
4 86 48
7 97 6229
10 18 9882
4 68 2463
1 50 4418
6 29 3545
3 62 1909
8 33 7791
4 58 9152
7 15 1984
7 43 7892
6 85 9328
5 99 1514
4 92 8359
6 71 8800
8 5 5561
6 50 6007
7 83 8685
1 3 8882
6 85 3275
4 20 7508
4 69 6458
7 72 4466
2 34 7759
2 96 8296
8 28 3716
8 61 6611
7 25 8219
10 24 7290
7 42 4344
10 25 7008
5 63 6695
6 10 2394
4 66 5835
3 57 8930
9 29 2123
1 13 3355
3 70 9640
4 82 1340
1 17 1613
8 65 5566
9 98 5224
8 32 5783
4 53 1551
8 89 1033
2 33 4892
6 22 6183
9 55 9735
9 63 6668
2 100 2522
2 2 2332
8 65 6505
2 92 1615
2 42 2368
5 7 1815
10 54 3435
6 21 4895
4 63 2941
10 33 7179
1 90 5388
9 89 3308
4 15 1887
3 51 3096
1 25 3528
5 82 8547
10 69 1080
8 73 2746
5 42 7608
4 97 3979
6 13 6327
4 10 2350
6 39 676
8 9 3261
7 12 6067
3 64 2508
10 32 9943
5 70 3038
1 43 7794
10 3 5501
2 6 8531
7 82 6597
4 62 9352
3 27 7692
9 88 7990
2 69 5884
4 46 158
7 59 9798
5 15 4079
3 6 1646
3 71 4983
8 2 584
7 59 5648
6 29 4394
7 67 6116
7 66 71
5 72 7319
5 92 8638
7 8 2706
6 57 9015
7 8 3526
3 8 4243
4 38 9505
7 80 2028
8 27 2224
4 2 4856
8 78 9291
6 77 3592
9 69 7069
4 34 8911
4 13 8991
7 33 8508
5 9 6645
3 16 5065
4 60 4542
2 65 2007
8 79 7208
5 73 6177
5 62 4185
9 95 854
6 84 7401
4 30 4067
8 77 5813
6 80 3850
7 68 8962
2 43 1854
2 89 4308
5 73 4920
7 15 6642
8 37 8376
2 68 4862
6 5 9475
3 77 2741
7 75 2227
8 76 4564
3 8 4443
6 62 2896
4 5 3143
7 21 9391
4 29 7098
9 56 9802
7 87 7271
9 95 357
4 93 1718
1 58 9364
7 46 5773
8 2 2839
9 1 9765
3 59 2548
4 93 4204
1 43 5317
7 73 7850
8 84 4589
9 54 2248
2 82 1321
7 56 7293
6 22 4151
2 6 5765
1 33 621
7 46 8472
9 40 8948
10 12 3396
8 42 1822
6 77 943
9 24 8307
7 2 1663
2 19 332
9 91 3556
3 39 913
5 62 7938
5 26 8276
8 25 9469
1 89 3525
5 25 4820
3 14 3119
4 18 144
5 51 4857
7 61 8291
3 82 8081
2 31 3771
6 88 6835
8 69 3692
5 92 4965
4 51 4984
1 97 9716
9 62 5358
5 58 3434
4 3 4233
1 46 4580
6 88 5606
3 98 283
8 87 1984
1 27 7813
7 69 2750
3 30 2950
3 58 479
8 91 7052
7 9 4898
3 4 5621
2 64 1791
8 50 6095
1 55 7018
5 31 3273
3 32 2664
1 5 3941
1 28 6051
2 55 1579
6 87 2540
10 86 6516
10 4 5699
8 94 1067
8 42 6779
4 100 8723
10 1 3075
1 88 6174
10 67 4820
3 37 4812
8 91 3353
8 78 6662
10 15 4767
1 5 3489
3 35 1603
9 61 2236
4 43 4302
6 71 8427
5 63 4242
2 85 410
4 65 8829
5 56 9800
9 10 3664
10 43 739
5 90 9161
8 100 9379
6 17 5524
4 29 5830
2 94 2619
3 20 2774
1 22 9549
3 10 214
5 89 8649
10 63 8894
3 18 2661
6 94 9940
8 35 2125
7 40 7538
1 48 1829
1 15 104
3 2 9742
9 64 5430
6 70 8124
4 87 5922
10 6 4643
3 40 7852
4 22 26
10 42 4056
7 9 6156
7 61 3221
9 23 9438
6 96 3573
3 4 3354
6 19 7629
2 26 559
10 6 1139
2 18 2799
4 8 4395
6 59 3807
9 48 9562
8 48 6905
6 63 5457
8 71 5786
10 5 3133
7 30 2600
2 13 2900
5 94 1620
4 28 5336
6 21 6542
8 75 5100
9 41 4693
8 51 2926
7 59 9905
4 59 3237
3 100 4046
9 81 6359
9 72 1747
2 83 7734
8 63 7685
5 12 6277
9 21 1665
2 66 2090
6 39 8581
7 100 2393
7 87 1523
2 6 6500
4 16 6257
5 16 6190
9 74 2946
8 11 509
10 96 8770
7 81 3041
6 22 5429
5 96 941
5 6 9916
5 84 7792
7 6 7589
7 13 8962
7 60 8644
9 99 6544
9 79 9547
6 43 9339
4 73 6775
8 43 8390
1 21 6749
6 49 8446
2 93 5331
10 84 3245
5 91 7661
5 49 4662
1 44 3748
1 41 5972
7 72 3744
5 1 6437
6 89 1444
3 19 3735
3 44 2103
1 26 7233
9 76 4971
6 86 9130
4 20 4003
8 70 5806
7 36 7357
5 20 4695
9 37 8378
1 1 1898
9 25 9262
6 28 9950
1 24 354
3 93 2049
10 76 6230
7 62 6981
8 77 1068
8 74 5876
10 31 4757
10 29 9270
10 70 8282
5 72 5144
1 78 4620
7 20 7591
3 25 738
9 43 6883
1 13 9711
1 77 9716
8 36 5498
6 7 4552
3 49 8830
6 11 1319
8 90 1669
2 97 4761
8 82 3989
8 22 994
6 100 5123
5 96 8683
1 96 3125
1 20 1913
4 32 46
2 3 6683
3 41 3210
7 82 7921
7 43 1144
7 48 4446
3 36 3785
9 87 8793
3 78 5879
2 31 7523
5 58 578
5 45 7187
5 35 3101
8 90 1599
1 24 1808
1 1 495
8 83 7816
7 84 9239
1 37 651
8 19 6175
6 19 3637
4 17 2400
5 62 6147
4 89 2223
10 14 7074
6 14 1228
5 57 2818
9 10 7572
7 80 6934
6 38 580
10 46 2615
1 36 9236
1 52 1149
3 27 4146
4 83 7640
4 39 5224
3 30 7408
10 67 6507
10 50 9079
7 57 9479
4 30 8314
7 19 6853
7 23 3847
8 91 2451
4 24 2738
9 95 2260
5 48 1839
1 45 1093
7 86 4559
10 47 2377
7 2 1123
5 92 2175
1 38 8275
5 92 9038
9 68 946
10 18 3965
1 80 5146
5 52 3197
4 5 4512
9 74 1915
6 96 7135
8 100 8203
6 21 4366
9 78 4422
6 40 1485
10 49 7450
8 12 6621
3 56 4282
5 88 8280
10 28 5700
10 99 185
4 16 9449
2 59 792
3 30 2986
5 31 3399
6 10 652
9 27 1514
5 100 5522
2 33 3100
4 32 6161
1 80 9538
6 47 5163
10 15 9355
4 52 4824
3 88 7311
8 28 5131
9 98 1818
7 67 1543
7 98 9151
3 14 7665
7 59 3483
5 42 4099
9 97 4906
5 27 9713
3 38 975
3 12 6718
9 61 2619
1 28 7915
10 16 5067
7 90 4076
7 76 1513
5 94 294
9 64 8734
2 21 6453
8 73 7827
5 41 4130
1 49 1610
7 29 5878
8 98 5094
6 51 4413
1 58 1699
2 68 2557
6 1 2831
10 25 8975
8 9 267
6 7 7074
5 8 4154
3 66 6900
10 28 8885
1 54 2381
9 74 826
1 80 8985
9 77 7949
9 14 9657
4 70 5291
7 53 4197
1 18 9994
8 57 9520
5 88 9727
2 30 2379
2 74 8276
4 50 6566
7 67 7543
10 70 3057
8 2 2131
7 2 5449
5 12 4208
10 100 5139
3 58 8236
9 50 1255
7 32 2492
9 40 9655
2 89 1569
10 100 5087
2 95 8443
3 34 2417
8 2 5268
2 87 613
7 46 4801
6 90 5729
7 38 1015
4 66 3197
10 12 3724
5 81 6792
1 97 9235
5 61 1606
5 83 7487
7 14 9834
4 1 9651
8 67 122
10 25 6671
7 38 2753
5 19 6109
6 23 3095
2 97 967
6 20 1298
5 3 3207
6 74 3305
9 36 8883
2 90 8148
8 83 2673
9 57 8376
7 59 5263
4 6 8365
4 1 1903
9 83 8633
7 88 6607
3 94 9836
1 90 1174
6 47 3623
2 60 7476
8 96 5926
4 19 461
9 66 2164
2 5 6313
4 29 6506
10 33 4015
8 76 9129
9 13 3913
10 52 993
6 91 7780
10 29 4186
9 96 8427
8 62 4310
5 3 3946
4 92 3680
1 84 9347
10 68 2106
3 26 7843
9 94 9861
6 85 2640
2 87 9087
6 60 958
8 17 9774
10 98 4346
9 97 2729
7 83 351
3 56 9590
5 57 8026
3 68 4980
5 54 726
2 28 3779
10 38 3551
5 76 6435
1 9 9409
9 53 3986
6 90 9372
3 7 8197
2 5 2625
6 52 7667
2 48 5595
7 80 1386
3 56 8383
10 81 4211
7 88 9107
4 58 2216
1 45 942
10 68 4816
1 30 8441
6 65 7571
1 13 154
4 75 1134
10 87 9673
7 75 5470
10 78 2402
6 13 7416
1 1 3783
5 62 6886
1 57 9537
7 37 270
9 32 2809
6 74 3999
6 91 3131
10 63 5017
10 96 4394
9 87 5698
9 47 6464
4 68 4176
9 8 1458
1 69 198
6 51 6387
10 28 6105
4 86 5294
10 55 2968
5 31 8427
2 2 6500
7 19 2863
8 25 4843
2 16 4792
6 88 9293
8 17 7898
9 98 4146
8 29 5129
4 78 9707
8 88 3012
10 3 1132
3 28 19
9 9 2372
7 66 9923
9 97 8679
9 44 8033
5 99 8397
7 93 8541
4 38 7393
2 20 2781
6 66 7482
6 21 7966
9 59 6437
7 41 4842
1 35 4981
7 47 8397
7 76 2785
4 3 4277
4 36 4391
1 1 7066
5 3 4575
8 82 846
2 95 133
9 34 7677
2 97 1011
7 33 8880
4 44 1703
5 6 116
7 43 1065
5 44 6122
9 95 2583
7 68 2814
4 22 5890
10 36 3960
8 69 6471
2 71 8866
6 49 5570
9 82 6632
4 41 1279
7 44 3956
2 25 4950
2 79 9812
4 21 5285
7 83 3258
4 89 4500
8 75 8615
5 30 8346
10 91 8311
6 26 7481
9 52 5979
8 66 4397
3 85 8114
1 28 4666
5 33 7124
6 78 88
5 19 5923
6 49 889
1 46 6821
10 98 1220
1 39 318
9 71 4686
3 73 8263
8 38 6136
10 78 6942
7 57 4486
8 75 2379
5 61 4453
2 46 3351
5 65 2577
3 42 4277
7 56 1460
3 41 1369
3 87 2689
10 66 5930
9 48 397
8 48 1029
8 1 9014
10 8 8213
10 11 713
6 51 4079
4 28 982
1 28 3988
6 91 2201
4 17 3015
10 54 1230
7 12 882
7 1 7322
7 69 8204
5 36 9832
6 86 4309
5 95 4279
1 29 8219
6 5 781
5 35 8654
8 26 452
8 51 4751
7 23 2801
1 43 6757
5 26 1561
8 84 7109
5 14 4650
7 17 965
9 61 1407
6 25 2489
1 77 1579
6 7 9367
3 23 1278
6 19 9622
1 7 9793
1 47 8518
3 21 3424
3 86 3152
1 30 3545
4 86 4850
3 95 6522
6 23 8479
9 73 4003
8 100 9160
1 7 9635
10 52 7926
4 97 5396
2 91 7542
1 21 1159
5 13 2473
7 24 2176
9 62 9247
7 32 2825
2 29 5878
6 20 1294
7 2 7663
6 85 8578
3 61 5013
9 53 9485
3 24 3201
1 96 7271
6 89 6426
3 82 7876
4 17 303
4 91 5166
4 78 1004
2 92 8303
8 63 163
9 45 2950
10 87 3514
1 69 2494
1 46 6141
2 54 4964
5 83 2725
6 72 7840
3 10 4959
1 92 5437
8 4 860
7 87 6374
4 12 8485
5 94 5884
4 32 2188
8 75 6561
7 6 2822
9 49 1775
5 3 8767
7 1 8471
9 50 7558
2 48 4923
4 68 8210
1 21 2898
2 50 3697
1 37 2625
3 44 4250
3 27 7692
3 36 8677
6 36 4390
5 43 660
4 41 7901
4 6 8574
8 5 4587
8 43 9987
6 29 4553
6 77 2789
9 13 3686
10 100 7223
3 4 4902
9 92 8639
6 100 3566
8 69 1131
9 10 9834
8 36 2369
6 72 7544
1 31 8432
10 23 6965
5 98 7245
1 25 1471
4 87 9783
7 91 6270
1 5 2766
8 72 4107
3 46 4150
7 65 8306
6 90 9035
1 31 2988
4 97 4567
4 84 907
10 71 3475
3 42 2193
4 24 5296
5 41 3794
5 89 698
2 92 7403
7 27 3057
2 55 3410
4 73 1916
7 56 459
2 97 8876
3 27 8548
5 73 3627
7 59 6193
4 90 7367
8 57 1513
10 5 1868
7 92 7217
3 51 4042
1 56 6450
1 15 6145
2 53 4226
1 71 3005
4 83 9506
2 8 2924
1 42 8486
6 69 9660
2 28 241
1 92 5544
8 27 9284
8 5 980
6 92 9039
4 27 7647
7 38 9607
4 68 3046
2 9 5201
8 28 509
3 88 6781
2 69 3315
6 70 2749
3 38 3256
10 87 2872
8 17 1230
6 70 1324
4 87 390
2 46 7810
4 33 8393
1 52 8456
8 86 7366
9 30 4322
1 35 1026
5 12 9865
9 1 685
9 25 9355
7 25 4277
4 100 2355
9 6 7416
2 52 8873
1 86 4398
7 90 2987
1 20 4719
1 69 329
7 23 1697
8 99 8149
10 57 9840
1 53 3379
10 41 6775
3 16 1258
6 86 3055
6 93 7584
1 40 4767
9 51 7839
1 7 3897
2 25 7170
10 32 1768
5 41 7127
3 97 200
1 8 6407
1 89 4655
4 48 7705
4 45 5010
10 11 6918
6 30 8521
7 44 7327
3 93 455
2 54 3149
8 91 2172
5 2 6482
1 87 8194
1 3 183
2 17 2451
1 13 7404
3 9 7949
1 97 7226
2 22 9738
2 36 680
6 34 2437
10 53 3711
4 19 2777
9 37 8624
8 66 7810
2 93 1591
8 5 920
9 36 3968
9 2 4765
7 46 3510
7 23 3238
7 74 5169
1 16 5694
5 80 6922
4 70 1482
4 20 8888
4 61 3202
10 87 9256
2 54 2869
1 51 5219
10 39 7986
7 80 4924
7 87 2706
5 48 4063
6 16 7805
6 96 1276
9 20 3954
2 16 3451
10 46 706
8 84 8125
2 69 5976
8 63 1035
5 9 7150
7 40 8130
9 21 9399
2 88 4201
10 35 3810
10 40 134
1 73 4570
9 51 8266
10 16 6896
5 35 4428
9 34 4967
8 79 4356
9 29 2139
10 34 7343
7 82 8879
4 39 1534
5 97 9683
3 81 2998
10 84 6421
5 98 1149
3 34 6148
8 32 7324
3 25 9521
10 8 1048
4 97 9642
4 17 7804
7 11 8630
2 79 7612
8 36 2168
3 94 8214
1 40 127
1 84 2184
1 21 7883
5 76 4384
9 98 3184
2 43 8131
6 12 3157
3 17 2583
1 63 2614
8 93 2996
5 71 3964
6 49 5543
8 64 3289
9 56 3817
4 23 5902
10 22 6918
5 33 9457
3 4 9829
6 58 1285
8 77 5639
1 77 9101
10 24 8024
5 83 582
1 69 6580
10 6 6298
4 1 1605
6 17 8563
4 23 4882
3 33 4273
3 91 8283
3 79 3736
8 97 8336
7 13 4195
4 44 2998
4 47 5045
3 39 7387
5 15 8771
6 95 7439
3 43 1587
6 86 6337
5 72 1966
1 3 4778
10 78 2061
3 77 9150
5 83 4716
5 52 1370
4 75 9768
7 34 7349
10 67 1377
7 88 6270
9 88 3957
10 43 3580
6 91 2272
6 21 5662
8 79 5050
2 97 2555
1 79 8739
5 64 2545
5 17 7397
4 16 8397
7 12 4215
2 75 2442
8 93 5201
6 4 1470
3 12 4701
2 4 4212
9 95 9619
3 44 2833
5 29 1877
6 18 7170
6 30 2234
1 67 6091
3 5 6763
8 66 3881
10 77 3322
7 50 4238
3 36 3459
1 12 6632
9 89 3322
10 39 7944
4 16 9866
6 35 977
1 52 6722
3 1 411
6 40 1660
1 70 9666
1 47 9109
4 24 8620
7 54 6915
4 1 7194
7 75 9535
2 23 2982
10 95 1355
6 25 5130
8 58 3500
5 53 8289
4 65 4727
4 40 6062
8 19 8199
5 60 4723
9 55 3084
5 77 7496
8 62 9955
8 65 4711
6 33 4087
1 94 773
5 28 832
6 89 9429
9 43 6180
8 25 230
7 33 7345
9 66 8341
4 15 2862
9 43 1094
2 36 558
3 48 6523
6 98 1202
1 13 9129
4 44 9031
10 1 9499
8 19 4232
9 65 5535
8 94 909
2 16 1257
1 84 3581
2 38 775
10 46 5552
3 1 8694
1 89 7264
9 86 593
4 10 9003
3 51 3639
6 82 3593
7 26 5272
6 10 1441
1 56 8335
10 84 5180
4 48 7557
1 12 4550
10 40 3373
3 64 2658
3 23 7692
4 61 3348
9 78 2331
7 89 1033
8 77 5409
8 4 1596
8 40 4321
8 93 7028
7 69 6766
5 97 2328
4 36 7822
4 13 8458
1 59 1829
4 8 1015
8 98 256
5 93 94
6 6 939
7 28 4199
5 60 5926
6 36 9517
1 80 2475
7 57 1738
7 39 2307
7 59 7269
10 49 2502
10 85 397
7 64 2524
9 27 6510
3 43 1659
7 22 8938
3 90 9713
10 50 6257
10 8 4767
9 6 4142
4 53 4446
7 28 1531
1 49 8941
10 8 1637
4 19 3979
6 96 5639
9 92 485
8 95 24
4 50 4055
4 95 3042
7 54 7492
6 24 3313
6 56 5789
1 26 4993
9 11 1776
6 1 6074
3 70 4615
9 52 1773
8 66 4721
2 45 7886
9 7 8813
3 79 1532
7 5 9311
6 21 8540
4 37 8136
4 14 3014
7 63 8884
3 53 6503
6 86 3188
10 13 9214
9 67 8293
3 21 9727
8 79 9722
10 45 2803
2 69 9500
2 42 8174
2 13 321
8 6 3558
10 22 3040
1 44 3669
3 96 2604
4 100 7137
1 12 4398
8 12 449
4 75 3408
6 67 4444
10 11 4419
7 100 6987
1 99 2155
1 76 475
10 62 1654
2 85 9240
1 7 9991
8 19 7127
8 15 9540
5 84 779
3 45 5159
8 66 8916
2 20 5914
8 84 7101
8 38 9219
9 63 3326
3 1 851
5 46 6334
8 43 5868
3 54 7187
8 60 7823
10 22 9623
5 27 2479
1 23 3484
2 83 2486
9 76 3944
7 95 1151
6 77 618
3 94 4524
6 83 9871
6 93 9992
7 90 9993
2 19 2839
1 71 7861
2 81 5987
2 100 9157
7 14 7005
8 9 620
6 62 9656
5 17 5278
3 27 1867
7 53 4872
8 77 3041
6 55 1369
5 95 5127
3 10 9681
9 53 727
3 6 5317
9 5 9906
4 37 4161
2 39 3940
6 17 9877
10 60 156
5 28 2582
10 64 8463
5 1 1890
9 44 6584
4 46 2840
4 8 378
9 43 6842
7 89 9949
5 49 8879
5 59 1105
3 6 4681
4 39 6507
5 92 5676
7 14 3596
2 94 4514
3 81 7468
2 48 1264
3 51 2517
5 95 3992
2 28 6252
7 36 6078
5 29 5695
6 91 2910
5 22 3954
1 57 9634
3 9 9115
4 84 2820
9 69 5141
7 59 2144
4 67 2342
8 34 4908
2 90 5586
2 100 1902
8 63 7972
6 1 9961
3 30 7387
4 36 779
3 67 5094
3 17 8085
5 42 8398
4 83 742
5 89 1262
7 34 5163
8 74 3107
9 47 200
9 64 908
2 35 5520
10 1 6501
8 12 4218
10 67 1122
5 98 9619
9 60 312
10 66 9619
5 13 1120
8 46 6145
2 72 4866
2 96 6633
3 51 5395
5 28 6569
2 26 157
10 6 9629
7 93 33
9 99 7677
8 93 4373
6 76 1166
8 84 5958
4 100 6748
10 21 909
6 94 2412
10 60 56
6 98 5240
1 5 252
9 57 1716
10 3 6485
8 87 379
7 94 7812
2 29 2803
8 34 1067
8 71 9803
9 78 1660
6 29 748
4 98 4659
2 28 8716
1 71 358
9 83 1405
6 88 6748
5 62 7785
3 16 9298
8 72 4789
10 34 1873
9 39 4304
8 23 6528
1 90 3095
1 60 9967
4 78 3530
4 27 5910
5 9 5741
5 85 5175
4 86 2999
8 98 3160
4 81 741
8 40 6067
9 38 905
9 33 6188
10 24 8182
8 14 6626
4 3 9597
6 47 5569
5 58 1151
7 1 1228
8 18 5071
5 57 1707
8 65 8780
10 60 4358
2 73 2320
5 98 5095
8 44 4007
6 57 4391
3 87 3215
9 97 3091
1 86 7298
3 5 6665
1 49 4740
6 51 2980
4 17 22
3 15 3083
9 80 3782
3 85 8963
7 40 3051
8 13 6106
8 25 3077
9 30 8568
10 60 552
3 72 9008
2 41 6171
6 19 1186
1 26 5992
7 13 5142
9 44 7637
9 25 7589
10 97 9805
1 38 334
6 34 6188
9 12 2495
10 45 4795
10 27 3073
10 58 7472
3 43 6542
1 66 3926
7 92 1743
3 86 9128
7 22 6276
1 19 7860
1 15 7459
5 52 2684
7 25 3595
10 98 4776
8 63 3058
1 40 2079
1 61 7613
3 79 8000
10 72 4863
1 31 8415
4 50 9429
8 60 2645
10 55 9121
7 33 2973
3 26 3487
8 13 7606
7 100 4780
10 99 9252
1 7 8543
2 38 4081
2 47 6945
8 84 6006
4 67 8655
9 62 9868
4 28 5188
8 19 2100
3 71 6931
9 61 9697
1 99 2247
3 74 5860
1 29 3651
9 98 8726
6 32 2134
6 87 5292
3 9 4098
4 21 8865
7 10 9389
10 52 9212
2 72 3792
4 68 3723
5 66 3298
6 32 1874
3 63 5494
1 51 1086
9 67 4162
7 10 3233
9 90 3320
4 71 7605
3 9 5796
5 55 9476
2 49 4409
2 63 2940
7 57 6696
5 52 6035
8 49 5516
3 94 4677
6 61 7310
7 76 4528
6 25 8506
10 21 5608
10 29 2855
4 64 1658
10 14 2292
3 99 4666
1 95 2049
6 60 9199
7 9 5996
6 56 5002
7 71 3236
1 34 322
10 66 3050
9 9 8325
5 54 4864
1 8 553
2 90 5747
6 82 5229
4 30 304
7 48 59
6 98 3456
2 65 9361
6 99 5137
2 28 6341
7 73 5092
2 40 9469
2 37 6503
5 64 5014
3 34 1454
10 63 3503
4 41 3238
9 64 3199
9 43 1392
1 30 4614
4 46 26
2 64 8272
1 55 5741
5 100 4327
9 54 8560
5 30 2032
8 84 8947
7 28 3234
4 12 5032
4 87 2574
1 65 4549
3 37 4976
6 13 2583
7 11 3213
4 85 6096
1 60 6996
8 12 5019
7 93 8464
6 10 7932
1 46 8151
7 89 286
5 88 2316
2 53 6849
7 81 6079
7 7 7208
8 16 3103
10 51 8630
4 11 4974
2 79 575
2 22 5023
1 73 5751
10 98 9423
10 40 7119
6 79 4241
2 8 714
7 63 3364
3 94 9629
1 18 7223
5 98 8924
2 61 450
8 16 7624
5 22 8076
3 12 7979
9 10 4466
1 66 5705
8 100 702
9 6 3288
2 85 5908
8 5 8166
9 29 1310
3 92 3825
6 89 9859
1 51 3760
2 44 8423
7 84 3953
2 38 8906
9 97 1630
8 98 6238
7 8 435
6 26 8806
3 13 9409
1 25 9206
10 90 3663
3 83 2309
10 39 1131
3 89 5630
6 11 1955
10 100 9375
6 7 9107
10 57 4472
6 45 489
9 83 8771
2 22 8042
5 55 1713
2 82 1477
10 30 4445
6 65 3497
4 87 215
6 74 2937
3 42 5869
7 45 6180
1 90 3091
7 80 7133
8 87 3187
2 64 3143
9 88 7878
10 96 7349
3 56 3565
1 23 4089
10 45 4831
3 20 3281
4 51 3812
3 4 7229
9 49 6310
3 94 82
8 56 8678
10 82 6454
3 27 1881
5 83 9088
1 13 3403
8 96 6522
9 77 6496
5 28 2380
6 96 6594
5 67 5763
7 6 2519
9 92 1063
10 76 8712
9 32 5142
1 49 2102
2 6 8044
6 1 5943
9 48 718
9 26 591
8 3 4937
8 72 206
9 97 1154
1 72 7326
8 74 1286
7 29 5719
4 28 1931
8 43 4477
1 96 4483
8 52 738
10 60 627
1 52 6615
7 98 5944
9 88 4118
5 75 6108
5 16 6330
5 70 9625
9 30 4967
3 31 1015
2 79 1446
3 80 829
5 40 768
3 88 2595
6 11 7310
6 55 4676
6 50 1425
7 61 5950
6 1 5613
9 17 9547
7 69 9427
7 10 387
4 17 3710
1 97 4038
4 4 5596
1 31 7009
8 45 287
10 51 1338
1 19 7506
10 67 5835
9 73 6462
6 1 6683
3 60 7271
9 6 5970
10 49 5230
10 71 2403
9 78 8300
9 55 463
5 74 457
2 29 9969
5 84 1538
8 90 6736
7 18 1841
8 22 6425
3 3 8391
2 29 2630
8 46 8062
2 75 1624
2 40 5943
9 17 7378
10 73 6612
9 38 56
8 84 7139
6 63 3320
3 90 8399
5 88 9274
3 17 5552
6 89 9351
10 69 9171
1 87 4406
6 89 3893
6 72 6854
9 48 1502
6 49 2951
7 4 7789
9 2 9636
4 77 6989
9 49 8343
7 10 1116
3 31 8689
10 70 2516
7 62 4733
10 79 4852
8 9 9302
6 74 9171
5 96 7817
4 55 4914
2 36 6383
8 94 1647
10 13 2111
9 49 9482
10 69 8243
1 100 5779
2 15 2276
5 42 9433
1 51 8321
6 93 4742
7 41 4322
2 89 6408
1 51 7386
3 48 5103
8 39 468
10 61 1623
7 97 398
6 30 9847
2 59 5511
5 47 2222
4 83 8688
3 62 6200
2 37 7847
3 87 3844
9 86 8733
8 88 1338
8 2 685
7 8 7760
6 78 9360
1 71 9781
1 33 1235
6 20 5672
7 76 9187
6 36 1674
2 20 8703
2 10 8189
9 45 1498
1 55 9348
8 86 6108
10 75 5144
6 7 4952
10 96 880
5 94 1332
1 52 737
9 20 5030
1 83 3147
8 31 3838
6 3 791
3 29 5658
8 35 1247
4 92 9911
9 86 550
5 98 1627
4 95 4151
10 4 9074
7 85 6342
5 50 9172
7 98 6908
4 68 410
2 2 3575
6 39 596
8 26 4253
9 37 3260
3 59 1658
9 33 366
5 53 5980
9 22 5158
7 84 1472
8 91 1161
5 13 4548
8 6 1071
6 16 3892
10 72 117
9 70 2824
6 99 4889
3 71 6314
2 67 5042
7 16 8594
9 41 7458
4 23 5752
10 20 6365
3 61 8601
3 50 463
5 99 2568
6 18 2214
5 19 9220
5 33 7577
1 53 2704
5 38 6229
6 70 8294
10 99 8194
7 54 492
7 27 68
3 52 5069
4 63 1684
8 15 2073
1 19 8403
3 27 4277
6 46 1422
7 37 8696
6 36 2608
5 72 354
9 23 6284
3 2 2409
4 90 3621
10 92 8938
6 65 2465
8 43 8987
3 71 8211
8 60 6087
7 8 3340
1 30 437
8 43 9489
5 31 5410
8 14 6645
2 29 6349
9 89 5240
7 57 9287
3 100 7146
3 55 8332
8 97 467
3 99 2765
8 75 9499
7 86 5004
3 74 1315
3 48 7364
1 74 9787
4 39 7058
3 85 5764
8 96 7008
7 72 8043
4 11 2348
3 78 6633
7 42 4904
4 11 1206
5 42 61
9 58 1306
4 41 2580
3 34 9225
2 18 5183
9 84 3362
4 97 4898
1 86 898
6 12 2980
9 8 597
8 56 6513
7 46 4715
4 1 6651
4 54 8233
5 17 5939
8 63 9264
1 83 9567
8 71 1373
7 10 5534
5 27 1607
6 40 5455
6 9 4705
2 81 5631
4 88 4390
6 16 8028
5 48 7038
9 35 7344
2 67 4226
2 56 7337
6 86 115
7 54 4347
8 5 3144
9 83 7236
10 44 3474
2 9 7930
2 93 2796
8 43 6616
3 4 9062
10 67 6326
8 78 7208
2 14 6303
2 30 9595
9 49 66
7 91 546
6 9 2812
3 16 6825
2 47 2454
3 9 8010
8 45 7872
9 88 5423
3 11 3487
6 33 1323
4 36 6571
4 45 1271
2 41 5198
10 19 9845
9 50 5572
2 7 4530
7 18 5808
8 27 3691
3 22 5954
3 31 106
1 96 5758
4 61 2596
7 15 9993
2 13 5113
5 98 4275
7 26 8900
5 45 6594
5 12 8648
5 1 5731
2 2 9393
10 3 219
3 95 231
9 31 5207
10 100 7639
9 13 3858
8 48 4537
5 33 1389
6 30 3107
3 70 4567
5 18 361
5 98 5410
1 35 3133
1 57 3638
2 95 688
6 94 5725
10 85 6857
9 45 7689
4 65 3254
2 96 9818
3 90 7244
8 14 677
8 33 3778
9 70 457
3 81 177
4 40 6699
6 32 6186
1 2 1005
6 44 7562
10 92 8011
6 7 1287
9 87 6673
2 59 4006
3 4 1334
2 91 8998
5 47 8505
4 82 1694
5 83 6873
10 54 6565
1 13 2597
3 86 9986
6 14 580
5 8 3491
7 1 3092
2 32 5451
3 74 1899
6 88 8953
2 75 3747
1 33 7341
5 41 1740
2 54 8867
6 28 7400
4 38 974
1 80 3263
1 35 6
1 71 3008
1 59 7729
2 76 3735
2 26 7118
8 52 4763
4 10 949
9 38 6210
8 76 7251
4 66 1845
8 2 1017
8 26 9757
8 48 7808
4 20 5177
4 57 1318
10 69 772
8 97 9012
9 37 6290
3 52 7727
2 71 2882
8 32 7814
7 10 373
3 15 7240
8 86 8282
6 98 2513
4 20 2781
9 61 980
4 11 1290
1 6 7148
10 25 4686
9 61 241
1 47 640
1 72 6030
4 10 2923
3 6 8426
1 90 893
3 29 899
10 21 1972
5 51 2394
5 47 9718
3 59 7463
3 43 9530
1 97 4556
7 74 5018
5 60 7903
3 14 9467
7 34 1321
7 30 3860
10 59 6197
9 84 1456
9 95 3600
7 88 1350
7 15 4277
7 63 6137
7 43 1381
3 50 4386
7 12 5705
6 12 6319
2 18 2386
10 74 2063
9 49 6411
6 21 4975
3 57 782
2 28 5520
1 11 3209
7 23 5891
8 36 4451
2 44 7639
6 46 5138
4 62 1328
1 85 5996
7 93 6980
5 40 5652
4 7 6319
1 76 4581
7 6 276
4 46 6606
9 37 3109
6 52 8133
10 43 5619
8 72 5518
4 57 9963
8 16 1366
9 59 3614
7 95 4870
10 30 8295
1 50 8150
10 3 8214
1 60 2890
6 64 4362
6 71 2425
3 55 5090
10 91 45
6 48 6269
7 53 1468
5 25 4249
8 66 7594
8 23 929
1 45 6405
8 85 6330
5 100 4050
8 66 8907
8 62 1083
10 71 293
9 50 3389
7 75 8535
2 47 3101
1 9 9454
4 36 9720
9 76 4109
5 3 9565
2 97 3734
5 42 6188
7 14 546
1 29 3433
3 5 2050
4 39 6027
1 86 2401
5 5 4289
6 90 1097
1 34 6955
9 47 2659
9 60 3206
10 81 9457
3 55 4040
3 92 4973
9 57 5673
1 49 6404
7 18 8668
6 50 144
6 25 574
4 57 5175
9 66 6776
5 44 239
8 72 9542
8 78 2478
1 26 3113
10 74 2314
7 60 4132
1 59 8715
4 74 744
10 58 8501
4 95 6518
2 66 3812
4 25 8803
10 99 4696
8 28 1714
2 97 8644
7 10 1381
10 8 3089
10 66 6834
9 56 4829
2 88 9077
8 23 567
3 79 9958
8 75 3334
7 3 6884
1 91 5935
2 94 8785
5 97 1359
4 54 9696
4 70 4943
7 75 5718
7 78 8757
3 51 8136
7 4 8760
5 49 4341
5 32 4539
6 30 9036
7 98 8147
10 25 5783
10 89 9495
10 42 4347
7 4 3764
4 2 5692
10 63 2924
2 32 4342
8 64 5418
5 51 1093
4 96 8736
5 100 2537
9 48 8596
1 33 1697
10 55 747
3 21 6738
3 77 1215
3 52 1344
2 20 7604
1 15 3961
8 80 4636
9 83 495
6 62 5878
9 31 5967
9 13 512
2 69 6935
4 68 1683
10 99 5777
10 55 237
6 94 5352
4 46 7921
3 14 8028
7 22 7998
3 68 2629
10 43 2936
9 44 2850
10 69 6632
7 8 2849
3 61 8230
3 70 3884
6 66 4337
10 29 4656
6 4 9950
2 49 8101
9 75 3120
6 32 2581
8 4 391
2 57 7035
2 81 5812
5 31 7088
8 24 6398
8 39 2403
3 36 9465
1 82 7557
7 32 9816
8 6 9198
8 86 790
4 8 697
3 32 5586
7 25 4624
5 24 6083
5 43 3744
10 82 8237
3 30 9360
8 79 1537
2 26 1405
8 10 8023
7 77 6453
9 54 6467
6 32 1494
7 82 4464
1 68 8477
3 69 3652
8 22 1038
7 69 8652
6 98 5950
2 34 166
5 93 3814
8 57 7422
1 59 6927
2 96 3641
2 33 5006
7 93 9423
1 14 761
1 99 5840
1 95 9091
9 84 470
5 30 1621
9 72 2613
5 29 5790
7 40 4127
7 36 7730
1 84 9713
8 35 6889
7 33 2443
6 26 5816
4 58 6821
4 91 9434
7 28 977
1 68 5180
5 30 7164
9 13 6998
4 20 942
5 42 6496
3 95 3742
2 75 661
3 18 1575
2 36 9205
7 55 7444
8 59 6768
9 92 8114
10 89 8477
8 2 7796
8 81 4281
5 12 7112
6 26 5964
10 48 4951
3 94 6396
2 60 5990
5 21 9768
1 94 7172
8 32 5155
4 30 3397
7 24 3792
1 82 4133
4 41 5238
6 96 7091
4 100 7842
7 34 6275
8 77 2771
3 9 2021
6 20 2327
4 33 7209
7 51 3398
10 88 6914
2 82 9512
9 3 3504
1 82 2046
8 49 3799
8 82 7716
1 3 9218
10 55 5713
2 76 5857
6 30 9381
5 93 2497
7 69 415
2 33 8242
10 90 8473
3 78 5300
2 51 549
3 74 1009
3 33 8369
10 14 290
5 87 2079
4 19 7848
2 42 6256
9 37 3236
8 91 7611
7 11 3269
9 43 906
2 79 7546
8 17 7385
10 7 8360
4 60 463
8 91 7135
1 53 137
7 13 657
10 77 8429
9 61 1927
10 59 3707
8 46 1099
10 79 8943
4 58 3552
7 62 8022
4 10 1167
4 34 744
3 7 8472
3 11 5694
3 12 5302
2 83 7849
2 22 7648
8 56 6313
9 22 1779
10 41 8172
8 76 5430
10 57 7006
5 65 4391
3 64 4535
10 43 8148
8 18 2058
7 11 1850
8 41 5582
10 81 5302
5 38 8477
7 94 7398
7 49 2634
6 6 4741
2 21 6995
3 44 334
10 59 5555
3 55 5950
8 61 2990
3 41 9160
2 15 8779
8 1 1708
7 92 1563
8 69 9909
4 5 8725
10 83 8871
10 8 446
10 21 7623
5 53 9629
9 61 9675
8 14 292
10 49 4147
2 71 1635
2 9 1231
8 75 3059
3 26 8344
5 97 6721
10 21 2746
4 16 6762
6 23 4640
6 15 6789
3 42 4367
5 37 8621
8 46 9161
6 72 885
2 20 5406
1 32 507
9 82 6002
9 65 7524
9 85 2805
6 99 1031
9 37 1788
1 65 3663
8 39 1926
9 77 5477
2 28 1838
6 85 5909
1 96 3029
5 52 2614
9 32 675
10 86 1439
5 93 5599
1 84 3501
4 79 9540
10 27 9421
9 54 9314
7 54 1246
2 26 7867
10 36 6278
3 4 4777
3 2 3271
7 26 3993
7 34 3155
6 44 6895
7 81 4509
1 22 3290
2 82 5717
6 17 1317
3 6 9198
8 36 6621
5 90 9926
10 34 8612
8 61 571
8 64 4140
3 7 7885
2 51 3155
6 88 5084
8 89 9271
3 1 9992
5 14 4195
3 3 2877
5 37 5699
3 14 50
10 51 3290
10 85 6733
7 50 9117
9 100 7878
10 85 9668
10 74 6650
2 38 6714
8 44 2494
2 58 352
1 57 7791
3 69 5152
5 31 9598
10 34 3584
3 54 6387
5 23 8960
2 94 1792
7 97 4313
1 30 8568
7 90 6356
8 53 6637
8 78 4703
7 52 8427
4 19 6952
8 23 5512
8 34 3576
7 65 4156
10 24 9904
4 12 9442
2 6 4322
10 31 7153
5 24 2040
6 82 4203
5 32 6496
7 81 7679
6 48 2758
3 37 1725
2 19 6404
8 48 4875
7 72 9590
10 52 5010
1 68 3423
3 47 6947
8 84 2279
1 27 6461
4 58 9048
6 94 1396
5 71 8274
2 50 3407
7 22 9501
5 82 3594
3 85 7007
10 71 7140
1 31 5207
7 82 5299
8 68 8197
9 37 5775
9 10 1483
7 35 1413
2 11 2392
6 46 2181
7 92 6512
8 65 994
9 40 3500
7 15 3049
10 92 3271
5 67 4570
1 25 3257
9 91 8639
6 72 2453
2 3 6835
6 29 2613
7 42 6001
7 83 4935
9 75 6094
1 13 2874
1 58 2515
4 99 7668
10 50 6707
5 57 5134
4 61 4966
2 87 3329
10 80 3820
10 84 7555
1 45 1722
7 84 3068
3 39 4756
10 39 497
9 56 5728
3 19 343
6 34 6754
9 33 8488
8 62 5695
7 23 9503
3 87 2072
2 84 2282
8 41 5923
2 37 7428
4 17 9849
10 17 8779
7 23 8759
6 74 2105
10 39 5752
4 63 6661
6 32 4489
4 68 2774
7 56 6589
7 71 5351
1 31 138
10 100 7252
5 70 5242
10 85 6304
6 36 3238
7 26 806
4 34 8746
5 40 718
4 21 3983
2 58 3021
1 30 9066
2 17 7373
3 16 6541
8 25 2540
5 2 1508
5 53 5411
6 28 1323
9 69 2481
6 11 8262
2 74 7418
7 65 7545
2 97 7503
2 66 8128
2 92 1751
3 46 2649
5 82 2325
8 60 3489
10 78 1405
5 82 2386
10 53 3049
3 9 9164
1 81 8124
9 47 9979
9 87 1129
7 57 215
7 49 3121
2 38 1097
3 77 6681
6 39 2237
5 98 9199
9 80 7146
3 5 3268
3 72 1344
8 35 3289
2 58 6751
3 50 6287
1 79 6730
2 52 4819
7 93 2633
4 97 755
3 25 4291
5 4 1582
1 57 4193
9 92 3628
8 65 758
4 35 3354
9 43 8079
3 32 631
2 18 3204
10 77 6581
3 37 9300
6 58 6123
5 46 5786
1 91 704
7 51 9927
6 38 1502
4 72 7469
4 88 5570
3 62 7679
8 24 8649
10 100 5634
2 60 5745
8 50 434
5 41 1010
8 70 3303
6 13 8996
2 29 3527
3 94 5642
10 68 7056
3 44 2343
4 61 2188
10 4 9590
4 47 6881
5 76 3164
6 61 6168
2 98 4958
8 56 6629
9 94 6281
3 34 7852
5 47 661
3 98 5040
3 21 7472
5 15 359
7 16 7201
8 96 2625
1 17 9060
5 16 3251
5 14 8017
8 71 3145
2 13 230
8 50 3337
2 2 5562
4 70 1484
2 69 9643
3 44 5229
3 68 2894
3 95 4422
10 69 2882
5 25 7838
10 49 1608
9 46 5255
7 65 2827
7 43 9454
7 42 3457
6 94 5408
3 90 1184
4 80 5887
7 41 9113
10 77 5345
4 75 7705
8 94 9784
4 9 4570
3 71 7799
1 42 1782
6 95 6810
3 55 9319
7 35 3532
4 44 850
9 8 3003
10 54 614
2 57 2182
6 29 7645
5 82 5149
3 87 5485
4 45 7556
8 94 2393
9 76 4401
10 83 5293
10 77 417
4 11 5448
10 9 6584
3 97 4392
2 73 1339
3 35 449
4 42 5541
10 91 8841
3 87 8358
6 77 7493
4 12 2804
10 57 4469
2 95 5305
8 67 3773
2 54 9434
7 48 5146
4 84 4851
7 12 9714
2 75 7552
8 100 4465
10 63 7808
7 10 8404
3 76 6705
5 66 9623
2 40 8892
5 27 8238
10 86 1175
8 10 941
5 82 5461
6 44 4377
3 96 8481
3 30 5493
9 100 5148
10 15 4748
9 45 4454
6 59 878
3 89 7671
10 4 5113
5 95 6810
6 28 4972
6 72 3570
3 29 2345
9 56 6933
1 41 6241
9 45 2129
10 66 5884
6 5 7624
8 27 2235
1 29 4352
5 24 2289
10 30 1794
6 72 7442
10 64 8839
10 97 5873
8 51 9990
9 82 628
7 84 72
5 24 4726
7 16 7466
8 12 5864
9 35 6238
3 23 983
4 78 9325
7 81 464
5 49 8349
1 58 134
10 100 2792
5 38 2637
2 67 1209
2 48 8819
10 24 8085
7 19 2108
6 73 7034
1 100 9030
5 40 2660
6 18 344
10 65 6469
10 35 5027
10 34 3201
7 49 1542
3 45 127
6 73 7687
5 6 7219
3 77 9042
4 48 9873
1 76 9010
2 55 8587
4 89 5625
9 56 1059
4 70 7778
10 31 3403
5 97 994
1 19 1896
10 48 2542
9 22 4187
8 82 2898
8 99 3233
4 55 1836
4 24 9098
7 25 4148
2 36 7420
8 9 8572
8 29 7373
2 85 6756
2 37 7217
3 28 5511
2 20 3566
8 96 2126
4 60 5331
4 90 1288
1 72 6795
9 43 634
7 5 5440
6 16 1356
6 32 2784
7 70 7040
10 14 7502
10 30 7914
2 83 755
7 27 9787
10 99 2392
1 37 4841
2 48 359
8 90 6679
1 70 9566
7 79 107
3 30 8110
4 11 7552
5 82 5622
7 30 6792
1 87 7715
6 37 9908
2 69 1043
3 71 2387
2 88 7695
5 10 9116
1 78 480
4 100 3522
1 74 5776
8 93 2797
4 31 396
4 66 5315
6 40 2424
7 55 7938
4 19 7158
4 30 1196
1 36 5902
9 59 1387
10 40 7201
4 1 7911
9 34 3963
2 31 2485
6 23 1686
8 66 8983
8 6 2855
5 15 3699
7 37 4828
4 77 9118
4 34 8364
8 74 5124
4 44 3486
5 84 8599
1 25 8959
2 36 7029
6 9 7405
9 25 9343
3 29 5711
8 80 5470
4 69 7874
3 72 1973
5 42 1991
3 29 1234
10 92 252
2 47 7349
2 49 1193
8 14 7866
6 9 8689
9 52 7516
4 27 3532
9 35 835
6 19 5848
7 58 2975
5 33 3424
4 14 3655
8 40 6743
5 83 1258
6 25 1340
9 72 5547
9 30 1029
1 87 138
8 65 2927
4 48 628
10 91 9729
2 6 4942
3 97 3966
4 57 6453
1 87 3882
7 75 5298
10 60 5722
4 79 9003
6 61 6371
2 16 4041
8 86 9978
8 78 9529
9 3 7898
8 93 2661
1 58 9017
6 4 3676
8 22 2327
4 59 7104
1 18 5394
10 12 7544
7 40 9394
8 12 5931
3 8 9635
5 5 6450
3 65 8242
2 46 959
8 48 7116
9 57 9208
4 33 3102
8 99 8090
4 85 9373
8 69 9134
7 5 5331
3 37 1883
2 20 3200
10 11 4663
1 87 7511
10 78 3752
7 89 7892
9 96 5408
5 57 2789
9 3 3091
5 99 4342
4 46 6342
5 38 310
8 39 1834
4 69 3085
10 15 2442
9 56 8931
8 85 3709
2 91 5907
3 97 8177
9 12 8507
5 84 7141
5 7 4779
10 54 1861
1 87 4048
10 73 9338
9 92 9126
3 94 1601
3 14 5005
9 51 485
9 48 9401
4 59 6078
5 29 8013
4 25 7239
10 99 6303
6 39 8245
6 77 2990
3 75 453
3 55 910
6 41 8419
6 39 3135
2 25 9300
1 16 1086
3 25 1520
7 57 3519
9 38 588
6 17 7647
6 29 8531
7 48 7540
2 98 2427
3 57 5644
6 40 5939
4 8 2033
8 68 262
4 20 2788
6 78 3061
7 26 1728
10 10 3973
6 27 5662
4 98 1437
3 12 4766
3 95 4987
2 44 647
9 45 6982
9 28 7491
10 16 1653
5 6 3894
3 88 6561
1 63 3407
2 19 1655
6 14 2022
7 48 7807
3 74 7345
2 44 8185
5 60 3157
9 31 5833
2 1 5834
3 73 2857
4 89 6085
8 46 2087
5 68 898
4 50 3802
8 18 5556
6 20 5080
10 36 2450
3 69 7010
9 48 9530
9 28 3093
3 16 7529
7 1 8817
3 39 7861
1 77 5561
4 29 7182
4 40 6685
2 74 9754
10 55 9569
10 62 5452
8 82 8950
7 57 8478
8 39 1190
8 63 3064
7 31 8280
7 59 360
1 91 6087
6 99 965
6 88 4148
4 29 6713
8 61 984
6 61 4275
7 75 6448
3 98 8621
4 39 6531
9 80 6351
1 18 6258
8 28 2645
9 13 7752
2 74 9184
1 48 4664
10 52 4220
3 84 7506
1 29 5989
7 98 7669
7 30 8814
10 94 5965
3 8 7520
2 6 1768
7 3 4769
3 95 4515
6 18 9975
4 53 5899
9 35 7074
2 99 7921
3 57 6732
7 69 5500
5 52 890
5 2 3108
1 36 2687
2 80 8060
10 34 4737
8 62 5980
10 52 1104
2 94 3961
6 43 4280
8 95 9669
5 32 2487
9 57 2511
4 62 9001
5 5 1346
1 93 915
7 32 6842
3 66 1301
3 26 7570
6 64 3429
7 66 1707
8 21 2341
9 60 8926
10 11 5407
8 13 331
9 46 621
4 97 5003
10 90 2657
3 100 4954
8 42 4944
4 77 8604
3 100 349
4 26 5234
6 73 6299
8 93 3356
3 1 407
5 11 6363
7 58 6678
7 24 4999
8 38 3671
8 9 3800
4 30 7950
9 82 9382
9 4 7548
6 82 5484
8 34 123
7 63 6054
4 66 411
8 39 644
1 51 9847
2 11 4116
9 23 2845
4 15 9699
4 9 6060
3 57 6294
10 86 5829
9 96 3672
7 52 8010
7 44 3436
3 84 9388
1 25 5814
9 57 8121
2 36 7181
9 93 3614
2 50 498
8 2 7768
4 70 6272
7 94 8518
9 62 8611
1 90 8937
8 15 3723
4 83 4189
6 97 800
4 54 3509
6 84 3188
2 7 1275
8 73 6116
3 1 8049
10 100 8268
8 67 3626
10 37 5410
1 89 4612
1 48 8441
9 19 269
5 18 6334
5 95 3529
1 86 6152
7 26 6073
3 52 9244
7 85 6116
10 75 8395
10 91 3781
4 83 9144
2 12 954
4 70 2162
2 46 46
6 35 453
1 40 9117
7 33 2847
9 66 81
5 42 7629
6 88 86
4 71 580
3 92 1734
2 45 9186
4 68 6180
7 61 483
6 49 5954
7 47 3233
4 17 932
1 78 2431
4 29 6671
5 28 7126
6 6 2662
4 10 8461
7 15 4111
6 48 9562
2 16 2122
3 58 7933
6 49 8975
2 15 2870
3 32 2977
8 36 6106
1 78 3117
8 70 3372
5 39 4298
10 43 1914
1 69 3446
4 84 4802
1 83 2859
1 13 305
1 19 1768
8 89 2478
5 53 8963
5 50 7784
8 54 4214
2 82 5212
3 40 9655
2 76 2276
2 50 3523
2 7 6384
6 86 7287
8 23 9841
6 45 9967
8 83 9431
8 54 5793
6 49 3985
3 63 1701
5 83 384
4 38 527
9 43 2175
1 60 8062
2 96 5046
9 83 9198
10 54 9220
2 96 6761
9 94 579
2 1 2251
9 30 3968
6 68 8233
1 62 9882
5 55 6014
5 12 6728
4 27 2313
5 45 5013
3 62 1155
7 50 6181
4 30 1273
3 84 8857
3 70 8141
9 64 2434
1 19 7516
4 91 8154
2 54 6159
3 20 6681
9 27 6303
10 56 7429
8 34 9248
8 86 803
6 25 3704
8 40 359
7 89 8804
7 36 2855
10 23 2977
1 12 8318
9 7 2177
3 13 4153
3 58 7758
6 86 1447
3 19 117
9 16 364
2 78 2098
5 87 5618
7 65 5995
10 21 6409
8 9 9212
3 78 2784
4 44 9285
3 23 6229
4 100 5772
6 38 8667
1 56 6416
2 17 2956
1 12 861
5 85 3929
8 20 6425
7 45 6376
1 93 4085
4 96 6678
8 53 3449
10 7 4115
5 27 139
3 91 6516
6 50 9546
7 71 7389
2 96 870
3 65 5780
8 63 3159
8 6 949
2 52 2160
8 98 327
9 75 8516
10 36 8160
4 91 37
10 73 1083
9 16 1799
9 89 175
8 46 5722
4 59 7582
1 4 6200
3 40 1753
6 83 7244
3 4 8051
10 60 4233
10 59 1852
3 86 3684
1 71 8504
9 89 6157
4 22 3477
8 91 9244
4 10 6528
6 77 5604
4 99 3499
9 84 4258
9 83 6031
8 96 400
3 64 2607
5 48 5610
9 71 1243
5 43 4495
7 50 6622
9 35 9250
9 80 4911
8 30 8497
2 73 1714
5 32 1725
2 71 4189
2 35 9823
2 69 8459
9 8 8373
2 91 622
4 6 2888
8 53 3194
8 25 6570
9 14 4455
2 100 3872
9 35 3043
4 30 1737
1 100 9103
8 89 6039
5 44 107
8 54 5267
6 31 5878
5 92 8033
10 67 8455
4 2 8245
3 33 5049
2 97 6575
10 92 7286
4 16 2637
9 77 9873
3 37 6672
1 85 8053
10 78 6698
2 75 8046
9 11 6731
7 26 8402
2 25 5514
3 50 431
10 74 8963
3 29 1857
10 60 4187
8 50 6585
9 2 982
2 84 8739
3 61 2332
9 6 3553
1 31 4350
10 74 3350
7 44 4329
10 89 170
10 27 1099
10 80 9714
5 35 4906
10 22 1943
7 98 6052
4 80 9791
4 99 9008
6 35 4619
3 98 5799
5 97 340
9 27 1918
6 23 3601
1 66 5904
2 50 3471
6 32 4257
5 22 6057
9 81 3157
7 91 1805
8 6 2388
2 66 354
2 96 2643
6 44 4608
9 27 4337
2 1 8868
5 98 4923
8 60 3152
7 58 7451
2 53 4043
7 6 6249
2 45 9874
2 97 8173
1 42 9047
1 11 2710
10 91 1661
4 73 8052
4 46 749
1 24 2284
10 53 2477
8 86 5762
10 91 7000
9 14 9880
4 16 1724
5 94 3598
5 3 6299
2 1 7130
9 78 1374
8 60 4868
7 31 6503
1 44 4373
10 63 7981
1 64 3339
7 90 335
9 75 4901
4 72 2476
3 72 3855
1 45 853
8 17 5011
4 65 1921
4 29 4985
3 69 7259
1 15 6690
1 47 9715
2 65 3292
1 34 7879
6 2 6991
8 78 6134
8 97 9206
6 31 9178
7 91 1603
6 8 5422
3 53 9817
8 7 8069
1 71 3646
9 40 1685
6 42 9964
4 97 4518
1 22 3806
6 70 8543
6 96 3221
2 75 9733
8 74 5224
10 70 9001
3 10 9444
4 16 8189
6 1 7953
9 45 2897
6 54 6311
2 11 5038
6 62 4676
6 100 7115
7 38 6574
5 98 7057
4 28 1059
8 80 362
5 7 1246
7 92 2009
10 80 1578
6 95 5129
3 77 357
7 55 5835
8 44 3750
6 83 3544
7 21 8583
9 36 438
5 62 7652
3 35 5371
9 10 2201
8 69 2666
6 74 7735
7 62 6820
10 94 2890
9 88 4843
3 92 3165
1 19 8920
4 72 6196
6 12 5230
5 1 3774
6 23 365
2 18 7071
2 88 6986
1 98 3770
10 51 8539
7 12 9685
1 28 5504
8 63 383
4 96 7886
7 40 3585
7 84 2384
7 77 9993
4 22 6694
5 72 5541
1 94 5153
7 42 5
6 99 4988
4 53 5301
5 66 2596
2 87 117
8 11 1612
8 39 34
10 5 740
2 78 892
2 46 5337
3 38 7922
6 62 1065
6 52 3904
5 16 1244
1 93 9750
10 25 1087
3 42 5833
5 11 3131
10 97 5662
5 25 3819
6 71 2649
2 57 9741
8 87 4316
3 1 7176
9 21 9862
7 19 7146
6 74 984
1 77 2545
7 32 1776
1 28 7055
1 17 1243
1 79 1526
9 22 5659
8 9 5086
4 56 76
4 2 431
10 60 5601
5 45 1955
8 17 1034
2 34 9421
9 44 1159
5 61 9308
6 65 1545
8 97 2250
10 94 3908
7 95 7939
3 34 6875
9 62 7571
3 25 5412
5 43 3167
10 68 7790
2 75 773
8 69 9047
6 7 2274
1 32 7504
5 15 2889
6 83 9861
2 50 9853
7 56 5195
6 2 8329
4 13 2471
6 20 3017
10 11 6920
3 56 9111
6 22 1744
3 78 1384
3 19 4586
3 89 6871
8 15 4259
1 57 2305
4 25 8314
4 33 4383
2 9 649
8 44 3219
10 79 8089
2 41 2256
2 68 3847
6 40 3538
9 1 9674
9 80 8682
9 28 7617
7 7 5935
7 71 8402
2 93 1241
2 76 6511
9 27 6964
1 37 5734
8 82 2641
9 36 7705
3 95 4617
9 43 8916
8 100 4211
4 49 4271
10 7 9499
2 17 2570
3 35 439
6 76 99
6 96 5917
8 32 6395
3 12 4141
9 73 9285
3 26 6120
6 23 4398
8 34 1787
8 59 3766
5 45 9907
6 33 5383
7 39 2291
1 84 1353
5 20 9737
4 59 2348
10 30 4033
7 32 7278
7 63 6235
1 14 7227
9 93 7374
4 45 2797
10 41 6239
2 53 6697
7 74 2853
6 19 3737
6 34 6594
8 50 8563
8 81 6985
5 18 8595
10 8 2591
5 52 9713
2 70 8242
5 42 3300
10 16 2286
10 64 9159
1 63 3768
10 8 8524
8 39 617
8 44 7229
7 74 1848
7 77 708
3 15 9552
6 47 5135
4 43 6112
10 92 3333
6 11 5110
10 21 712
4 68 9718
5 97 8476
9 87 6610
5 80 1931
6 79 244
7 98 8910
5 80 595
9 15 8947
2 9 168
1 92 4402
10 88 4350
9 64 4300
2 80 6972
6 92 2595
7 41 7042
4 2 769
6 51 478
4 74 5041
2 94 8179
10 49 8398
2 93 2793
5 12 1170
5 5 1951
8 94 7943
6 26 612
4 91 5430
7 5 1071
6 88 7795
2 97 5879
4 55 3323
6 35 4740
5 92 5102
4 95 4299
9 10 212
1 5 3559
5 71 8962
7 15 8838
8 9 5128
4 85 3568
7 18 7149
10 10 5722
10 4 9579
9 70 3884
1 54 5886
5 34 755
5 12 7612
10 38 8201
3 9 9336
7 9 3240
9 88 3478
2 89 4154
10 81 7732
7 72 6093
2 10 6098
10 23 9703
5 77 6416
6 7 7422
8 55 3468
6 76 2957
2 52 3450
10 34 1210
1 77 4648
7 46 623
5 73 6325
10 42 1011
4 64 1152
9 57 6933
5 89 1317
4 97 9993
7 41 3336
7 77 5534
7 44 9266
3 20 7070
8 27 8897
10 9 9455
5 91 1276
1 31 699
5 14 1609
5 82 6633
10 14 3196
7 39 662
2 53 5938
1 56 6210
7 68 6689
10 44 7989
7 56 1373
10 97 4034
10 63 2427
10 17 4499
9 93 5900
9 10 3337
1 19 937
4 67 8479
4 30 8531
2 41 9791
1 21 6887
4 6 1592
4 27 1265
6 55 150
6 81 5144
9 10 4412
5 60 6829
5 15 3192
5 68 7779
3 51 9700
1 85 2831
5 55 1355
6 27 1501
2 2 5866
5 57 108
5 67 3517
10 98 6854
4 24 1576
4 48 3790
10 72 7626
10 45 7441
6 99 3162
8 23 1978
10 26 5411
8 46 686
1 16 7310
2 75 1631
7 51 9643
3 23 7658
8 33 9292
5 76 4206
9 71 6355
5 44 9647
9 26 4486
2 37 801
1 33 258
10 4 559
4 1 3088
3 90 1509
8 68 7843
9 51 8002
5 11 7541
9 69 6546
3 90 7434
8 82 9596
4 59 6629
5 37 95
9 91 8202
5 88 5966
9 83 790
4 78 9873
9 1 9126
7 48 4479
3 79 9111
8 39 9449
8 56 2959
3 59 6545
10 73 3197
1 32 7132
2 80 9049
6 1 8901
7 1 1487
8 22 6959
3 37 2000
8 54 6607
9 25 2357
10 40 8945
6 75 470
2 51 8778
6 56 1966
1 74 5408
4 29 9635
4 95 6801
4 100 5522
3 6 414
1 77 2629
2 61 3054
6 100 7607
10 49 194
6 70 3403
5 30 3515
6 8 7406
1 40 9831
1 97 7815
6 1 1247
1 42 6179
10 61 5980
9 82 3924
5 36 3415
5 17 1953
1 54 5051
8 48 6667
9 58 1368
2 76 3293
1 87 3797
3 63 206
4 81 3065
1 54 4983
9 90 8427
3 78 366
7 28 8207
2 36 7509
7 9 6063
1 95 4599
6 96 3107
3 3 13
8 51 4349
6 1 1615
10 82 5201
5 91 9665
3 94 7954
8 41 3649
5 22 9293
6 93 2395
2 46 3026
6 42 1187
3 93 2730
4 36 4195
9 1 6175
8 52 5275
1 30 1297
1 32 2988
9 26 2881
7 7 9722
7 28 7786
7 61 9496
1 99 3865
6 84 778
9 86 2937
2 92 5794
3 66 3917
3 79 6172
7 88 2840
4 28 9955
10 8 8022
8 34 9427
1 54 2074
4 5 7974
1 40 6268
1 43 3749
4 86 7166
5 32 6886
7 62 8042
3 50 8032
3 67 4906
1 88 8324
10 4 8482
10 10 2435
2 49 1768
5 49 5156
6 9 3454
1 61 1049
10 40 2833
6 73 6833
1 43 5879
9 94 9749
8 59 768
10 98 6060
10 25 1530
7 82 9377
2 70 9163
9 39 3176
10 100 1231
7 39 9171
4 54 210
6 45 1384
4 63 2907
1 61 4632
8 77 315
6 18 1643
2 81 2927
5 13 922
6 86 3412
7 44 5865
5 66 6471
6 99 2317
1 76 2898
3 69 4782
3 26 8779
8 46 3637
4 18 7139
9 80 3934
8 30 6360
3 21 5076
3 91 4947
5 66 3609
2 73 484
2 68 9395
5 57 1242
10 4 5326
10 10 5152
1 71 5593
1 63 6485
10 87 969
9 74 3448
7 76 5555
2 94 3052
8 88 4431
6 8 3301
10 28 3050
6 65 8846
1 29 9890
4 32 9069
7 68 2493
6 34 3905
3 72 9659
6 56 8573
1 30 9687
5 19 4220
7 58 4290
7 74 8995
8 41 6253
8 21 6976
6 46 4492
4 24 6574
9 85 242
10 23 1136
8 15 9337
6 46 1780
2 21 7763
7 54 770
2 58 2818
8 98 5788
5 5 8338
5 24 2463
7 10 905
2 18 1272
5 52 4593
7 15 2760
6 41 4416
2 60 2977
4 38 1680
4 59 1105
4 57 4359
9 44 9010
8 57 9106
3 33 9981
4 51 4533
6 15 3311
6 18 2182
9 27 4857
7 9 6266
8 79 2886
7 7 8249
3 47 1346
3 83 3802
2 42 5726
2 17 8400
4 29 2871
9 4 6227
2 12 8072
2 84 2967
3 84 8478
9 37 4425
3 38 8742
5 98 3966
6 96 2466
7 14 2387
5 81 167
5 23 3520
3 24 7532
8 31 5531
10 46 2175
6 94 3245
2 86 6258
4 69 60
5 36 4760
1 21 4367
9 7 7144
7 78 9264
9 2 4905
1 16 6845
1 58 7438
3 55 1234
7 88 390
5 22 9680
9 75 1889
4 97 8483
10 73 5532
7 10 5573
10 37 5525
8 15 5421
4 58 8112
10 70 8170
3 38 2362
6 1 4780
7 68 928
2 12 5591
1 13 8571
9 34 222
1 42 6251
4 100 9386
4 85 1253
8 79 75
3 97 9072
1 51 2190
2 15 9641
10 29 6550
5 49 9993
6 79 4811
4 75 8606
6 54 2115
3 44 7089
4 17 9614
10 51 5998
7 11 152
6 32 3994
8 46 6910
4 87 5606
10 70 7770
1 16 9983
5 25 9509
2 62 6038
1 79 4713
7 77 1662
8 17 5461
5 40 7673
5 63 8233
5 16 2500
1 35 8778
4 60 3678
4 100 1893
5 76 6399
9 24 7110
4 59 578
1 26 446
1 83 1238
4 15 9511
7 2 6292
3 29 4536
10 69 5371
10 99 2224
3 23 603
1 57 7316
7 60 3951
5 46 4756
9 27 6032
3 12 5658
1 2 3419
3 78 4588
1 86 7456
1 32 8777
10 2 5789
8 94 4520
7 63 1252
9 41 1212
10 74 201
8 26 4937
6 93 7660
1 54 4298
5 48 7032
9 19 5442
5 20 3607
8 26 2307
6 14 8850
7 10 4832
2 58 2471
8 7 4838
9 13 5108
6 85 8341
6 46 7459
10 2 7723
7 81 7876
6 34 6789
4 16 9925
2 23 8475
9 67 3572
5 47 6077
9 71 1985
4 19 6253
3 5 2092
8 5 2422
1 70 4078
4 6 9642
10 54 792
4 19 9943
2 38 5434
4 6 4657
1 36 5139
10 34 8678
10 97 1386
2 49 7301
9 48 3779
1 84 3335
2 83 7392
6 81 4569
5 85 8527
9 96 6297
9 25 1650
4 66 9775
4 66 1141
4 91 2908
6 74 1229
5 76 4118
6 8 4620
8 49 4497
8 37 5525
5 91 2234
5 59 6208
8 8 5952
9 3 4951
4 69 9826
4 61 1605
10 55 6086
8 42 8658
1 25 380
2 67 8613
2 29 9537
2 42 2228
9 25 7768
3 55 5457
10 91 93
5 90 1207
4 23 2140
1 13 2325
6 61 575
2 47 7808
7 29 908
4 71 7201
2 65 9890
9 27 601
8 84 5617
5 56 532
9 78 231
10 73 9405
1 53 6809
6 85 7956
2 60 4167
10 12 1874
6 75 6073
5 49 9706
9 2 9620
8 35 4457
4 34 3767
6 32 4066
6 65 3997
1 65 4724
9 35 6959
8 67 3863
8 26 3702
8 43 7651
2 10 1625
8 50 439
4 85 9989
5 87 8623
4 20 2557
8 28 6377
7 68 1951
10 38 4350
9 21 2299
3 5 762
5 80 8227
4 38 609
2 91 5234
8 17 4842
1 15 2118
2 91 4267
3 91 8475
3 88 45
1 100 1329
4 8 4972
5 29 4360
3 74 3569
4 56 7782
10 71 3798
5 24 7932
2 85 9443
6 8 8245
5 70 5344
5 4 4302
2 81 7087
2 38 8771
6 59 7837
1 18 5884
7 73 4982
10 40 7310
4 98 8930
5 16 6718
8 8 175
2 1 7459
1 90 8373
10 46 6295
8 69 7870
6 97 2697
5 64 5586
5 67 6132
2 49 4392
7 85 3307
5 5 7068
9 34 9233
1 21 2610
4 88 3008
5 100 2175
4 63 7321
3 52 9817
2 67 8419
4 70 3345
4 55 6175
4 3 9014
6 61 8933
1 12 8469
10 31 5342
3 10 158
9 74 3815
4 19 1829
5 6 2650
7 27 679
10 100 4457
8 99 8047
4 100 8553
9 9 9861
7 38 4967
1 30 7284
9 94 1174
1 18 166
3 42 6927
8 54 9668
8 91 4476
5 71 1284
2 33 5948
9 35 246
1 53 9323
4 79 736
6 55 7003
1 43 6399
10 96 3868
4 50 6265
8 48 7084
9 80 9275
5 13 1954
2 81 7825
3 76 4080
9 18 1250
5 57 9588
10 30 7873
1 51 6632
4 63 9610
10 13 3581
4 89 2594
7 90 5645
8 44 4576
5 100 7700
1 24 9543
6 9 2108
4 40 8222
4 87 2826
10 78 1634
5 43 1457
10 97 6543
10 31 2943
1 83 8741
9 36 5689
3 5 5647
5 26 5718
2 94 4045
4 14 1114
7 69 7716
2 93 3672
3 47 2928
4 100 8082
10 11 9356
7 97 2054
1 60 5189
1 98 8605
5 92 9481
3 75 2251
3 63 4870
9 91 640
6 87 9465
8 89 4627
9 6 3471
8 98 4124
10 85 1362
4 7 3173
8 89 5752
9 24 8195
6 7 1557
4 71 6212
7 65 2460
7 48 6045
4 12 8269
5 3 5410
1 24 7306
9 75 7782
10 65 1286
7 31 7106
9 61 3187
3 19 4353
7 21 8271
7 87 5603
5 1 2406
7 82 7660
8 57 1501
5 24 1400
1 14 2743
6 68 5266
9 18 3946
2 4 5880
5 4 4826
9 71 8164
6 80 6693
9 64 4120
9 12 6509
2 38 2891
9 10 2188
2 15 7496
5 83 4400
2 11 2212
7 90 6235
5 67 5102
8 32 8865
2 42 4226
1 24 6003
5 68 563
8 3 9752
8 36 2432
10 72 9459
9 40 6152
2 64 7282
9 35 3505
9 63 1911
7 17 8942
1 75 103
6 68 7280
2 54 1890
1 84 5758
10 12 2065
9 48 5124
1 93 6118
4 96 8791
6 59 4302
5 6 7867
9 46 1195
8 12 149
9 98 1388
7 3 2821
6 98 7672
7 92 4484
8 70 1250
8 84 2412
10 17 7506
4 74 4874
2 92 546
4 41 5440
1 74 5168
7 64 9843
10 100 7531
8 50 6696
2 55 4709
3 44 1652
1 86 7299
5 54 646
5 25 2358
2 77 9450
3 1 1512
5 49 3616
4 87 7777
5 67 9626
9 56 3414
5 67 819
7 100 822
1 35 9387
4 59 4596
9 96 8704
7 18 3717
10 5 2362
3 92 8681
3 78 9892
5 95 7928
7 14 3835
1 95 2821
4 55 7245
2 16 1056
3 84 237
3 62 3354
4 38 9849
2 28 2144
5 100 4576
6 69 8114
3 75 6178
8 82 5258
8 73 1391
10 33 4225
7 66 6074
4 23 8203
9 25 739
8 45 5175
1 35 6472
8 57 662
3 15 8113
8 19 3296
7 86 5446
2 73 5838
8 24 2905
6 36 1855
6 8 5074
8 46 5682
6 68 1462
4 12 5088
2 98 6667
4 22 508
4 23 1747
10 25 594
6 25 4269
3 64 8313
7 22 213
7 20 8661
2 46 447
3 98 8895
4 11 1263
9 55 3032
4 79 3785
1 88 7548
3 32 5207
2 53 5470
9 25 4917
9 69 4045
10 98 8264
9 61 4734
3 88 6769
3 45 3450
1 31 7217
7 75 1319
4 72 8403
9 94 5894
5 79 9349
6 76 247
7 9 8013
10 58 4180
10 45 2999
8 64 1722
6 46 7954
6 10 2358
4 65 8548
5 76 5603
6 25 7363
9 45 1680
1 69 3882
8 36 5508
8 41 1834
8 76 4054
4 57 758
10 6 3628
8 19 6194
2 61 8263
2 95 6705
8 19 3334
6 9 4592
2 92 2238
7 14 1982
4 16 2294
1 3 2929
6 89 1902
2 33 6641
10 44 2165
8 65 5979
2 52 5033
8 84 5603
10 97 9330
4 45 9324
1 30 8619
7 93 7363
9 49 9082
6 44 6334
8 19 2137
4 64 9684
5 20 4435
6 22 4256
3 10 7299
4 63 1670
6 76 6352
6 86 3733
4 6 401
9 76 3760
4 14 8954
8 72 3313
9 23 960
7 64 7293
1 47 9645
6 57 3713
9 91 9474
2 74 2333
2 14 7726
9 54 1432
10 6 423
7 59 7779
5 57 9473
8 72 569
7 3 5567
9 100 7160
8 53 6549
7 28 9004
6 95 6433
9 28 727
5 22 535
1 4 9196
7 34 386
8 85 4331
5 87 8911
2 27 4474
2 37 1474
9 49 2487
3 22 7628
4 28 9673
2 76 9466
5 16 6768
4 96 1974
3 84 9533
6 54 455
9 34 939
3 48 3549
3 75 4588
1 90 6630
5 75 4179
4 57 7589
4 10 7556
2 75 5856
1 10 6985
9 65 3296
4 28 6438
9 62 7802
10 6 781
5 80 2803
6 29 5705
10 54 3596
6 54 2589
2 40 5856
9 87 7979
10 1 3899
4 61 964
3 50 1004
5 41 163
6 49 573
4 81 2329
4 29 9798
7 93 943
3 42 6946
1 83 8758
7 34 750
10 94 1280
1 38 9639
3 4 998
3 22 905
6 87 3709
10 54 3000
9 4 3216
5 19 1415
8 80 7440
8 86 6062
8 63 966
3 13 42
8 52 4758
4 88 3181
9 50 9161
6 61 7839
5 64 360
7 11 578
2 81 2584
6 27 7878
9 48 1403
4 19 1146
9 80 8234
2 53 7891
1 73 4808
3 89 4782
6 60 8082
9 11 6199
3 61 7843
6 31 3021
7 46 6269
5 3 2294
8 45 8618
5 38 7588
3 25 9709
8 60 8896
4 27 5473
5 39 3794
6 85 6051
8 77 2193
10 29 4691
8 83 298
2 87 362
2 56 2813
9 66 6739
8 37 8792
1 40 1178
3 94 2212
7 72 7269
10 31 4430
1 64 1095
3 66 9042
7 87 6744
2 66 9708
4 40 9245
9 44 8152
1 59 1586
2 90 9463
9 69 6326
4 91 5653
2 82 4009
9 11 9248
5 10 7221
9 9 9206
9 88 7933
7 32 8164
7 15 1269
10 53 5172
3 48 1856
6 53 4475
2 35 6502
6 43 6327
9 63 1155
10 76 1681
6 32 8256
5 3 9452
1 38 9032
10 21 2204
10 91 909
10 81 4946
10 26 1081
4 90 5735
6 39 8243
7 62 8180
3 40 3213
9 57 8437
6 29 7039
7 60 1296
5 94 3212
3 2 5202
3 96 8334
9 72 2151
8 8 6758
3 42 1652
1 90 9575
4 64 4904
8 87 6831
5 70 468
4 35 4559
10 57 2573
3 43 3877
6 92 3976
6 92 3773
7 76 8497
3 1 4444
8 47 3113
3 46 8199
10 24 5953
5 61 2588
1 71 8464
6 95 9318
9 77 7399
5 57 2823
3 17 4827
6 62 8036
6 4 4201
1 47 3071
3 24 9172
2 29 4872
1 28 6933
1 52 183
3 35 9420
6 57 5793
2 40 1534
2 45 1423
4 69 5719
9 5 959
10 66 8011
9 73 3148
5 53 3024
10 27 9
10 77 9402
7 68 3862
4 78 4367
2 32 7117
9 9 7011
6 64 3385
2 24 763
7 39 5243
5 28 2608
6 96 8348
3 65 9805
5 96 917
6 50 443
7 52 8011
3 91 5165
1 46 6443
7 33 7541
3 35 2189
1 97 5150
6 33 696
4 78 897
5 91 4448
9 54 4366
9 45 6407
10 32 3383
8 24 5068
2 49 6284
8 25 3052
2 2 3730
6 55 5131
1 28 4295
4 34 3435
7 46 3746
9 17 425
1 88 6263
3 60 2997
10 82 2604
4 50 3956
8 95 8236
10 27 6195
5 11 5067
5 65 5363
2 16 1412
10 28 2669
4 30 9876
9 34 9187
5 38 6159
4 58 1114
4 42 7989
1 98 4493
9 89 3177
1 19 4182
6 30 7549
3 82 1533
4 24 1449
4 65 4094
5 77 3998
4 80 6822
4 2 9200
3 39 8355
6 96 3932
2 71 3051
6 5 8684
6 78 225
8 84 4390
8 9 4165
6 44 4345
8 38 1576
9 8 4171
9 84 2991
2 21 7841
1 20 3290
1 56 5917
4 2 62
6 83 4337
4 62 5635
8 47 6682
9 79 8578
9 80 4913
5 81 3186
8 6 681
5 56 6091
4 26 8933
3 53 6051
10 12 4202
8 22 7209
7 68 7736
5 17 1882
4 59 6447
5 100 2250
2 68 7037
1 49 1233
2 27 5528
5 48 504
9 93 6805
5 53 4041
7 12 950
7 89 2212
6 39 9599
3 11 7667
4 67 3508
7 86 162
1 39 3198
8 55 6200
6 40 5547
4 55 230
8 10 3485
6 14 3777
9 7 3130
9 58 7320
10 46 9748
4 69 7641
4 26 2231
2 100 2076
9 100 7676
5 86 7231
9 12 5242
9 83 967
4 70 9772
5 5 8330
7 10 8453
2 44 6615
4 26 5363
3 24 1821
10 30 2253
10 22 4260
4 33 7662
6 98 3549
3 86 7940
3 44 948
3 57 8222
7 32 9071
7 100 1386
10 19 6387
2 3 2812
9 75 3508
9 15 3718
6 10 1833
4 55 5920
2 95 2591
6 42 8108
7 36 2577
4 52 6508
10 63 908
7 78 9606
7 4 116
2 30 3450
3 32 4183
3 81 8996
9 80 8343
4 4 2782
10 17 8515
2 3 822
3 23 142
10 7 5167
10 98 9250
10 14 490
3 61 6565
1 76 2699
8 46 5244
1 32 6235
4 65 1917
9 70 9758
10 77 5672
8 72 2128
2 76 1794
7 86 9954
9 43 3253
3 64 209
4 44 7492
9 67 7463
1 84 438
1 86 5726
6 12 5290
1 15 3564
6 87 8894
1 43 6285
5 89 7558
9 25 20
3 15 9813
7 66 5044
3 73 7044
2 82 1731
6 88 8342
4 70 6458
9 79 9227
1 38 433
5 76 1422
8 30 6361
3 84 3773
10 58 8059
10 19 7172
8 34 2163
7 65 4870
2 92 9501
2 46 3379
6 71 4665
1 54 4381
2 49 927
5 84 6639
5 55 9954
2 56 6948
3 65 9773
4 99 7919
8 77 9363
3 77 8878
4 19 3274
7 46 5891
6 8 5183
2 54 4801
4 1 7751
7 84 987
3 95 4503
3 36 2158
1 78 2527
9 51 6925
10 8 4441
8 44 166
10 72 6349
2 27 5167
3 78 5020
5 22 7023
4 99 3417
1 63 1189
2 56 7321
7 84 6993
7 98 6594
2 11 5155
2 87 2828
2 8 7129
6 28 3975
3 40 2361
10 92 6024
9 49 4172
7 32 4697
10 90 7729
8 31 7101
10 21 3194
2 30 9964
4 54 7987
5 96 65
6 99 6307
7 3 2489
10 87 283
7 5 875
6 91 9564
6 72 5876
6 20 4161
1 87 4415
8 48 3779
1 69 5099
1 13 3644
2 97 4041
1 86 8187
1 90 4064
6 58 9370
7 35 9261
9 6 8895
7 84 6609
6 84 3673
4 66 3102
2 75 9348
8 50 368
8 29 9153
1 53 895
5 83 2072
5 69 6756
4 80 9921
9 66 5629
9 92 8874
6 76 5026
9 11 5043
5 82 6512
8 95 4498
8 11 3499
1 81 4784
2 14 8858
3 44 1419
10 78 7503
4 58 6638
2 27 9617
2 46 3543
9 83 8656
2 11 860
5 20 3834
5 14 1262
8 83 814
10 46 261
6 82 9317
3 63 4107
6 15 8284
7 39 4626
1 20 7035
7 80 1552
10 26 872
5 40 539
7 79 7168
10 90 8105
3 19 9165
2 94 6240
9 17 3777
6 64 5467
9 31 1270
10 98 4425
2 99 9384
4 5 4242
2 9 94
8 48 6239
6 69 1219
1 26 5496
5 52 4992
4 18 5369
1 2 4992
8 63 3074
2 71 9064
3 85 9178
8 27 2200
7 38 6076
9 84 11
2 37 3994
9 22 5413
8 54 9270
10 70 7134
1 21 995
7 85 6897
4 89 9549
6 29 6775
7 54 8639
6 50 512
4 73 4239
7 66 182
7 5 907
5 14 2220
5 83 8975
4 30 599
2 82 1489
10 9 1314
10 30 5010
2 41 9907
10 31 1054
9 17 6185
3 1 3113
4 68 7946
9 88 106
8 61 5935
8 7 3081
4 93 5116
2 42 2164
9 31 273
1 30 2174
10 38 6831
10 79 127
8 65 2772
9 27 110
5 52 2256
10 24 1132
5 14 313
6 42 6515
4 32 3422
10 74 3562
4 12 9603
6 39 5821
10 86 5219
5 68 539
9 21 7257
1 85 8905
10 27 4560
2 19 3813
6 92 3055
4 77 7736
7 1 4831
6 64 8403
5 54 4669
4 71 5661
8 90 9797
9 10 4281
4 38 1303
5 67 2569
6 70 184
2 11 1455
6 13 7731
3 44 8814
4 44 2553
4 96 2501
3 19 5338
2 23 739
5 25 5462
3 72 6687
1 95 7114
3 36 8956
4 63 2285
10 43 1580
8 77 1966
3 34 5482
1 83 7247
2 18 1333
9 63 1380
9 6 6798
2 97 9695
4 1 5485
2 86 4072
10 5 5498
3 32 4279
2 62 9511
4 11 1466
3 89 2788
4 5 1646
5 95 2039
5 39 7900
3 45 2501
5 9 3759
3 50 4066
3 38 1926
8 61 9208
7 52 6271
3 86 7857
6 79 7648
10 6 1905
2 7 1679
1 97 2631
8 2 2752
5 68 4386
4 58 2038
1 88 9026
9 58 8364
3 45 8581
2 36 1563
6 77 9412
10 22 7263
6 70 3268
10 82 3926
10 30 5138
7 55 3127
4 94 1634
3 21 7101
5 76 998
4 11 6772
3 76 7437
10 21 8584
2 9 1492
3 35 5727
9 63 4745
9 30 163
7 3 4775
1 85 456
2 13 478
10 72 874
8 42 4022
9 43 4389
7 21 1132
2 28 5604
3 62 9851
3 7 9089
1 52 5101
4 25 163
9 99 6059
3 7 339
4 86 5280
5 39 630
3 78 8477
3 38 2502
2 11 6309
2 25 7307
6 4 1021
2 49 398
5 30 1692
10 11 2242
3 98 4142
10 69 6806
10 23 645
8 31 6089
8 48 6455
7 19 6048
4 50 5939
6 73 9688
2 17 3093
4 19 1708
1 47 9090
2 16 8539
10 6 2828
8 61 7111
7 88 4427
2 2 7677
4 5 7267
3 17 3714
6 72 4326
10 14 5671
6 4 5697
4 89 7971
2 6 9649
7 86 1995
2 7 8398
5 25 6760
8 69 1193
10 10 2784
4 48 8650
4 52 5864
6 44 7199
2 86 288
1 92 2140
9 54 2491
2 50 3357
1 99 3918
6 97 8837
3 64 6305
7 61 999
5 45 8625
5 82 1215
2 17 2069
10 26 5765
9 22 3242
6 91 7372
3 8 9
2 55 4005
4 4 8456
3 90 4482
9 20 7697
2 43 1429
1 10 7375
7 60 2118
3 37 2119
4 78 9580
2 60 941
2 42 6133
8 77 7035
2 61 991
5 39 7229
1 79 8384
6 21 8750
5 30 7351
4 36 7220
3 50 6496
1 57 9722
9 33 8148
3 27 1492
5 28 1104
6 30 4466
1 80 5212
7 41 5346
6 52 4050
9 35 8651
1 69 1947
5 37 8587
2 76 4960
8 26 7195
7 5 9376
10 79 3971
2 9 5560
2 8 5088
4 96 2834
9 24 5129
7 10 6930
5 88 8980
3 10 5891
8 27 6280
2 84 925
3 38 3986
2 79 6475
3 28 6770
9 70 9710
4 95 282
10 5 1306
4 30 2832
3 81 7635
8 40 7809
2 88 962
6 21 3961
4 75 8055
9 12 528
1 25 959
4 80 3368
2 83 5451
7 23 895
5 71 567
7 1 5684
6 22 7265
8 81 570
2 70 6403
9 88 3628
6 6 8880
8 96 3529
10 13 7922
8 2 7156
6 64 6695
10 27 998
7 99 6141
5 4 958
10 54 6052
3 37 2320
2 75 5792
7 43 7579
9 18 4655
2 62 6528
9 60 3053
7 16 734
1 62 8242
5 35 1230
1 68 8924
3 14 9154
10 52 7994
9 90 2307
8 29 1939
8 6 3217
2 12 8152
4 83 515
10 1 6124
2 60 1408
9 92 6562
9 11 9754
1 44 1274
7 35 6197
1 18 3828
4 94 2617
10 61 1851
6 38 8631
9 14 8879
2 42 7361
5 47 8832
4 62 1918
7 21 3923
2 60 9914
2 10 2967
8 15 8278
5 46 9485
8 92 5203
8 85 2785
5 97 719
5 32 9963
7 11 6339
3 37 9513
7 99 6033
2 69 6756
7 30 2014
10 46 1494
3 66 7953
6 56 2047
9 10 3559
10 96 1060
9 61 8133
7 66 4905
1 34 9293
7 34 8869
6 19 3930
9 59 9457
9 25 9507
10 90 582
7 46 9587
1 28 3772
3 43 4361
9 30 1542
4 96 8503
6 37 9400
10 22 2293
8 61 3879
3 46 5998
5 13 3638
5 80 1311
2 54 6199
1 86 4705
7 3 757
4 35 5201
6 89 2691
10 88 5805
4 20 5349
6 11 5632
2 58 8428
10 59 4165
3 34 3326
4 7 3225
4 92 7257
4 91 9897
4 98 258
3 48 7536
1 3 1002
8 3 8785
2 65 7602
1 22 9598
1 79 5168
9 71 1822
3 13 7267
3 75 6590
1 98 355
5 67 5977
6 69 9869
4 90 4715
10 47 9151
6 60 7366
1 94 2118
2 53 8250
5 93 3718
7 19 2980
8 26 722
1 86 3354
3 91 9741
10 4 34
10 39 3124
6 89 1381
10 15 9404
4 83 5990
1 77 4667
8 100 7868
4 90 9872
4 78 7938
4 36 706
10 54 8474
4 60 2440
2 55 3927
9 78 3907
2 38 183
8 8 1304
9 97 7738
6 32 5807
2 96 6570
4 61 8169
2 23 3086
4 47 9582
8 57 6019
7 15 9983
2 65 7705
1 12 3917
7 88 4057
5 24 6854
2 28 8563
6 24 2802
4 69 9670
6 98 9723
4 42 3874
1 64 8197
7 86 7926
5 48 5074
5 10 8189
3 96 5304
8 28 3821
5 16 5448
10 26 5735
6 83 2087
7 98 4945
10 64 7028
9 50 7635
1 96 5254
5 55 6585
2 89 1233
8 23 7109
1 67 3012
8 6 6686
7 84 2262
6 50 7795
3 39 6964
8 13 4019
9 79 2208
6 93 7955
10 21 5561
3 93 4181
4 36 6064
2 82 8741
4 69 9205
10 18 255
10 51 8258
3 44 8114
5 54 8438
5 76 5192
10 83 6209
10 54 3619
7 91 2161
10 50 8432
4 75 9891
5 88 7785
4 81 5648
10 36 1410
1 88 2864
2 73 7210
3 12 6617
5 84 6661
8 67 5067
10 97 5213
2 45 1832
3 9 393
10 61 3411
10 32 2892
4 21 6792
1 52 8450
10 59 9830
7 59 3325
10 90 1852
4 19 5924
6 77 4308
3 64 2549
6 2 8075
6 100 3773
4 73 6737
3 62 236
4 55 8361
4 61 6387
3 29 4951
8 3 4999
6 39 4565
5 50 6284
4 44 9163
7 31 1875
2 54 1203
1 3 1055
8 77 1901
5 14 263
10 10 1589
6 93 2016
6 22 4957
3 93 715
5 50 1542
1 79 6251
7 93 8714
6 90 191
9 88 194
7 62 45
5 28 9384
3 82 1726
9 4 9025
4 41 9361
1 96 4062
3 80 3637
9 50 3106
8 56 6524
1 14 6832
3 51 6005
3 26 6380
10 93 4726
2 82 6983
7 23 9500
1 42 2189
7 76 2175
9 38 8773
3 45 5041
2 68 9866
3 29 6897
1 41 4742
10 97 9009
3 98 4904
2 74 3907
10 50 9963
6 18 3368
4 55 1123
2 43 266
1 30 2810
10 92 2080
6 37 64
2 76 2761
2 42 2486
8 71 8401
1 73 2519
1 74 1294
7 96 8745
8 19 3029
10 43 7854
1 98 1941
10 66 9544
7 35 3686
5 65 781
2 96 6649
3 67 6176
3 69 6005
5 77 7644
9 5 9008
5 41 1667
8 68 1459
5 87 6044
4 57 5179
1 65 6472
10 72 2664
3 76 7141
3 27 8218
10 17 8223
5 47 3323
7 17 9840
8 28 9859
6 52 246
3 7 6921
8 34 5882
4 35 268
1 34 1644
1 34 169
10 5 6271
9 13 1023
2 25 6774
4 25 4536
6 22 1183
9 43 6162
4 90 4157
7 12 7969
5 86 9125
4 80 8891
5 18 5675
6 27 1915
4 97 6623
5 35 9318
6 79 2776
4 82 5676
8 71 1176
3 17 5695
9 26 5763
5 86 615
9 93 4012
3 27 9865
1 64 2733
2 59 1436
1 47 9976
6 59 7505
4 49 5445
10 20 9847
2 25 7199
8 91 2510
2 50 4172
4 21 9251
2 42 4752
7 42 9984
4 2 9409
8 33 7378
3 41 7222
2 30 3139
3 70 7187
4 31 293
8 32 1057
2 50 2730
3 32 7981
10 47 6916
8 86 6815
3 74 1477
1 70 1793
9 24 2503
10 93 6033
9 86 3396
1 3 8758
3 78 2777
4 64 9988
2 66 5656
10 72 6142
2 20 9128
2 81 4594
7 44 1231
5 94 1003
4 93 1261
7 75 6997
2 17 6451
6 34 9214
5 36 5281
5 54 4066
7 64 5692
10 14 2827
1 84 6084
7 41 6702
7 67 1846
8 70 490
1 83 7773
4 71 6705
7 35 6764
8 46 5051
7 13 6435
3 57 7897
10 27 8433
10 42 6650
3 63 5737
1 58 208
2 32 4922
9 97 9870
5 79 3409
3 42 7191
8 41 4055
9 17 5449
6 75 5981
2 25 4044
6 64 4472
9 19 3090
7 68 3928
9 15 8263
4 100 5317
7 10 258
4 72 8743
8 65 7672
6 9 280
5 15 5322
9 40 8261
3 20 719
6 87 9277
2 94 5595
6 57 441
5 28 154
4 5 2374
9 64 2312
2 70 5844
3 62 8356
3 32 7821
7 95 8590
7 13 469
8 62 6225
7 55 7817
2 37 5028
10 77 1378
2 23 147
3 33 6018
3 19 3587
1 75 1536
5 58 3166
7 58 5702
10 45 2346
2 92 5201
4 3 5890
2 80 1252
7 91 286
8 2 8948
1 94 8291
1 58 5552
6 94 6956
9 89 7025
7 58 7000
2 36 8624
5 95 9293
6 7 4208
8 4 7643
6 8 1925
2 51 3509
3 63 1691
8 33 8223
6 17 4934
7 65 4131
2 54 3419
9 3 204
6 72 1483
3 12 267
10 65 9575
4 79 8052
5 34 4041
10 8 3779
2 51 8654
1 57 4346
7 46 8756
3 94 4894
5 27 9128
3 89 2862
2 72 9004
3 87 958
7 76 4546
8 69 5501
7 100 8167
5 11 7999
9 8 1668
6 79 5228
4 20 5794
2 58 6611
6 86 6488
3 9 1002
6 70 115
4 25 7306
2 36 7764
7 62 3996
6 96 6286
10 78 9206
2 47 1525
5 54 985
6 69 8192
7 8 9910
4 11 7925
1 62 2550
5 62 2764
8 86 2609
5 14 8132
5 33 4878
10 81 5996
9 71 7361
1 74 5288
7 4 7020
8 65 4461
10 5 7104
6 62 4188
7 45 9110
9 88 2873
1 72 8914
4 21 1521
7 2 5965
4 63 5258
10 58 7730
6 57 3422
7 91 3217
9 12 6335
6 96 7917
4 37 4034
4 60 6053
6 61 165
10 10 4286
1 85 257
5 14 4126
1 23 2270
3 68 9205
4 82 3889
1 50 9069
5 42 1115
2 83 3344
2 71 3959
2 52 4315
7 4 5865
10 34 6297
4 69 8293
1 78 1807
2 42 2252
4 69 1248
3 71 8210
3 35 4058
4 41 2648
5 48 1556
8 31 2264
6 12 518
10 74 2216
3 19 667
1 55 5576
4 15 9236
1 1 9448
9 17 3960
5 34 8462
10 45 2717
10 99 2486
10 14 2502
4 55 9592
4 56 2056
4 43 1066
6 51 9890
5 51 8929
2 22 9381
9 36 2592
5 30 5239
1 70 7012
2 33 3783
8 34 2306
7 14 7366
1 71 7981
7 86 9406
9 68 5916
3 73 3967
2 33 3466
7 76 8340
5 20 977
2 73 5285
7 20 8056
8 15 682
4 6 4825
4 1 4399
6 20 3686
2 38 8312
9 19 2150
4 75 4756
7 75 5856
7 35 2743
2 57 1378
7 59 124
5 62 17
8 22 8357
8 16 1294
10 37 3387
10 24 4827
6 3 6938
10 3 7828
10 14 7828
2 75 6894
6 38 7439
8 53 4602
6 100 4653
5 10 3952
6 65 3595
6 21 7651
8 100 1726
10 32 8933
7 25 641
4 99 5393
1 93 3553
3 51 8499
2 52 8321
3 69 8408
2 81 5795
1 38 6100
10 52 5115
8 15 1997
7 11 7902
8 26 6535
7 1 8675
8 98 5965
1 26 2082
5 40 4144
6 11 6526
2 84 3492
10 96 540
1 73 3338
1 23 3450
4 82 4090
9 72 1706
4 90 7734
10 7 4097
5 86 781
5 94 9291
9 22 3473
2 73 8408
9 22 815
5 56 3507
1 13 373
6 91 1249
5 64 3832
10 22 415
3 46 6209
5 11 4755
8 22 1251
8 38 8774
3 100 7109
3 36 2476
3 60 4213
1 50 617
3 11 147
4 98 8981
3 90 7042
1 27 3443
3 86 4312
3 8 1199
1 39 6551
8 56 7446
7 52 6178
8 92 1278
5 74 5993
6 64 4572
8 30 9080
10 78 2169
10 76 4913
2 65 3403
1 35 8644
6 71 1351
9 89 7132
5 59 5334
6 16 5770
1 76 2206
9 41 1488
2 59 4357
3 84 2618
4 50 1373
9 21 8427
10 12 4689
5 10 6415
9 22 4347
6 29 3030
5 23 2247
3 9 5889
7 50 7905
8 29 7990
9 100 8830
9 61 1821
5 23 8599
2 45 663
4 15 2051
9 18 1302
2 59 2443
8 26 8238
7 23 6585
3 25 3907
5 33 309
4 29 2217
8 65 1667
7 23 88
1 72 4845
2 44 990
1 55 8820
9 49 7485
3 96 5091
8 91 284
4 63 1752
9 52 3389
9 60 158
8 9 3273
10 67 5716
1 16 3203
2 89 5685
10 13 4466
1 69 1704
2 99 5527
5 32 5536
4 29 6862
6 52 5762
9 100 1268
2 69 5869
6 21 5999
2 45 4232
3 91 1436
7 54 3023
1 16 4978
10 49 6483
9 62 1360
2 70 1835
4 24 9059
9 5 5998
4 70 5810
1 26 5019
1 25 510
7 74 8523
9 30 4549
4 29 6498
4 29 9269
10 19 6131
5 52 7227
1 76 2956
5 44 1057
5 27 914
10 99 259
8 54 8398
5 54 5083
6 12 9869
3 29 3675
6 61 956
9 64 7234
6 89 1926
5 8 2427
9 42 7071
4 70 5665
1 44 9716
3 39 4405
2 40 3785
3 29 9385
3 67 7015
3 100 5506
10 37 2178
4 60 8700
10 100 1228
5 77 884
1 60 2442
9 88 5715
1 83 765
7 14 8040
6 32 2839
10 59 4432
5 88 5401
5 95 229
4 15 3377
6 50 3464
5 46 1363
6 3 7065
8 79 2486
9 5 1173
10 66 4597
3 76 8461
9 58 7459
6 60 1225
3 65 2085
1 14 4063
3 13 6751
5 76 8315
6 86 4270
4 28 1164
3 14 7325
4 16 1356
10 48 4171
5 39 2984
6 64 1375
7 45 3151
5 8 6259
6 12 6835
5 43 2222
2 92 1925
9 56 9579
2 5 1165
8 68 3046
4 7 8448
5 3 5783
6 54 3210
8 58 8342
5 80 6538
3 15 5140
5 22 1044
7 92 4889
5 22 9365
2 85 2529
10 86 1477
8 60 7540
3 31 7922
9 70 54
6 42 6466
4 89 9088
8 75 8976
8 94 6391
1 45 9680
7 96 6479
2 87 3910
4 73 4676
4 36 617
2 89 7108
1 69 7045
9 27 1307
5 34 6506
10 23 2634
6 89 3532
3 19 3039
6 19 9136
1 38 6664
2 54 7881
6 94 3100
9 38 267
6 93 3578
9 55 1005
7 67 8506
5 41 2693
7 50 9857
9 100 9480
1 38 9846
1 99 6631
1 96 3965
1 96 3765
3 37 1139
2 15 1956
10 6 3136
10 63 2032
7 90 4589
7 71 3672
7 33 3652
7 3 4966
3 12 2355
6 20 9782
8 36 6100
8 18 5523
3 96 372
9 7 9803
4 77 6780
7 53 6187
4 71 6242
4 24 7438
10 7 7133
6 83 5178
8 52 3668
2 65 7953
6 7 185
7 22 3096
6 55 5186
5 67 4167
1 98 7207
5 48 9685
6 39 5320
7 16 928
8 62 2530
10 20 2218
2 99 8443
10 62 4868
4 96 4710
10 78 2082
4 45 9444
9 22 7065
9 60 9469
3 20 9169
10 99 741
9 63 3451
2 96 3986
2 86 7242
1 23 879
5 18 6449
5 95 3878
6 45 2898
7 29 7357
8 57 7972
2 98 1141
6 70 9465
7 13 9669
8 63 5094
10 28 5091
10 1 1163
8 33 9662
9 45 4660
1 26 8792
7 71 5775
10 19 8173
1 62 4222
2 13 601
9 8 5416
4 27 8340
8 17 6734
6 67 3626
8 13 1432
2 52 4270
2 75 7649
4 63 5271
9 18 4631
10 71 1960
7 58 4383
8 62 9606
10 60 1427
3 92 8987
3 32 1014
4 45 1213
8 88 2353
4 99 8854
9 35 2754
6 99 9106
1 78 7387
6 4 8
4 39 999
7 21 2258
10 74 7122
10 91 1492
3 30 9555
10 57 2483
2 83 2706
3 92 5216
6 42 7021
10 12 1577
4 66 7110
2 57 2143
4 73 3302
6 6 774
4 12 7226
3 28 8536
5 13 53
