10000 10000
2 18 217
8 80 1587
6 20 6759
8 15 8643
9 22 5180
10 2 3816
1 66 6718
3 27 8335
6 1 4895
4 31 3550
3 25 2756
4 18 8927
1 2 1943
8 90 7807
1 91 6073
8 44 9842
8 14 4328
4 7 5624
1 97 5244
7 43 7164
2 86 6795
4 11 3728
9 34 367
6 36 7354
4 58 7398
1 35 1593
9 34 7465
4 83 7557
1 3 9840
3 25 5926
2 60 7370
1 23 8379
6 91 7093
4 61 8709
10 87 902
10 83 9943
2 2 4387
1 43 7615
6 57 1771
4 13 3484
4 10 4730
4 56 1685
6 25 344
4 80 5738
9 80 2853
10 88 5954
4 57 3541
5 95 1998
7 71 8498
2 72 2729
8 48 1643
10 77 2027
1 52 2729
3 71 9367
5 97 945
3 87 2672
6 41 3569
10 99 6366
2 49 2524
1 26 7413
10 97 2142
8 63 1909
5 15 6432
1 55 7857
3 14 9812
1 97 322
8 25 9047
5 50 3782
9 42 8194
3 72 7976
5 24 2460
2 12 9701
6 96 1875
5 76 8384
6 19 800
9 90 6032
9 14 9440
4 80 3958
2 61 7625
3 77 1055
4 41 4435
2 30 3976
5 68 6002
1 12 5669
5 77 1074
10 12 225
5 43 9889
4 22 3205
3 10 5325
6 36 5542
2 31 1901
10 25 2656
10 48 1742
6 80 3550
1 63 3345
8 77 173
7 100 2556
4 97 6143
6 6 7162
1 13 7699
8 89 5528
4 12 8484
3 71 8155
3 17 8009
9 16 8213
1 8 5983
8 30 2424
2 76 5094
5 37 1972
9 69 8775
10 87 2757
8 53 1115
3 85 5217
5 91 1503
6 85 4695
9 57 9321
1 1 6474
8 79 7958
2 38 6176
4 85 554
4 18 2780
1 62 9658
8 98 6640
3 42 7076
8 23 8756
7 72 9660
5 38 1330
2 54 9909
7 58 9609
8 55 302
1 62 8981
9 60 8048
5 55 2259
4 27 1287
2 61 4604
1 89 7671
4 50 2767
6 36 6824
2 46 4052
4 88 9375
9 25 1013
4 56 2168
2 37 1723
3 50 9152
3 31 9534
2 89 1648
3 24 9684
7 41 2514
4 33 9049
8 86 320
9 49 9172
5 32 4077
6 15 6930
5 54 9078
5 26 6642
3 19 2236
8 21 3716
9 28 4393
1 86 5782
4 59 8864
6 5 491
10 76 844
5 49 3058
8 4 6309
9 66 8601
2 59 3604
3 68 1288
9 64 6177
3 20 9429
10 26 7935
5 42 6474
2 61 2522
9 29 4355
4 55 4049
1 83 7372
6 44 7936
4 31 9882
6 8 4905
4 50 988
4 15 8734
3 78 6421
8 22 3306
8 73 5715
2 33 6435
5 52 7125
8 43 1235
7 88 6802
8 79 7497
3 88 2372
1 81 3755
9 95 8483
4 24 4702
6 25 2298
4 59 8515
9 33 7538
8 30 9209
9 6 6138
4 58 805
9 8 7525
4 98 7296
2 72 2597
7 17 1962
2 53 3525
3 64 8154
2 65 9135
2 12 514
10 92 1842
6 84 6838
6 70 5902
10 13 8114
7 97 9382
6 44 7405
6 32 6002
4 95 42
10 96 2161
8 96 3959
9 31 8931
6 76 2506
1 15 3303
2 89 5389
7 80 1770
3 94 7753
5 17 761
10 83 1816
5 87 5881
10 26 9239
1 37 576
3 69 2693
3 76 7709
4 43 1510
5 44 9722
1 10 41
10 6 9388
7 91 801
3 25 6312
8 87 7564
7 28 6110
6 86 3200
9 30 7053
9 2 9200
10 70 5883
7 18 1751
4 11 8392
6 89 2464
9 86 149
9 60 8594
10 53 2009
6 23 8837
5 66 2144
3 71 5205
1 57 7628
1 51 5292
4 42 4035
4 44 7520
8 18 5981
2 37 4299
4 24 3283
8 75 8128
7 1 3805
1 99 3275
4 98 2248
10 12 5191
5 47 1452
5 7 7869
8 9 9274
4 2 4481
7 40 423
7 77 9145
10 99 5909
6 89 6763
2 41 9909
8 74 3038
7 11 3128
6 7 334
10 52 513
3 75 8594
5 7 7553
3 91 9097
3 34 1677
3 51 433
10 71 9493
3 40 8543
7 31 4854
5 94 1379
2 6 1250
10 49 8394
10 37 561
2 56 923
9 75 2564
3 97 3228
1 6 471
4 29 5406
6 5 3285
6 11 6683
7 100 5689
6 42 2736
2 49 6756
10 90 8053
8 79 2034
2 19 9298
4 98 1576
9 19 6031
9 70 3596
8 87 6199
3 57 837
8 72 580
2 27 2381
7 57 4154
9 98 4548
7 26 6756
2 6 6632
10 59 3660
7 9 2146
10 60 7345
7 5 697
2 79 9029
1 97 9180
2 64 1382
9 44 9522
5 51 1684
10 72 1321
8 92 6317
9 2 9418
3 74 3036
3 6 7848
5 79 8478
6 55 1
10 27 2287
1 34 5929
2 18 8990
8 12 3785
4 19 9098
4 83 649
1 54 4204
4 52 8089
5 12 8710
7 9 8812
1 41 5885
3 35 9867
4 22 7768
4 62 3399
1 78 4639
4 98 3228
4 32 1658
4 31 5527
7 4 6718
9 30 5438
2 17 742
7 92 6477
6 14 9373
7 18 3140
3 46 6701
2 2 2675
3 82 2223
4 69 311
9 1 6198
6 51 7183
1 13 1575
6 89 3533
8 57 2340
8 40 869
1 51 1607
3 61 6798
9 64 5893
3 25 1383
2 88 8894
10 74 3544
5 19 6736
7 56 2277
10 82 5958
8 51 991
8 76 4845
1 60 5181
6 28 5359
3 32 1784
8 100 9678
8 15 3711
4 23 7859
4 5 787
7 12 5294
10 100 7641
5 1 1734
4 12 7773
7 89 688
7 91 5242
10 64 1350
6 51 4871
8 8 4163
9 42 4551
1 57 7795
8 19 9631
7 21 4413
1 67 1548
4 55 1862
1 99 2122
10 20 768
10 56 4753
9 72 7185
10 8 7587
2 55 3979
10 64 6285
10 99 8759
9 13 7736
10 39 6236
6 90 3938
4 84 9911
1 9 8477
5 3 6107
10 7 1960
10 21 4150
9 86 7591
5 80 9513
7 82 4047
8 16 2584
2 92 3107
1 47 1548
5 50 7629
1 75 1437
1 18 2942
2 54 6980
4 34 1034
1 67 6511
7 15 8661
10 48 1107
4 6 553
8 70 4877
1 77 6715
4 99 6522
1 76 8138
2 56 1529
9 9 6599
10 5 7408
3 23 6074
10 29 378
6 39 7379
2 44 9903
7 79 7827
2 79 8126
2 42 7152
9 78 1532
7 33 9981
3 51 9837
3 5 1426
4 6 7758
6 13 2672
7 6 1478
6 68 1381
7 9 1309
4 28 278
10 56 1237
6 100 209
6 7 7703
6 16 4474
5 2 6888
9 47 7917
9 3 3440
9 9 7360
9 44 675
1 50 3250
2 36 3368
3 55 7908
3 44 6124
1 50 3192
8 21 3791
9 76 8243
7 84 168
4 14 6498
4 89 1018
8 46 881
8 17 2405
7 40 7947
6 61 4353
2 74 5872
7 95 4465
10 27 363
4 94 6119
7 2 9354
8 75 9473
8 56 9171
6 13 9194
3 48 2872
10 54 5473
2 46 5836
2 46 6376
9 50 6459
6 5 4831
5 77 3744
4 59 3567
3 83 7019
8 40 1915
2 7 2794
8 9 4428
3 81 4564
8 1 1719
5 8 2158
9 45 2855
6 38 8652
4 49 9110
8 27 2719
2 61 1478
8 80 6678
9 71 9366
10 50 7622
8 70 5931
10 63 4168
2 54 6170
7 71 6295
8 46 9891
9 66 4411
2 26 3361
3 2 9426
2 67 7844
9 67 7933
4 38 1973
2 27 4781
1 39 1327
4 75 6458
2 45 3388
8 79 4346
6 63 4924
6 55 8775
9 81 3384
6 15 6792
10 100 2741
6 73 8532
9 50 1838
1 12 6644
10 58 9901
4 38 8696
2 67 7219
8 29 7591
7 73 8048
6 63 5024
4 1 1692
6 86 8858
10 89 4318
9 46 4396
6 27 1545
2 12 5808
1 89 6227
7 88 4898
5 37 8210
7 16 2222
10 17 4625
8 64 9797
10 99 3183
7 68 182
6 49 3169
4 33 3530
1 52 4339
7 1 4119
4 46 7022
6 88 5823
2 22 3554
3 22 9742
10 2 4484
2 67 5714
8 25 5156
4 86 7813
8 82 5377
1 33 5915
10 7 8208
6 92 7343
10 64 3581
10 22 7024
9 14 1648
4 51 8258
5 67 7749
7 82 5186
1 85 4773
3 48 2437
5 97 9123
3 2 1578
8 100 7023
9 29 3289
1 29 1942
2 96 6027
1 59 6112
7 73 2467
10 98 6062
2 57 7644
6 35 5815
5 61 7351
9 58 3712
8 24 5353
5 73 2940
10 27 9376
2 76 8703
10 50 8645
9 34 581
6 53 9420
5 77 5853
10 96 4036
5 92 6477
4 23 6022
5 82 3853
6 43 4596
5 72 2746
2 99 9178
2 18 5773
10 5 3763
8 36 4013
1 15 6498
3 17 6154
4 88 9324
6 9 179
9 74 2068
10 25 8561
3 81 9795
10 6 4970
5 64 3138
9 17 9963
7 87 1612
6 59 9028
2 61 7384
5 66 3053
9 6 778
7 63 7823
10 32 6968
2 42 7447
1 2 4156
9 7 8201
3 39 1669
7 39 1780
9 59 2105
2 31 8120
5 97 3363
5 98 3508
10 32 1348
5 27 8225
1 45 8784
10 3 1782
10 90 4071
10 8 3129
5 98 3466
5 24 7224
8 31 3517
4 73 9041
2 32 6942
5 40 7341
7 96 5868
3 43 9734
2 54 6876
5 78 1085
5 15 5293
4 47 1523
1 32 363
7 62 3300
10 82 1826
10 75 9701
6 28 2540
3 82 5268
5 68 322
4 43 9995
9 45 6490
5 17 4515
1 69 9238
9 31 1037
6 59 912
3 53 7970
4 16 7164
4 18 5060
5 76 7979
1 85 4979
4 52 2002
10 1 3026
7 77 7256
7 58 8306
5 10 6602
5 45 4277
7 77 9964
9 69 8296
4 39 6244
9 65 2370
2 53 6804
6 95 1544
2 53 6836
7 55 8198
4 72 3296
7 54 3927
1 6 7150
7 47 7123
7 88 8673
8 76 2606
7 100 6325
7 49 7954
4 79 7589
4 51 2528
1 43 7680
4 12 6441
8 50 3153
8 62 3204
8 34 6881
7 90 4845
10 25 6824
7 37 9821
8 11 2754
4 9 5045
5 20 410
9 54 8758
2 76 2255
10 70 6230
4 86 8674
10 86 138
6 76 6571
4 35 2573
6 23 8407
3 90 5458
5 20 3391
7 30 1232
2 22 805
2 77 5912
5 26 7560
6 52 8688
3 67 4781
1 9 9489
3 36 4080
1 31 8295
2 3 4973
3 44 4074
8 99 80
8 90 4396
9 20 3970
10 87 863
6 13 8273
9 25 8285
5 63 8107
8 54 5059
2 46 8677
8 12 811
8 47 4512
6 30 6558
8 57 5922
1 61 8657
7 2 8514
8 25 9067
7 60 544
5 87 9967
6 72 6034
6 15 9127
7 55 9915
4 62 5625
7 82 940
2 19 4487
7 22 1327
6 79 7652
2 28 9572
6 51 8270
10 42 2621
8 25 2907
9 35 8121
7 95 1036
10 52 5902
3 57 9938
4 99 2161
4 32 7977
10 56 5646
4 86 5632
6 84 4338
8 20 6018
10 13 9829
8 58 2277
9 75 9583
6 25 3734
8 1 8714
7 51 8668
7 93 630
7 62 7892
2 33 8216
4 30 772
1 67 8576
1 8 1888
5 56 5357
9 2 5387
1 50 2339
1 75 4562
7 9 695
9 88 5457
7 67 5374
1 21 1646
9 74 8610
7 9 7786
9 97 4462
5 24 1081
9 57 9070
1 34 1636
2 87 3506
4 35 5215
1 70 8103
7 56 9335
4 21 2750
2 17 9184
4 7 3098
1 48 7375
1 44 3800
6 72 6431
2 10 2331
2 94 9439
2 54 931
4 49 5149
6 70 918
3 33 5703
2 24 19
7 63 5501
7 42 2456
8 97 6868
9 24 38
5 96 3683
6 32 6771
6 77 1830
2 39 7119
6 37 7103
4 5 8598
6 35 6546
7 42 2406
3 18 4016
3 54 8697
7 77 2184
1 95 2466
9 96 9584
2 55 1247
4 64 2160
10 33 5116
6 52 5960
1 71 5174
1 4 3989
6 61 4081
10 89 6992
9 76 2473
5 23 6509
3 79 3871
3 32 4196
6 11 4752
1 64 8737
9 38 6745
9 49 9235
3 76 1589
7 21 4326
8 63 6656
8 36 2567
6 32 2568
6 62 6682
8 22 822
10 17 1422
6 53 2131
10 17 5516
3 78 4066
7 94 5534
10 75 8371
3 19 2790
1 61 6653
7 93 5813
7 91 7970
10 86 6463
5 37 4306
5 13 3348
8 62 782
2 46 3085
4 7 990
8 56 8496
8 65 4777
2 78 2725
1 62 7078
10 22 8
2 98 1731
6 55 3479
6 68 154
8 87 1016
10 45 8604
6 9 3136
4 45 5449
1 29 8873
5 14 3262
7 75 9225
4 64 1214
9 41 4643
4 73 2461
6 4 7825
4 9 5939
7 78 447
3 74 6496
5 4 1519
1 66 6672
8 70 1275
4 25 3423
9 25 5627
10 33 1829
4 87 884
1 31 4132
6 84 2040
5 61 245
10 7 5681
5 55 8940
8 10 6368
3 40 9666
6 53 9708
8 74 220
8 28 2250
8 45 3297
10 85 4765
10 16 485
2 10 4312
9 29 1468
3 50 3954
9 56 6890
7 84 3853
2 73 1894
10 64 8379
9 93 3539
5 17 414
6 76 7881
1 67 9910
3 53 6398
4 46 8960
2 53 1970
7 53 3327
9 40 6096
10 90 5906
6 38 4684
7 42 8367
9 70 7659
2 18 5826
6 36 7860
9 79 5911
7 21 4707
9 77 9407
4 51 8723
10 15 8738
8 59 3852
9 62 7429
3 61 2214
4 74 7425
3 24 9091
5 77 6465
10 77 4783
6 39 7806
4 41 4995
4 4 2208
7 22 8669
5 5 3878
2 81 2743
9 2 3207
4 88 8080
7 17 1758
5 15 5595
10 7 2883
5 32 9614
7 55 2865
9 26 5540
3 37 6362
7 99 44
8 84 891
10 4 2141
7 100 1943
4 56 2642
1 40 5814
4 60 8686
2 2 700
10 84 7557
1 64 4357
5 22 8886
10 1 3439
9 48 9794
9 78 1414
3 6 3824
4 7 4049
3 2 7860
6 57 4482
6 42 3336
7 21 3212
2 54 4526
8 83 7505
3 30 4907
5 21 3286
6 78 934
5 31 1826
2 55 6859
8 92 4557
7 15 7619
4 92 2365
6 24 1493
2 52 7633
6 73 3493
9 28 6350
4 23 7283
3 49 1077
6 15 2399
6 31 8607
4 26 6370
9 4 1260
2 63 1694
7 6 9248
10 38 6287
6 75 3124
10 95 2028
3 67 2367
10 72 3003
10 35 9241
3 30 9884
6 7 8197
1 14 5457
2 17 2002
3 28 2229
3 58 6883
8 12 3901
3 63 9532
5 15 2085
4 86 6759
10 36 4319
3 45 9294
6 89 4844
8 50 1672
10 46 2436
3 86 7387
1 22 7053
3 48 537
3 87 1022
7 15 1943
1 40 5134
2 20 3266
3 14 2590
2 10 2212
7 32 1802
10 10 3374
9 46 3160
1 11 3476
2 37 1224
5 36 5320
5 23 7731
5 96 7442
8 59 1232
6 45 3660
7 20 4887
3 100 5926
1 7 1982
5 23 6877
10 95 1833
1 60 4094
7 83 9160
7 63 7406
1 98 9272
3 74 2021
6 80 8363
2 1 6317
6 18 1239
6 72 8596
6 63 8920
2 79 8383
9 40 3975
9 27 8054
1 9 258
3 42 7984
10 60 5907
1 41 3491
7 47 3790
9 76 7379
2 90 496
9 56 1222
10 6 8516
8 97 1681
2 4 7742
7 58 5026
1 53 1262
1 17 7666
10 93 7798
10 95 1129
5 90 2406
10 19 5671
6 90 8427
8 21 3833
6 72 4178
5 73 4080
5 23 9820
9 5 2674
6 35 2104
8 13 4680
2 57 2866
10 72 5829
1 44 9707
7 6 5703
2 46 1707
5 50 6799
9 48 5899
3 85 9312
3 97 7309
1 22 2671
4 30 7968
5 30 9221
7 34 6028
10 95 4328
1 58 8489
10 22 9227
5 42 2130
9 76 8038
10 84 7842
7 39 848
1 49 8874
3 38 4155
9 3 9018
8 27 2360
7 34 1389
7 91 4935
2 7 521
8 20 4450
5 7 9852
1 48 6933
3 70 6595
10 9 8789
10 31 6105
1 45 7165
6 11 1291
8 63 3712
10 30 9383
3 31 1496
5 4 3121
8 99 8940
7 89 5809
3 54 1622
9 43 2029
7 77 7526
1 56 2272
1 66 2584
9 2 6188
4 9 8229
3 75 499
10 12 8841
10 40 8629
2 80 2597
3 13 6197
5 41 9122
9 58 6385
10 27 1353
7 68 6647
10 37 6486
9 92 8701
8 35 4938
8 20 3692
10 21 1261
10 70 7435
1 2 9671
4 17 6963
7 30 1543
8 33 2450
1 30 8402
2 76 5675
10 76 7370
4 14 4339
7 66 6844
7 83 2906
4 53 7887
5 69 722
6 57 9089
7 92 2009
7 29 4702
9 6 672
3 57 6412
4 80 4054
4 93 4578
8 6 1908
10 8 6231
1 65 7633
3 78 762
8 37 468
2 39 2362
9 71 8473
2 47 4782
10 25 7702
3 41 1766
6 52 1353
3 40 5514
10 4 5742
6 21 7703
8 43 1450
4 88 9242
5 47 9295
7 80 4113
2 17 9537
5 46 8976
4 44 6033
5 74 4595
3 29 1836
9 98 2514
6 93 9612
6 95 9370
9 83 9669
4 63 893
10 16 9303
1 18 6263
8 2 1569
8 31 4792
8 57 6193
6 58 3960
2 85 3397
3 11 7867
4 17 800
3 16 8910
10 21 1331
7 40 7425
8 23 6094
2 16 1055
8 73 1150
1 50 3742
4 16 209
6 98 8949
4 30 46
1 40 7281
2 27 5319
3 11 3445
6 85 7991
1 22 8253
5 100 2738
5 76 628
8 88 5003
9 3 7122
2 66 7323
3 8 2334
6 31 5577
3 22 9277
8 21 1340
3 89 3531
6 48 9832
7 86 3738
5 86 5092
8 90 9818
1 56 6974
6 62 4244
4 53 5067
1 77 4973
7 3 667
4 90 2311
10 86 4323
2 96 5451
3 8 3408
3 43 7397
3 87 1703
2 98 6505
10 2 5502
5 66 9426
10 77 3397
3 29 3933
3 26 3583
8 74 8785
4 26 8082
10 23 8117
6 9 2013
7 62 733
4 68 5446
1 16 7088
8 28 8584
4 71 5508
6 11 8954
9 85 5302
6 21 3160
6 22 2342
6 11 7474
6 2 7881
8 12 3304
6 65 1219
1 46 3259
9 67 5709
9 55 7244
7 90 339
3 100 8391
2 50 9070
7 80 7699
6 11 7223
6 18 8381
4 15 75
10 46 524
4 67 2441
7 58 3375
6 91 8240
2 28 4096
10 40 4211
10 74 9789
9 88 1801
3 97 1390
4 94 1025
6 19 2089
6 71 6306
1 7 9594
8 26 8472
4 31 1338
5 7 2854
2 27 3632
4 44 4773
3 68 4510
5 68 2351
9 48 4741
1 12 2019
1 11 9094
7 13 3280
6 91 9262
4 99 1392
4 52 5901
7 88 9881
7 73 1050
5 23 8576
6 38 5186
6 75 4439
3 44 2563
1 95 5636
5 6 4540
8 4 2292
3 53 7847
9 58 5301
7 58 9459
2 92 2191
5 16 7953
7 44 253
10 97 3617
3 22 4097
6 58 1232
10 35 7561
10 88 333
7 87 9959
8 67 4079
8 20 2504
3 41 6655
10 22 2489
9 19 409
4 45 4834
4 97 8034
6 66 8127
1 9 6949
9 70 1207
6 66 3813
3 28 1274
8 68 4123
4 31 5196
9 54 8633
4 44 9649
9 59 2779
1 74 3046
3 96 9082
7 56 9118
5 11 204
7 72 6225
4 12 7820
6 62 4041
8 28 1513
2 38 2193
9 81 3835
7 58 3861
10 55 5574
10 10 3385
5 3 351
1 40 2618
4 4 3972
6 32 1632
9 50 7497
6 57 6435
3 93 3010
5 31 9809
5 26 9937
6 66 4146
9 50 6234
9 62 4735
5 36 1933
10 25 128
5 99 4054
4 28 1485
1 96 4881
10 55 5285
4 4 5137
9 84 8102
3 10 4079
7 69 3346
6 78 8294
3 76 8870
10 52 8671
8 79 4773
2 100 8650
4 77 7914
2 3 9088
2 29 3561
8 98 7382
6 12 8629
7 52 3000
3 44 3878
4 68 7094
3 30 3454
6 14 5801
2 100 1269
8 21 4613
8 87 2952
7 64 2987
3 93 6909
3 61 4469
6 79 955
9 17 7822
3 41 9282
7 78 5325
5 43 130
6 12 2811
8 57 5969
9 8 7641
10 93 1757
7 38 9472
3 41 5431
1 21 3108
6 29 5660
4 41 9327
3 85 3423
1 43 5665
4 32 976
5 60 7657
3 81 1468
6 56 1520
9 28 3742
6 68 3584
2 34 1455
3 98 5328
7 57 5248
8 53 1512
4 13 3740
6 24 7857
7 15 5822
4 59 725
4 47 1963
8 30 7019
7 72 3527
10 12 3651
6 91 2556
7 95 4202
8 27 8995
7 28 1885
7 37 1105
2 94 8893
2 76 6602
4 23 6401
10 42 5850
10 35 1029
8 58 8953
2 86 9952
2 6 9622
8 25 8708
4 69 6485
4 84 690
2 16 6663
8 89 3157
2 6 2783
9 87 9141
10 95 1512
7 69 1026
3 98 2090
10 42 1736
8 60 8934
1 34 2211
2 25 8599
1 76 8907
8 72 8666
6 64 2673
9 38 7763
3 46 9684
7 41 4943
7 57 1933
3 10 5555
7 44 1060
2 78 8396
10 52 2481
6 27 7984
6 51 7132
2 65 9627
5 13 7253
7 40 7088
5 77 167
7 96 7461
1 90 7432
9 69 7851
6 33 7226
7 51 6005
1 54 970
2 20 6629
7 61 255
1 11 3870
7 88 2859
8 82 1116
2 28 4643
8 12 1576
2 87 1904
4 52 1373
1 92 4723
7 33 4796
9 75 5782
3 85 9889
9 95 4700
10 71 9131
8 16 3591
7 26 592
6 84 3783
5 74 8744
5 28 3943
7 68 8179
5 21 9183
4 29 21
9 99 2018
4 44 5499
4 44 5129
1 31 2814
5 91 7498
7 64 4772
3 86 8238
8 99 7642
7 30 6673
2 26 8260
1 44 2071
10 100 1025
1 10 2899
8 67 8421
1 59 6770
8 34 9261
5 69 5170
8 50 273
4 35 6037
2 10 7453
6 67 8810
8 36 9369
4 73 286
10 67 2639
7 38 3561
7 1 4493
7 4 235
4 13 6665
5 32 3844
1 77 9890
1 21 4221
5 79 8339
4 80 6847
1 15 8179
9 38 8571
8 51 809
3 38 5687
2 71 1485
4 60 3610
10 22 9948
9 18 6819
7 97 9197
7 28 2969
9 100 7920
9 36 7290
8 33 5983
8 97 4704
8 58 7116
4 18 6686
3 52 9930
5 88 5213
7 47 9393
7 51 2291
5 95 7251
5 60 2941
8 39 618
6 17 2510
2 56 506
8 2 3449
8 31 8245
1 2 3549
7 14 8253
7 48 5902
7 43 8396
1 24 7929
3 89 3275
1 20 2826
1 85 7365
9 73 3314
4 60 8805
10 56 9015
9 63 8045
6 57 2360
7 55 4954
6 59 649
2 12 6031
3 62 6527
3 22 2311
2 12 8821
9 32 6181
2 99 2218
1 29 4733
4 86 1497
6 87 4070
10 100 8793
8 36 2446
9 8 1990
3 87 6540
2 6 2454
8 16 7809
1 97 9720
8 85 4896
9 59 7496
8 62 7383
3 76 2316
7 82 2137
2 56 2733
2 10 1916
1 42 4829
6 57 4583
2 5 3706
3 79 9716
5 45 4250
5 81 247
4 51 8427
1 81 3102
4 49 3187
5 10 9686
6 1 4709
9 81 2987
1 70 2685
3 77 1883
9 9 6906
1 85 3838
3 45 7579
5 23 5894
7 18 5239
4 20 9853
5 34 4187
4 8 7224
2 63 3473
6 22 5940
7 71 7802
5 92 2151
3 35 2368
5 82 2108
1 29 335
6 14 6966
7 55 8456
3 51 2961
6 5 2106
5 26 849
8 43 2511
6 1 9269
7 96 5758
5 44 2180
8 42 424
10 36 7863
10 52 1533
5 58 3826
2 42 1292
4 40 2553
6 8 4746
9 47 4081
6 31 6978
10 33 5374
6 97 268
8 72 4122
9 6 6462
1 47 6059
1 66 1239
3 83 4142
5 88 3533
8 6 1496
10 88 499
1 70 3063
1 28 5810
9 17 7477
3 86 35
3 46 3896
7 79 2688
9 54 3522
10 95 3972
1 63 4781
5 77 4705
6 41 1464
8 69 7654
9 21 6373
7 17 858
6 90 6977
5 13 3599
8 3 9949
7 28 200
7 50 5303
3 22 6863
2 71 7984
4 50 8619
6 50 7764
4 73 2808
9 9 1592
9 96 9665
7 5 6735
7 80 5654
2 41 8070
2 69 6178
7 68 8305
7 73 5313
7 85 6481
10 30 3206
6 56 2149
2 5 6626
10 62 3244
7 73 6980
1 95 4266
7 81 8940
5 9 8002
7 79 1376
9 92 4037
1 88 943
4 91 4441
7 36 5677
9 38 8503
7 4 9813
10 25 5794
6 51 2982
3 1 8780
7 55 8909
3 2 6529
3 66 7793
9 68 5291
3 81 1280
5 23 4060
10 17 8911
9 22 6866
6 77 9396
6 31 4460
10 48 7818
8 50 5095
1 12 4276
8 13 6104
9 32 5564
7 73 978
3 77 4227
6 56 7175
7 72 3080
5 50 2804
5 23 8876
6 28 4802
2 62 2199
5 28 3282
3 20 8967
7 22 8946
10 31 8989
2 22 3644
8 27 2195
9 83 6914
7 39 9006
1 37 730
8 99 2387
2 1 1212
1 68 1333
9 15 7683
6 58 5953
9 50 1379
10 90 2751
9 21 2539
9 19 4407
6 83 2063
4 12 5275
6 41 1854
3 2 5766
2 85 4667
7 28 1431
8 75 2259
6 1 5713
4 18 1571
10 89 2481
10 41 2166
3 46 9309
2 19 5148
9 6 2165
3 42 7156
4 21 8285
6 19 8337
1 27 7470
2 60 5481
7 71 6481
8 94 6885
8 9 8759
3 80 2631
4 18 5816
5 30 2563
3 69 3137
7 39 918
9 4 495
8 36 2018
10 28 144
10 6 7466
8 66 4240
10 27 9757
10 46 6641
1 17 7346
5 31 9527
10 4 4688
6 43 1028
10 70 1638
7 4 6587
10 39 5303
1 92 4081
6 76 2861
1 35 7863
6 46 9922
9 8 3467
1 25 9694
9 99 7886
8 81 1474
6 55 8833
10 82 3367
7 16 150
10 24 7309
4 58 241
2 61 2410
5 6 2578
6 21 9699
4 33 6035
8 15 8469
9 56 6120
5 14 7530
9 33 2435
3 30 5864
4 55 7777
5 60 5897
6 33 4803
5 75 9574
6 5 4656
6 14 4540
5 7 4020
8 37 8110
2 88 8459
1 29 1659
9 67 8451
6 68 4631
8 62 8435
9 41 3994
1 11 8128
9 52 9689
10 53 5783
1 18 1797
5 13 9398
6 50 3456
10 12 52
2 37 1638
9 77 7271
8 81 9430
4 70 1455
7 91 7439
7 48 1821
8 41 5926
7 57 6341
6 3 6421
6 2 6712
3 26 9270
2 51 5461
9 43 6937
10 83 2675
4 19 9718
4 39 660
5 10 3416
8 89 4209
10 86 5496
2 37 4906
7 69 9790
5 2 6118
4 55 2747
1 99 4617
7 36 2062
8 25 2508
3 73 5630
2 52 4736
6 78 193
6 80 6732
10 11 4304
5 84 2417
5 59 8942
10 67 2855
2 95 3916
3 12 2134
7 8 5543
4 66 1849
8 27 2860
9 34 6406
4 100 4287
7 39 8865
3 82 1668
6 100 7772
8 12 3755
1 91 1506
10 62 6241
7 71 6859
3 10 3866
4 2 657
7 25 6031
7 100 8951
3 10 490
3 43 4866
5 9 5423
9 94 6068
5 47 5825
9 4 3932
9 49 4416
3 6 4417
6 14 2305
5 89 1061
9 67 2593
7 42 323
10 61 9472
6 11 4561
9 12 4250
10 37 1131
2 81 3906
2 8 2800
6 80 1627
4 17 3555
2 4 69
3 89 2283
8 15 1298
3 99 6533
1 3 6131
2 15 7924
2 53 7733
9 29 7226
2 54 7286
2 16 1299
6 51 5817
4 96 8035
6 85 5430
3 18 6726
8 97 5395
1 38 8040
1 57 1107
6 37 2288
5 32 1239
2 61 4749
8 39 2302
4 46 3877
6 38 4173
1 29 6890
1 64 6279
4 17 347
10 23 7188
4 41 169
9 40 9818
8 73 5288
7 77 1629
8 40 4865
9 98 7316
7 99 8520
6 61 4770
6 83 4203
7 8 5988
3 41 8039
8 32 9177
9 8 9078
4 5 9022
3 8 2080
1 7 5714
2 9 7325
1 16 3889
2 88 1855
3 1 3400
9 58 9234
8 3 469
8 97 7415
4 68 902
6 71 5918
3 80 629
2 66 2598
5 8 4124
9 69 9790
7 71 3287
5 19 6787
9 99 1817
10 86 1106
3 62 8467
9 36 6884
9 76 1197
1 59 9341
2 83 9559
7 75 518
3 91 5202
2 80 9227
7 2 477
4 13 4310
1 2 4139
8 66 2048
8 30 2414
8 49 7700
6 66 1801
8 70 7637
5 36 2361
5 49 2458
8 96 857
7 12 8746
7 55 5583
9 84 9669
9 94 7373
10 32 3911
10 31 9685
9 93 697
10 12 1528
7 81 3433
10 14 8067
5 5 9334
3 19 4047
4 49 4512
7 88 8854
6 8 1776
10 21 9960
2 48 2555
3 96 9403
5 13 8066
10 4 7589
5 52 8654
10 47 4145
6 90 3524
2 3 8681
3 31 9294
3 96 4502
8 90 2142
7 2 9723
8 56 9534
6 7 6324
4 5 4808
3 85 1344
8 89 4059
2 30 4221
3 80 5304
5 66 568
8 80 5991
7 96 6494
6 8 6516
10 14 5395
7 100 6444
10 38 6792
9 95 3639
3 43 421
6 77 6593
9 99 6871
6 67 9003
1 15 8745
2 57 3053
3 28 7261
6 30 7710
6 37 1892
3 73 3060
9 98 6925
6 75 6560
2 48 3500
8 94 5564
4 8 8110
3 82 1404
1 30 3359
2 8 1816
3 99 3212
8 3 4289
9 67 3095
3 52 8609
4 82 6061
4 16 8379
4 86 9849
8 29 9457
6 21 4412
1 74 5056
2 95 5215
9 68 4553
8 88 2589
3 14 2134
6 73 3513
7 87 5768
9 79 4433
10 13 6096
4 78 2
7 58 3558
7 8 3227
6 90 7889
5 13 3500
4 83 9611
3 69 648
3 55 3112
4 83 1504
2 88 1830
2 8 6819
7 21 4095
8 54 1640
1 53 9686
6 54 8113
10 87 2711
3 23 7031
8 60 2083
9 24 5780
3 28 1930
3 60 9542
3 41 1135
7 23 6808
7 35 360
3 39 8505
7 42 610
2 8 7680
9 14 9391
4 9 4819
5 91 5381
7 38 3489
2 68 1568
10 27 4685
4 7 5279
7 4 866
3 73 5558
7 77 8364
2 11 6785
9 85 8299
5 79 9588
7 26 8501
5 22 8716
1 56 4924
1 62 5739
1 77 4910
8 52 7545
9 2 4151
4 5 9047
8 64 6020
4 27 1900
9 43 9678
1 26 6033
5 24 7019
4 52 8600
8 41 7768
9 23 190
8 54 5105
4 12 4177
6 17 5819
2 33 2397
8 6 5603
8 52 7563
9 45 2326
4 40 5999
2 59 7804
6 81 4346
2 44 145
2 31 9660
2 90 6346
10 11 5878
5 27 3248
7 18 7969
4 86 5856
9 22 8969
6 98 6961
2 45 2142
8 83 9656
7 65 7734
1 62 8199
1 22 8564
3 33 1367
8 39 7909
7 20 4232
3 86 3212
10 59 4371
8 17 1370
2 5 225
2 30 7949
4 3 7185
1 26 2439
4 83 8193
8 4 2042
9 74 4335
2 100 1142
5 92 7575
6 75 3220
8 81 6526
8 56 2161
2 4 4400
3 83 5815
10 27 2531
8 36 1909
9 91 1500
2 4 1178
8 69 2922
2 16 6625
3 63 2956
1 39 9074
10 88 301
9 84 8421
5 72 3897
6 92 93
3 11 5150
5 48 7164
7 94 7694
10 7 9920
8 17 9216
1 34 554
2 60 8608
3 91 8210
9 24 3743
8 7 5184
2 90 7535
7 87 5710
5 28 849
8 36 6956
4 7 2448
4 77 2369
5 31 1400
9 27 9315
3 44 5315
7 60 3445
9 5 768
10 30 4872
9 11 4645
5 69 6177
1 76 172
7 2 572
8 24 1601
10 23 7456
8 46 900
5 92 8748
4 89 7792
10 55 5712
10 18 6163
1 10 2032
7 100 2734
7 90 2437
2 97 8834
5 99 1918
3 40 9704
7 4 7236
9 64 1702
9 57 8878
9 8 3045
2 45 3860
1 80 4690
10 77 9633
7 16 3092
5 13 1156
1 41 2238
10 73 1924
5 68 9534
5 88 7786
2 7 1488
4 63 8358
10 42 1720
3 55 3018
2 24 7906
5 17 4916
6 42 1451
4 39 9837
1 2 6670
9 59 2739
10 99 7242
2 28 6572
1 61 9097
1 56 7633
3 11 8634
1 7 7584
6 92 3046
10 95 4576
2 65 1971
3 52 9356
5 84 8580
5 41 8597
5 56 8107
7 87 5065
6 76 5028
7 77 6781
1 72 5143
8 49 4036
1 17 2350
5 57 9250
10 53 641
3 67 9370
2 72 3910
7 33 7734
7 27 3204
9 47 1952
2 57 9178
5 82 9398
6 84 4630
9 75 1805
3 90 3893
7 32 8434
4 56 5623
10 50 9466
10 72 6004
10 91 7035
1 22 8354
10 75 8699
9 74 5906
4 66 2464
6 39 6502
5 32 9585
10 18 7875
3 27 4926
2 90 8952
8 72 6198
7 45 4674
1 87 1556
10 13 200
6 71 7377
2 65 6369
9 43 9356
3 1 4587
8 100 6421
7 47 7775
6 88 7629
5 76 1068
2 56 5328
5 28 1066
10 71 902
9 6 2103
6 18 2407
8 90 3380
5 22 7798
9 58 4130
3 5 3533
9 29 2173
3 93 5431
5 11 523
5 83 1209
7 58 9591
6 80 1695
7 48 8064
10 34 4718
10 89 5109
10 46 2393
7 45 9655
5 29 9450
1 96 8551
8 66 4780
5 51 2255
6 62 9833
8 50 970
8 92 7829
4 69 9928
3 36 3978
5 88 6446
7 16 2263
8 2 6905
4 99 9600
9 40 1567
6 51 5999
4 54 2471
1 39 534
10 72 2864
10 26 4714
8 84 9808
5 97 3095
1 6 5252
9 70 4050
2 85 2769
9 64 8342
2 43 6593
3 72 8367
5 32 9100
1 3 2583
4 32 6659
5 87 5422
2 1 8822
6 86 2136
6 31 517
8 28 1139
10 23 7526
6 66 9901
2 79 7748
6 77 6854
8 28 4120
2 83 5414
8 57 5319
8 81 9135
6 26 3185
6 87 2872
2 8 7782
8 89 7243
4 42 9729
10 94 2881
6 9 3556
5 61 6650
2 48 3826
2 78 3719
8 93 7278
2 79 3932
1 1 1940
7 2 1165
8 82 2576
3 14 4607
10 68 7207
1 92 8480
3 49 764
7 11 3295
3 82 5019
7 55 7219
3 57 2380
5 94 9255
7 81 1642
5 7 2255
8 27 6141
10 20 1834
2 83 3649
8 92 4748
9 68 7374
7 82 2136
8 11 2861
1 6 4718
8 64 4624
3 12 1835
7 61 9989
9 47 4822
4 77 2711
5 6 2938
6 67 4100
6 73 1597
7 86 9599
6 6 4431
5 97 5924
7 88 34
5 56 781
5 13 2869
6 34 3239
6 52 8450
7 66 174
1 17 1617
6 10 5035
7 25 8785
10 29 1747
5 53 397
10 78 949
2 62 7805
6 55 8820
4 47 7277
8 99 8922
2 95 3278
9 38 3484
6 42 1341
7 92 9658
9 83 5838
7 11 7828
2 29 3846
7 4 5872
10 37 7900
8 22 6973
7 16 2526
3 98 6138
7 25 7231
9 41 9999
1 11 6981
1 64 5332
1 29 9793
4 74 3414
4 60 1565
8 43 6566
8 9 8191
4 33 6029
4 45 4376
6 55 96
8 38 8736
2 63 9709
2 20 5884
8 20 1367
10 99 5999
7 86 6798
9 64 7404
4 100 4654
3 17 1824
9 57 1805
3 47 8393
1 72 4422
7 29 2232
8 33 8855
5 32 2952
3 13 5608
2 37 3293
8 35 7658
9 63 4977
2 16 8307
2 36 7440
3 51 8228
1 94 5484
5 54 1645
1 79 7440
10 100 5186
6 35 8944
7 99 3259
7 86 4374
10 34 6896
9 59 9309
6 46 5637
6 8 274
5 89 2598
4 66 9314
4 18 883
8 98 3996
3 29 5013
9 40 2829
2 11 4703
5 99 8387
2 44 3728
8 43 7875
10 29 8650
3 5 3382
9 74 5271
8 41 1761
9 65 6480
2 98 1348
10 13 4792
9 13 4757
5 43 6453
7 36 6510
8 48 291
1 4 3754
2 86 7713
10 66 8058
7 84 9300
6 45 1632
2 6 610
2 26 7097
10 30 7472
6 59 9797
6 86 5356
6 2 9015
8 96 1501
8 52 9380
10 23 2955
10 98 6630
3 60 6075
8 68 5497
2 100 1814
7 90 8004
2 59 3890
1 6 7104
7 95 1736
7 24 8972
1 59 3061
1 76 2329
10 65 4549
2 98 1412
3 81 2320
1 17 8462
3 77 5625
10 78 2530
2 24 8343
9 4 9348
6 82 7685
6 91 2312
4 82 6626
8 29 2204
6 13 2336
7 71 718
4 73 5450
9 13 3027
1 52 2613
6 26 3844
2 8 6978
1 42 1233
4 71 599
10 51 4710
4 56 543
6 95 6444
2 13 6197
1 40 7899
6 77 8255
7 9 948
7 45 5750
2 60 3418
8 29 3345
6 22 9653
3 19 8941
4 52 9040
6 97 2780
4 80 4687
2 26 2202
5 42 1295
9 35 6631
8 18 6284
9 34 7221
7 90 7293
3 48 5656
2 44 442
2 5 7993
9 99 4334
5 14 5272
1 5 2774
3 34 1503
5 55 627
6 94 7732
9 25 9654
3 90 2658
7 97 1737
5 43 6165
10 16 1589
3 94 7576
5 43 8967
1 30 6483
6 46 9330
1 45 9332
1 89 3357
10 50 7157
4 62 9241
10 71 4221
6 34 1867
10 55 1283
3 29 5309
7 55 9431
1 25 1279
1 31 8603
6 75 8386
7 31 1347
3 13 6559
4 41 4443
9 4 5982
3 22 2615
6 23 9767
2 33 6871
7 18 9606
3 84 458
1 38 3357
7 28 8855
3 83 2897
10 29 5123
8 55 5249
5 21 7092
2 80 6183
8 60 111
5 95 8146
7 59 7828
3 91 2854
6 38 4008
9 15 1837
6 32 6011
4 36 2582
2 12 5798
10 29 9251
9 38 2090
4 81 2526
9 6 8633
10 45 179
3 96 7303
7 69 9753
8 51 7998
4 64 3464
6 92 2993
2 33 8930
2 42 579
8 42 145
8 52 1506
6 88 3799
8 16 9865
1 91 2190
4 30 2435
9 44 9729
7 48 872
6 18 6421
2 60 3759
4 56 4996
9 67 4388
6 26 7941
6 92 2985
5 40 2073
8 19 6766
5 98 6539
2 24 5468
10 45 785
1 94 8779
10 16 6271
10 32 7294
9 10 2642
7 19 7846
1 20 4417
10 28 8735
5 3 2407
9 83 284
10 79 3197
4 8 9443
1 52 698
7 45 6819
9 59 9207
8 56 8188
9 70 3386
4 9 5736
6 69 7088
10 78 9263
2 82 4220
6 21 5
2 55 8571
8 57 4857
3 17 9084
6 99 4784
9 82 3629
3 27 8908
1 69 5405
8 8 2779
7 4 5163
8 82 297
2 86 341
9 7 8254
1 48 8204
3 67 7344
7 82 7967
6 95 1445
10 54 5347
3 5 8592
2 60 3013
8 74 6409
7 70 5923
2 67 2138
5 96 9749
3 56 1207
2 27 3096
10 1 1085
9 14 1749
1 99 9557
10 43 9725
6 52 8070
3 21 8273
2 98 7451
10 65 2076
8 18 5930
9 72 7735
2 49 4354
4 47 7443
8 49 1823
2 45 7032
3 99 5320
10 87 7579
1 5 9227
9 26 9127
6 73 9345
10 78 7604
5 54 6293
8 46 7677
7 93 3923
3 83 8344
4 79 3520
7 40 2446
9 30 2602
3 52 5033
4 9 5951
9 10 6752
10 6 8920
5 85 5891
6 68 532
3 18 7550
1 2 3829
1 63 6091
7 6 5293
5 72 9491
1 59 4584
10 57 69
3 4 899
10 62 8491
6 68 1255
1 23 4602
10 30 8323
6 87 3798
6 27 8670
7 52 8185
10 1 8981
9 97 4507
7 16 3108
8 32 4760
10 75 2066
3 4 5089
1 56 7760
1 85 4980
9 34 1759
6 85 6305
3 72 2493
5 28 7315
5 1 9001
3 14 5243
9 33 5196
9 14 7812
1 89 574
1 12 8365
2 90 4513
1 1 1920
3 56 7496
7 39 1835
2 96 6774
5 87 4592
10 91 3446
9 90 7291
10 79 6628
1 62 5803
7 18 6313
7 12 1168
4 41 2056
2 19 1940
7 51 5349
1 37 2176
1 12 4157
1 46 8127
4 38 1453
2 80 1416
7 54 9965
10 64 4833
2 58 9689
10 37 8630
6 13 8319
3 12 9768
2 27 5262
9 51 1821
6 28 2731
10 45 2684
2 59 5813
3 63 9129
9 74 6145
10 85 4811
8 61 7746
3 97 7975
6 66 8904
3 81 3286
2 18 3293
1 8 2662
7 12 2303
7 17 6088
10 64 7540
1 44 7792
7 67 8818
7 47 9428
5 87 1972
2 8 7351
5 22 5519
5 50 790
10 54 7080
4 90 8322
4 98 4175
3 98 8415
3 64 5591
6 27 6801
6 100 5908
6 98 6190
8 51 580
9 82 9084
4 33 1833
7 62 9587
1 98 9578
5 21 5804
4 44 7064
4 81 459
3 96 6582
8 36 2469
5 44 9570
7 68 423
9 90 9541
10 99 6067
8 45 82
5 33 7160
2 11 9696
2 72 3114
10 7 4308
7 42 1816
2 83 4043
3 59 8074
2 93 3014
7 71 320
2 23 7334
3 73 6135
5 96 6827
7 60 7259
4 73 3792
4 72 22
9 41 4081
8 17 8723
9 54 9816
3 50 2859
10 91 401
8 98 8665
9 41 4050
8 2 1400
5 30 6290
5 76 8520
7 35 4072
6 71 9320
7 47 9866
2 22 6448
9 33 371
3 26 1228
8 19 4060
8 15 6512
2 53 6326
9 73 4763
2 84 5544
8 51 533
10 20 3954
7 60 9423
2 25 6421
4 10 3030
1 81 1443
7 28 3083
8 94 1489
5 12 6740
5 78 9407
6 67 5850
10 93 8431
6 35 3423
4 82 9249
1 28 9556
2 70 9168
4 24 7619
4 29 8594
5 87 132
5 11 5292
10 20 6824
8 51 3201
10 24 9009
7 77 198
1 11 1130
7 89 2227
8 76 2698
2 4 6840
5 99 6146
3 51 6921
6 89 5090
8 95 96
1 83 1214
1 23 1957
1 51 9480
2 5 2671
10 62 7376
8 48 312
10 80 8335
5 21 7671
8 7 675
7 54 1443
5 47 1864
4 40 8412
10 80 1426
2 55 617
4 26 5701
7 84 3791
3 42 7577
4 5 7701
10 64 3572
2 55 7689
2 73 5227
2 58 2726
8 27 1247
2 54 1307
5 50 8824
6 17 5911
7 94 286
6 92 6191
7 19 7627
1 61 1369
9 47 3607
1 74 998
6 75 7517
8 13 3301
6 91 1281
3 1 5151
6 59 4837
4 100 5672
9 54 9194
10 54 9100
4 88 4560
5 15 1036
1 98 2459
1 97 8472
5 38 3253
2 94 2502
6 14 7948
1 7 4455
4 3 650
8 79 4405
6 59 9192
10 12 8817
3 60 5326
10 33 229
10 58 7051
10 3 490
8 46 3427
10 100 5010
1 85 2022
1 16 6416
5 12 5602
8 71 895
5 74 8680
10 67 7851
2 6 8061
10 10 7496
2 23 7891
9 9 8134
4 76 9490
3 99 8965
7 88 3611
6 8 8807
5 73 9119
4 14 1388
5 53 9476
1 98 6447
7 49 246
3 56 1114
3 34 6162
1 10 7719
9 21 7602
8 16 9519
5 58 2739
1 81 2814
2 99 1960
6 72 8088
10 6 8075
8 33 7913
3 37 3892
2 45 1192
3 48 2078
4 15 6041
10 80 1914
5 34 6169
7 1 53
3 1 30
5 4 2528
4 58 6364
8 58 3765
8 52 6198
10 39 4535
7 7 2375
1 76 6585
6 91 2169
2 59 942
1 10 6929
2 58 5913
10 91 1863
3 95 768
9 53 8002
1 98 4198
9 20 6705
10 99 1766
1 91 876
8 15 8305
5 74 5616
3 53 5029
3 6 2690
1 88 9621
3 52 6043
10 67 8408
10 63 702
9 53 2459
6 48 3991
3 34 2774
9 4 6955
4 27 5733
10 89 9971
4 84 2160
1 90 582
2 62 1843
4 27 9410
7 1 720
2 58 244
1 29 6595
10 60 6932
10 59 2830
2 75 1381
7 96 6644
7 100 3395
5 99 4885
6 36 1170
6 36 1361
3 58 6685
1 52 7296
1 6 5505
7 39 1244
2 58 5890
3 15 3925
10 100 8911
3 7 5301
8 3 2920
5 32 7395
3 7 785
7 13 3041
9 55 6824
2 92 7462
6 100 8849
6 22 5978
5 84 5617
2 36 1113
9 99 7401
4 27 1174
5 40 2840
4 80 3783
8 3 2296
10 44 5117
2 82 251
4 11 5935
5 61 359
5 41 6556
9 69 5903
1 20 7470
5 51 205
10 20 1794
5 80 5240
8 11 8979
7 53 6668
5 34 4625
3 95 7077
6 81 3496
1 22 1919
9 11 3528
3 78 8422
5 58 6068
1 35 479
6 9 9433
2 20 3791
8 13 9984
6 16 129
7 1 5627
6 53 1461
10 100 6277
6 22 1431
5 79 3390
5 36 6075
2 19 1122
6 72 4157
2 89 9466
9 35 1050
9 99 6808
7 77 1509
10 52 8312
4 62 1675
7 58 1790
2 88 9182
7 14 7092
4 96 1408
10 17 5597
3 60 9129
7 45 7046
7 77 842
6 27 4712
7 85 2849
5 12 3419
7 95 122
9 4 7151
7 78 789
10 65 5778
9 91 8581
1 81 5719
2 42 5776
4 21 2740
2 23 9260
4 87 8670
6 28 8184
3 69 7148
5 12 8945
5 74 8978
4 89 5927
1 87 8678
5 100 1270
9 83 5864
2 53 1269
1 96 3246
8 26 5124
4 46 5704
5 27 8262
3 15 4936
8 22 9220
1 79 6913
6 35 6282
2 7 4150
6 73 561
5 92 4737
7 35 6501
10 19 442
7 65 4225
6 35 8767
1 27 2186
5 13 5405
8 61 7130
1 27 9383
4 55 7160
8 10 7540
4 80 610
5 72 9196
4 36 7398
2 63 1574
2 66 5366
9 33 6884
7 80 9681
10 92 4849
4 11 8127
10 50 120
2 28 4732
3 50 4055
7 100 7158
10 51 1954
6 18 1671
3 22 7051
5 32 5939
5 10 8402
10 28 1583
8 39 9899
10 10 1840
6 89 1880
10 84 3209
2 70 1427
9 28 7076
8 42 3895
5 32 4320
10 98 2277
8 49 3321
6 25 3301
3 81 1980
5 27 9393
4 34 5165
9 44 8459
10 34 6892
1 93 7575
6 14 3611
3 12 2647
4 4 8398
4 87 2036
4 7 980
5 83 8248
4 21 6623
3 77 9312
3 41 835
1 14 3729
5 49 4802
10 5 9788
4 41 3563
10 94 1919
6 55 3828
5 61 3004
3 84 2567
7 17 7209
1 59 6906
6 57 8442
6 5 103
9 83 8764
7 18 847
5 28 3383
10 19 6127
1 57 4852
3 91 6166
4 48 657
4 38 4840
4 8 9254
6 33 8092
9 94 3783
10 4 9904
5 89 9356
6 55 313
3 77 4185
8 39 2746
10 37 3210
10 98 2053
5 42 3960
2 6 8269
5 92 263
4 76 7263
5 47 6261
9 90 6222
8 76 5172
1 62 1594
4 69 2374
1 90 5530
5 3 406
8 69 3033
9 34 3916
10 87 2400
7 76 8687
1 52 8752
9 50 7985
5 52 8435
10 45 4995
4 73 5958
6 1 5074
10 33 7417
6 43 464
3 28 3823
1 46 9360
3 94 7717
1 60 8183
3 74 8134
5 72 2029
9 47 4818
8 94 4813
5 97 9869
5 35 5427
6 20 3441
2 36 7440
3 58 2721
1 95 396
4 41 7467
5 54 3738
5 96 3768
1 10 6962
6 52 4053
1 2 5554
6 73 9310
9 42 5352
1 56 9738
4 43 9390
4 79 1098
10 27 9383
3 97 533
4 97 4503
9 7 5572
2 6 7079
6 64 5127
9 31 3597
3 20 2663
2 89 1694
2 68 1663
10 57 3999
4 9 9538
6 51 703
1 23 9395
1 76 4431
8 58 4524
5 13 1460
6 24 7581
9 52 6951
3 4 660
1 37 6348
3 75 8275
10 91 3696
7 54 3887
8 26 212
5 50 5365
8 14 7665
7 64 9965
7 6 6758
1 52 2405
2 40 2711
9 27 2210
9 50 7417
6 35 4648
5 10 3118
1 19 3673
3 73 9586
1 99 3616
6 17 292
8 23 9742
9 18 6812
4 28 7389
1 25 9333
5 62 2452
7 4 6535
7 90 4460
4 43 1565
2 41 4561
2 19 5212
3 20 2486
9 16 1334
1 3 4328
7 23 1474
4 54 466
5 73 218
7 84 2428
4 51 1472
8 21 3287
4 32 7098
5 66 3670
2 78 7298
8 51 4372
5 49 4603
7 95 6191
5 63 2033
9 14 7415
1 17 9114
7 5 1471
1 40 7833
1 97 1100
8 53 166
6 13 8490
2 42 8372
8 54 331
1 10 6993
4 29 2911
6 43 1010
8 82 9406
2 23 4153
4 13 5169
7 49 3158
8 99 9169
3 45 444
5 58 3935
2 17 5277
3 22 1820
4 55 3816
7 11 7887
5 93 3502
4 24 4344
9 38 8424
1 36 4668
7 68 96
7 22 3558
4 1 7252
3 89 3686
3 66 5991
8 43 9341
4 50 7422
10 66 9875
4 52 6646
8 79 7863
4 43 1819
1 81 8432
8 57 7484
3 85 5216
7 42 4583
5 90 7944
5 66 2666
4 15 9585
9 5 3160
2 64 1719
9 35 8419
4 1 6633
8 5 3101
9 89 7050
3 15 5916
1 36 6172
9 83 5980
8 99 7065
10 95 8960
4 39 673
2 42 7408
2 40 7779
10 36 44
5 40 636
4 46 4926
7 40 3624
1 58 9071
10 83 7504
6 85 178
9 81 5909
10 37 5004
3 28 4558
6 33 1316
3 41 2580
6 45 8756
9 26 5454
3 91 8479
8 39 4656
5 66 193
6 83 3984
10 77 7005
3 99 9443
7 38 9500
5 97 6694
2 92 2648
8 44 3201
6 62 8856
8 41 768
9 29 3384
8 65 3420
7 19 3918
9 78 7270
9 100 6192
5 67 409
4 91 6055
2 18 3970
7 41 203
8 82 4696
1 4 6637
7 54 175
6 74 5355
3 63 3352
9 54 9486
5 25 5508
3 20 9807
9 88 8704
3 6 2134
7 11 7405
1 3 2740
6 40 218
9 46 6036
4 58 5754
3 10 3393
10 34 1240
9 40 3221
1 35 2536
4 21 7082
3 3 1689
5 94 915
10 45 1037
6 29 5846
3 7 7379
6 9 1407
6 69 1596
3 69 1434
10 52 3936
9 56 9647
7 37 1557
5 57 1156
1 97 9038
7 98 2630
6 76 1907
10 47 9820
9 80 5155
3 10 1011
9 53 6728
3 68 8439
9 11 7257
4 77 730
6 22 8372
6 31 2597
6 47 2215
10 74 982
9 19 5076
1 18 858
3 75 2773
10 11 3526
8 51 376
1 70 9919
5 24 4170
8 48 6192
1 74 2032
2 45 4701
9 100 5519
4 51 7813
2 17 7368
7 86 3531
5 4 1842
3 72 9950
3 98 2042
7 83 6093
6 26 331
8 93 863
5 11 6362
3 40 468
4 71 1890
2 73 7776
9 13 6415
10 72 996
3 96 3750
6 100 6731
5 97 8756
2 80 6816
10 27 6070
8 64 487
5 92 1669
3 20 8575
5 28 358
1 54 7022
3 17 2037
1 16 6512
7 99 4461
3 82 2888
7 9 9115
7 98 8462
3 6 7169
6 66 6371
7 75 4775
1 58 4936
7 56 5653
6 83 6593
1 33 2019
2 52 8291
10 81 6839
2 72 4701
4 6 553
6 66 2045
5 24 538
10 38 687
8 33 2641
8 53 7018
10 52 9287
8 6 5281
3 20 6724
4 35 6483
9 80 5984
6 89 3786
10 9 8491
8 23 6237
8 96 137
2 88 2441
10 69 9357
3 69 2729
3 52 9514
3 55 4250
8 82 4967
7 80 7799
2 40 4193
1 66 3810
1 84 3529
2 12 6513
6 67 8631
8 14 8696
3 57 7715
2 48 7630
2 74 5358
10 48 3015
2 97 3688
3 74 3714
4 33 9767
7 80 8183
3 49 6195
10 78 4374
10 52 7053
3 5 6093
6 36 4881
2 24 5041
7 18 7791
4 64 3208
4 85 7144
6 76 2084
5 51 4386
5 69 313
4 43 4125
10 14 8738
2 10 5815
9 64 3308
2 6 1198
8 16 9499
9 4 6089
10 61 6016
8 34 1618
4 61 5610
9 52 2800
1 38 3405
3 18 2130
5 19 1382
8 19 7468
6 34 20
1 37 8608
2 41 9359
8 98 3954
9 91 5974
10 44 9468
4 82 9496
3 21 4159
5 61 955
2 77 9675
4 70 5185
8 6 7818
4 59 9069
7 55 8585
2 50 8522
9 93 1840
8 52 5890
4 91 4074
6 46 2558
7 54 5983
1 9 4680
10 99 6252
5 82 8809
4 63 1387
5 23 7667
1 41 4990
6 100 6514
5 1 2136
6 66 4334
4 35 3163
7 36 7860
1 87 6622
9 41 6953
3 62 7829
3 26 2614
1 70 9703
5 14 1117
1 10 2030
10 26 2244
5 86 4805
9 91 2293
3 71 3500
7 60 730
1 48 8487
8 19 106
8 47 6129
10 53 5183
1 5 6516
6 54 8221
8 57 1677
6 65 9913
8 100 2669
4 8 3229
4 63 8130
8 16 3537
6 80 871
7 54 9208
7 82 8625
7 16 5999
4 89 3439
9 87 8769
10 51 6232
8 10 4791
3 2 8814
6 91 332
9 27 4210
10 91 6349
8 69 2217
7 6 8896
3 69 235
1 93 6488
5 37 6841
3 76 5777
2 82 2249
3 89 3054
1 13 3232
7 57 7946
1 22 7115
10 6 182
3 57 9008
7 61 4132
5 86 4744
3 91 6559
5 4 4101
4 38 662
9 11 2367
3 51 4622
10 3 9216
1 25 7185
7 11 8059
1 37 6548
5 90 995
8 18 5441
6 29 7965
4 33 6971
3 93 1328
7 31 6647
8 25 1
10 71 3000
2 29 5671
3 9 1854
4 43 565
3 18 285
6 26 8572
4 85 3562
1 88 4770
2 67 1885
4 49 1430
2 47 3172
1 86 6503
1 72 3058
9 15 931
1 35 5807
3 100 3598
8 52 2257
7 26 3594
4 92 403
4 30 783
1 42 1976
6 25 1874
4 4 1281
8 76 6374
7 72 2176
5 78 6394
4 67 9514
7 51 6087
4 57 8610
5 82 9963
7 26 963
3 72 707
7 24 5026
3 52 5643
9 23 4080
5 96 8366
1 81 9260
1 55 6252
7 80 6353
3 97 4944
6 70 4589
4 81 4600
3 18 8515
10 75 4847
3 20 1296
2 83 8121
9 79 6891
5 75 4221
8 80 420
1 51 9585
5 94 1907
5 66 8846
4 92 6986
3 6 6726
6 14 2954
8 45 837
10 3 1445
1 56 3278
3 89 5536
5 18 5625
8 79 4921
4 22 2970
2 18 5644
2 36 7525
10 59 1722
10 62 1468
1 85 3364
2 97 9874
2 89 6654
3 91 1351
4 69 5730
4 1 863
4 93 3103
4 97 5425
6 88 2582
7 82 9280
1 52 4623
6 2 9476
1 5 2290
10 48 4534
2 76 4246
8 56 5402
1 7 5819
1 67 2312
10 89 1013
9 41 5971
7 50 8515
8 84 269
9 34 126
6 53 8912
4 55 512
9 3 6731
9 81 2556
7 56 4793
3 42 8213
7 75 6775
1 94 7477
4 86 8786
7 96 342
1 95 4427
6 20 8554
6 47 3552
5 47 5208
6 81 409
6 24 3402
4 87 8872
2 40 7796
1 37 3762
6 47 1772
4 21 4753
4 49 2126
9 83 5270
10 1 4879
9 81 1730
3 54 1593
3 50 307
7 57 8553
3 62 9625
5 62 8303
4 48 57
2 85 3712
3 87 442
2 54 5405
5 35 1572
2 52 3692
7 73 9457
5 67 8272
2 46 6961
4 16 3243
7 84 5174
1 82 3715
10 62 1433
8 34 4845
6 74 4390
1 59 408
8 15 1091
6 69 3535
9 28 9081
6 23 937
8 86 2441
4 11 5514
1 34 8857
4 77 3915
2 90 8891
8 98 6226
10 18 4882
7 16 4907
6 35 7043
7 8 4826
2 72 7555
6 77 3953
5 27 2166
10 38 4764
6 69 6300
6 22 311
8 21 7997
10 77 5280
5 88 1275
1 6 1306
8 66 9495
6 29 9000
9 26 8635
6 85 8042
8 84 2179
1 36 5677
9 2 6259
10 51 7998
5 61 1490
4 84 3021
10 41 3540
10 96 555
4 35 7459
5 65 4446
3 27 2198
2 6 2903
3 23 9753
7 19 5622
5 33 6540
4 64 5004
9 49 790
8 7 3839
10 65 8960
10 72 9634
8 94 5746
7 44 6847
5 15 5331
10 30 1121
6 15 4925
6 34 3680
8 71 8410
7 88 4520
1 37 1518
8 9 7698
8 41 8216
5 72 3533
9 67 8348
9 81 3108
4 58 4521
2 80 1521
3 39 80
9 48 1143
2 9 5705
6 57 4163
7 3 5720
9 1 145
5 45 3240
8 81 9891
5 37 7409
10 92 196
6 51 3129
2 46 867
1 11 5300
5 82 6983
2 29 7576
9 11 4967
2 68 9226
4 90 4352
3 19 2726
8 2 1804
5 40 1797
7 71 9542
2 52 7923
8 16 3856
8 52 1577
8 15 3050
9 12 233
4 6 9242
7 28 1603
8 23 2330
7 22 6337
4 6 7591
6 61 9414
5 13 4701
6 79 2115
2 73 4985
9 53 5573
9 97 393
4 37 7210
6 39 2798
9 7 5333
10 91 6762
2 67 8064
8 94 8216
3 85 3031
4 54 8596
9 10 398
4 79 8280
5 64 2609
8 28 2207
6 60 1624
7 46 1875
2 67 4086
6 58 21
8 46 666
9 98 8016
8 92 3414
6 21 785
3 26 543
1 78 578
10 11 2911
1 33 7004
8 3 4245
7 37 589
2 58 874
3 47 5618
6 72 7143
6 60 7628
5 68 4357
7 89 897
2 60 8092
1 28 3220
5 29 257
7 17 3072
3 40 7761
10 16 5785
6 14 6025
6 92 6488
3 9 7722
2 43 6843
4 29 9664
5 13 960
9 10 3096
2 2 3038
9 92 4540
6 92 7642
5 63 2809
1 47 5102
6 9 6484
3 40 3548
4 76 688
7 11 9710
8 32 3216
5 82 8105
4 90 2050
7 11 857
4 22 1754
1 79 2560
8 44 6729
8 39 2010
6 77 2899
8 92 2010
3 3 8473
6 46 9268
9 53 4029
4 25 6823
5 69 341
6 52 2302
8 86 8472
6 52 8921
2 22 157
9 2 5730
2 100 3732
2 63 6154
2 71 4459
7 38 6608
9 47 3315
7 44 7373
2 38 4577
9 93 6821
9 61 7124
4 34 9697
6 40 9726
5 20 7142
2 56 997
6 19 7153
7 78 5471
1 15 6590
4 42 4485
8 94 8492
2 86 9697
9 46 1035
9 100 4506
4 33 3967
2 1 9958
9 42 7765
1 28 6161
7 75 2151
10 34 480
10 42 2413
6 65 4201
2 100 454
9 77 4024
2 25 1079
3 20 8637
5 40 7013
9 42 8310
1 68 9893
9 46 5349
8 17 5419
6 23 58
4 18 7423
9 62 6027
10 74 7778
7 26 7679
2 41 3349
6 25 7887
10 1 688
3 63 5920
8 83 300
5 86 5580
3 60 1223
4 4 5120
1 44 4072
9 71 4677
3 55 1592
5 58 3863
10 50 6978
5 14 9477
8 60 7886
3 37 9551
6 98 1255
1 40 6629
4 65 2778
4 93 347
2 21 3935
3 76 84
9 46 1258
7 9 6994
1 56 8958
1 51 8169
4 52 5138
2 42 3736
4 45 804
2 12 814
1 80 5069
10 10 5699
1 77 421
2 69 5465
2 65 3296
10 44 6099
6 7 3311
7 77 6972
8 88 7244
6 48 3228
4 19 5102
6 7 4631
3 2 2854
9 78 6309
8 57 2219
1 88 1678
6 64 2618
2 71 8954
5 56 6418
5 59 8871
6 67 4514
7 85 9760
5 11 4029
5 78 1627
6 29 8161
4 91 5504
3 21 38
9 90 3830
1 57 4161
7 20 6281
5 55 1864
6 27 2154
5 35 7544
8 8 7521
4 34 9760
5 65 8677
6 85 1364
9 37 8928
2 66 6536
5 84 984
2 9 9118
10 59 3713
7 81 6995
7 78 7619
7 86 1310
4 25 8604
2 20 1426
9 27 3063
9 97 3727
10 15 6554
8 34 6367
4 20 1786
7 45 1104
5 54 1574
2 60 9310
9 35 8864
8 73 593
10 89 217
3 28 3270
6 57 617
5 63 5786
7 53 7876
4 89 9658
9 89 5680
1 87 1911
7 74 1020
10 92 8802
3 86 8082
5 55 3203
9 83 3079
3 86 8803
8 76 1225
4 47 124
7 79 8428
6 25 263
10 25 6745
7 20 3774
8 75 6783
2 71 5677
7 27 2275
7 9 5175
9 75 7101
9 77 7570
5 21 2625
2 7 3428
10 73 9315
7 21 2395
7 76 3882
9 3 4949
7 60 3592
6 44 9091
4 26 5210
5 62 633
1 27 4512
9 60 3510
3 92 2229
4 61 5153
3 90 3447
5 94 7596
3 57 4146
5 3 5791
2 96 9551
2 93 640
8 64 4754
3 39 5125
6 10 4519
3 43 1665
5 75 8187
9 26 3011
7 51 9031
5 77 6508
6 48 4221
8 28 8099
9 98 3285
8 69 1033
5 83 5156
4 21 8789
1 92 506
10 15 9402
5 25 2658
8 81 576
6 16 537
9 99 6296
9 78 4193
3 9 2737
2 94 8514
2 33 8016
5 73 3145
8 18 571
6 29 4862
6 51 101
7 9 6286
1 59 3918
9 46 2964
8 46 1895
2 13 4743
7 74 6451
3 42 2681
1 31 898
8 13 3504
1 38 9373
2 66 5908
7 84 8692
1 91 3624
5 54 1546
3 51 9085
2 25 8955
6 43 2005
2 42 8619
3 13 2784
4 13 2031
9 59 8571
6 18 5641
7 47 96
4 4 2886
6 84 1376
3 96 8238
6 13 8578
2 27 2373
2 33 429
9 95 2942
5 98 1636
3 76 8015
8 9 9503
8 80 3306
2 61 3719
10 80 1328
8 26 2029
2 58 9224
3 80 4388
9 55 7691
9 38 6514
2 88 3063
5 76 8380
7 47 2627
1 72 7337
5 94 7640
10 29 484
1 79 9306
8 94 5155
1 5 7178
4 93 7519
1 48 4472
10 62 2634
5 63 1901
8 42 9116
5 40 1086
9 5 9060
10 35 3499
5 69 9301
4 50 4852
4 4 2680
9 88 6655
6 13 6420
7 28 9558
10 86 7521
5 64 1466
4 54 314
2 2 2785
8 22 4878
4 48 3728
7 26 8960
10 43 5848
2 64 8327
4 49 8694
4 86 2914
1 69 3447
7 26 2587
1 92 2548
3 56 8056
9 99 4455
2 53 9806
4 55 4844
5 36 7877
5 43 2640
7 81 545
1 44 8447
9 23 6980
1 68 1997
4 32 2369
7 17 6791
5 95 5323
9 55 245
5 87 2004
6 81 8149
5 99 4552
10 67 1624
8 90 69
8 58 3691
2 36 736
6 79 4809
6 79 8506
1 8 612
10 5 7784
7 80 7073
2 73 2525
4 76 7050
3 22 6056
6 17 1845
8 65 4280
10 50 7060
1 33 6808
9 61 573
1 29 6758
9 33 3928
8 3 5403
8 14 7093
5 91 9684
5 61 2509
3 84 4393
6 43 7359
1 54 4067
6 76 5009
10 24 1658
8 16 9478
7 47 2269
4 72 4036
9 31 6521
8 99 1033
9 30 2924
3 45 4484
4 94 678
9 83 4460
9 6 7708
10 34 5961
4 94 6261
7 76 2383
7 72 442
3 7 5632
8 42 3380
7 67 1733
5 5 296
8 93 7344
2 73 9914
8 65 1674
5 61 8597
5 41 3693
1 84 4696
10 49 9919
5 83 5015
8 29 3284
1 82 2434
3 90 1992
9 26 6076
7 90 3605
9 56 8994
7 53 1037
5 4 1104
1 74 4539
5 64 724
3 31 4002
8 37 9430
10 94 2585
7 15 517
2 100 2250
2 31 7613
6 46 3529
4 32 3679
6 66 7592
7 27 9314
8 44 8886
6 44 5332
10 88 1487
10 49 4931
9 89 7849
3 3 9642
9 23 819
6 88 8307
4 76 7239
1 86 1204
4 66 3510
2 17 2414
6 7 956
3 8 4755
10 32 3220
5 76 5837
9 58 7386
3 15 5086
10 88 2812
3 79 9
9 10 5906
9 65 4005
9 81 4836
10 40 5717
2 48 8471
2 38 2364
6 35 4734
1 2 3480
7 71 9326
8 63 8564
6 84 5493
3 12 2073
7 88 1144
10 72 9153
1 85 4589
4 8 4670
5 57 1891
4 92 8185
6 85 1229
4 33 4044
4 3 6898
4 19 8973
3 23 529
9 4 9431
4 37 317
8 78 6680
1 35 8578
2 96 1847
7 52 729
1 65 1089
1 99 4957
6 62 5897
7 51 1173
7 90 1079
7 20 5623
8 43 9815
5 11 2555
3 10 6350
3 58 8349
6 96 1738
6 9 3967
9 70 4573
1 4 3108
2 26 9893
4 18 6943
9 98 5147
2 37 892
6 32 9014
7 84 8552
4 29 43
4 39 833
5 19 9603
4 72 6099
1 16 4662
10 1 6146
10 11 3234
5 57 9957
2 66 2784
2 64 2393
6 73 2231
8 28 7285
7 73 5451
3 92 7695
5 37 2241
1 79 6089
3 3 2421
4 37 5287
3 66 4630
5 24 8089
6 49 9195
2 44 8868
9 37 4168
2 53 7880
4 74 8932
8 95 7122
8 82 3671
3 28 5531
3 75 1367
7 9 76
3 95 1753
4 93 5431
1 11 8515
10 33 7710
9 22 7275
1 51 2199
9 37 841
5 100 9856
6 75 5430
10 17 2776
3 32 664
9 91 4105
6 36 4365
10 59 3455
6 42 1655
10 60 5274
7 4 5435
10 25 7870
9 64 8249
8 81 540
6 85 5901
6 71 10000
2 66 3847
8 18 1266
9 51 2846
4 86 1376
10 99 3000
1 99 4367
8 12 6183
2 70 7585
7 67 4291
10 79 4172
1 8 6172
9 92 7471
10 97 5051
5 68 5281
10 44 6715
9 44 7513
6 39 4687
5 67 8530
10 3 6822
8 55 2890
8 65 5666
7 11 3373
4 49 7791
7 3 2600
1 99 9508
10 74 2278
8 73 4546
1 59 1701
6 53 7639
5 40 609
1 66 5933
4 89 8348
9 35 6265
6 67 7607
2 59 9209
5 79 7781
1 18 986
1 58 8875
7 33 433
10 59 3466
1 62 9704
8 98 3369
10 27 6682
3 19 5931
4 43 7715
1 32 3368
5 79 4698
2 27 3736
6 94 885
4 94 6478
9 75 9918
3 13 3358
1 70 5027
2 89 1429
8 36 7100
6 53 4482
9 32 4524
4 12 7739
6 76 5313
7 97 711
2 40 5546
7 97 3260
3 20 3818
5 41 8023
5 43 6827
8 58 4907
8 5 5950
9 58 1501
3 16 8841
2 96 6232
6 62 9604
9 71 2068
10 63 114
4 59 7688
4 46 5551
1 50 1085
9 89 4741
2 98 6949
5 87 8788
6 70 6558
1 93 5838
4 63 4309
5 12 8263
9 25 8572
5 79 7535
9 70 1104
5 14 4494
4 81 2215
5 78 2530
2 78 2763
9 49 26
3 88 1771
2 16 3673
10 35 6777
3 89 3543
4 41 5186
1 90 7857
4 89 9284
1 60 3234
8 51 2326
10 62 4373
3 30 6747
7 42 9074
6 54 6465
1 91 2069
1 32 651
6 24 2096
6 96 6433
8 24 8476
5 9 2428
8 12 1356
2 30 7037
2 59 7734
8 88 1138
4 61 1685
9 69 8150
3 64 7594
5 47 3947
6 45 9055
5 64 5190
7 80 5606
7 70 1598
4 26 8234
2 30 1026
3 56 3679
8 25 2625
4 33 1394
10 88 8561
9 95 5696
1 15 2645
9 72 2048
10 93 6814
6 64 2038
7 88 9780
5 96 9456
6 79 6089
4 39 8966
1 28 7342
5 39 5014
1 34 2631
10 62 5272
1 86 8493
1 62 6364
6 35 1583
8 99 8429
4 51 1824
9 45 2201
2 25 4399
6 61 6607
8 16 3082
6 8 2492
4 36 2664
6 83 9290
2 99 5500
5 70 2788
6 11 1065
4 35 2081
8 52 9610
5 87 3230
2 69 7001
10 82 4218
5 67 8058
9 76 7883
5 35 6681
5 20 5818
4 88 3069
5 49 8844
7 56 7543
5 31 1184
1 1 9967
6 13 1282
1 32 2490
5 58 7337
5 2 2489
7 10 4681
7 31 1040
5 18 3967
6 43 1585
8 89 1665
8 14 7972
3 34 2476
2 64 8557
3 17 3114
10 30 2966
4 50 8517
7 5 6459
9 69 112
8 83 3477
1 20 948
5 1 3973
4 3 8999
6 39 9136
2 54 1192
8 51 9339
3 33 3147
6 8 8105
6 74 5873
7 72 4110
6 18 2874
6 22 9446
9 48 9399
5 9 179
2 34 1803
2 17 6786
10 30 6516
7 55 8907
2 14 4717
2 33 3168
6 33 1882
6 92 166
7 96 7937
9 85 1342
7 76 6532
5 37 255
5 13 6
10 65 8371
3 20 5578
10 57 7539
2 41 1164
5 76 8742
2 90 8132
3 100 471
1 58 8365
10 2 6350
10 73 4213
10 93 8449
5 27 1019
9 7 5821
7 28 5878
1 31 3887
10 21 6883
9 64 5708
6 7 9112
9 26 6953
3 23 9058
9 47 3255
7 36 3058
3 71 8033
1 16 4163
2 96 9671
2 67 3144
1 12 4498
6 33 5932
7 2 1760
10 81 169
7 11 5880
7 44 87
1 24 134
1 63 5924
9 8 3337
4 28 7694
1 96 6323
1 6 5085
1 72 7954
7 59 1911
6 48 3133
8 87 5483
8 80 4106
5 47 8084
6 48 1356
8 62 1842
3 76 6282
3 30 485
2 97 6381
3 68 7789
2 66 9762
2 95 776
5 69 9815
10 77 3246
4 89 6316
10 65 1216
8 54 6844
10 85 8326
2 32 3505
1 61 3062
2 36 173
7 63 671
6 99 1773
2 94 8944
4 93 408
7 77 2265
2 51 8018
5 96 3196
5 60 9700
7 63 5427
1 25 7070
3 48 3784
9 5 5222
8 4 3773
9 53 5104
3 38 7704
6 26 8849
4 68 6648
1 79 1246
9 8 5337
10 71 9551
6 48 2055
2 73 8275
2 54 111
5 78 4823
1 80 9116
7 38 6817
9 93 3593
3 29 8472
10 53 4710
7 95 5623
9 21 266
3 47 9538
2 33 4381
8 11 4185
1 52 2261
10 97 9369
6 6 3183
7 20 8427
4 87 790
9 71 2887
6 5 1560
2 27 8962
2 84 6471
9 82 9436
5 60 1558
1 97 2853
8 5 5134
8 99 6978
6 53 797
6 99 7168
10 92 4155
5 7 6781
5 2 7023
3 11 5706
3 11 2975
4 67 4494
4 6 6179
6 81 8664
2 2 7687
1 46 2087
2 11 4614
4 53 8469
3 81 6376
9 69 2442
10 66 6502
6 69 3753
9 50 1472
4 78 8732
6 13 4328
4 64 412
4 69 6850
10 86 8290
8 50 2074
10 54 9630
7 65 4069
6 44 2638
6 16 2099
6 96 8988
1 92 3424
4 65 3442
4 67 6685
8 91 1506
3 95 2799
7 5 5094
9 89 1838
7 66 6569
8 17 851
2 88 7777
9 59 6033
8 86 5166
4 28 9215
3 80 5514
8 33 9619
10 9 5017
5 80 4771
7 31 6345
4 34 550
5 6 7282
4 52 757
8 46 8977
5 94 2240
8 38 7495
4 75 6830
5 49 7030
9 24 3210
3 59 2733
3 27 94
2 66 486
3 30 5066
1 59 5367
9 18 4179
6 61 2121
9 55 8367
5 76 9601
9 71 2354
9 92 4483
6 31 4096
1 12 2450
3 34 4963
10 47 1246
10 11 2013
10 77 3903
1 8 7245
2 19 1566
7 16 4127
6 28 7490
10 9 5387
2 27 8203
9 80 2842
1 61 9068
3 87 6181
6 27 6721
8 97 2994
5 52 2537
7 58 5315
10 20 2757
4 99 4061
8 6 5572
9 11 2206
8 80 9331
9 66 6225
4 38 5193
1 29 9492
3 100 201
5 62 1396
9 77 2088
1 56 6099
2 67 4434
10 85 6677
5 94 9184
10 76 8084
4 27 4803
2 63 3932
5 56 3958
7 65 5326
5 98 9830
1 13 6991
10 19 6157
8 99 4088
2 19 3919
8 11 8369
8 36 7324
4 75 1317
5 65 3082
2 90 7737
10 28 8798
1 46 2583
3 40 4830
5 63 1478
8 72 6293
10 72 3339
2 29 2136
7 35 9623
4 50 9021
9 63 8320
5 17 5782
9 54 1487
5 6 7633
7 71 7219
5 94 7564
10 96 9495
1 42 5219
6 37 3507
2 7 5175
8 25 9654
6 98 5625
7 68 9940
8 74 1791
10 19 4066
7 36 6697
2 1 567
2 38 3531
6 73 236
10 45 7022
8 21 9471
3 84 5924
9 52 6217
7 71 2904
9 39 1218
6 1 2229
6 28 5891
2 99 9712
6 35 9369
8 77 8753
7 96 8396
9 43 2985
4 20 7150
10 51 2897
5 43 5945
8 72 1813
8 86 1247
10 13 6574
1 96 4305
5 39 2427
4 59 6397
8 48 5859
9 86 6670
2 100 6374
1 74 4483
2 74 294
2 4 4946
6 34 1689
3 5 3958
10 14 7565
10 28 5797
10 42 9786
5 95 3711
6 24 1644
10 55 2443
2 72 6865
4 92 2303
1 91 7306
7 56 2623
10 65 6799
8 13 4183
7 8 7281
3 46 8060
9 20 1526
6 92 1526
1 89 9781
6 1 3251
6 33 3202
3 54 7666
8 13 5935
5 47 2429
2 93 4489
9 73 8378
9 100 8271
5 74 973
5 2 4757
10 83 8737
9 40 2115
8 98 6010
4 77 6341
3 72 6592
1 5 5515
10 62 7602
6 12 9172
5 45 9470
9 99 7049
10 43 8336
7 35 3977
5 74 3397
2 92 9807
6 32 6193
9 38 8216
7 69 8539
5 79 4067
7 55 7153
5 16 78
1 45 5621
10 77 1653
4 35 4882
1 98 4374
1 56 7669
8 1 8253
9 83 9846
5 29 6802
10 33 2347
9 9 1797
4 52 8812
2 86 7276
7 36 8305
5 55 9327
1 26 8763
5 12 1727
3 28 2170
2 89 74
4 54 1224
2 89 7129
1 71 9266
10 90 3057
6 40 1873
3 41 2821
7 13 4611
4 38 5034
1 59 2358
10 97 7621
3 65 4254
6 41 5004
1 67 5964
6 92 5353
7 42 3789
2 65 1480
1 1 2245
9 90 1332
7 79 8183
7 74 8120
9 10 5267
2 24 6431
4 30 6663
7 51 6243
7 16 4660
2 56 6503
4 100 3667
9 58 2953
4 94 2037
10 11 875
8 17 350
4 59 7136
6 37 3583
7 41 7946
10 88 6034
6 14 2059
4 87 1688
8 10 8339
2 94 3223
1 18 1795
6 41 2996
4 71 2909
2 37 1487
9 22 1585
7 41 6552
2 16 7921
7 58 8885
5 83 3309
10 94 3691
6 69 2242
4 20 8775
7 45 5725
8 72 4811
6 50 3288
2 37 6281
3 46 7247
6 7 9968
4 79 3947
7 14 161
1 47 6388
3 78 5184
9 11 8162
2 18 9236
7 61 6912
2 86 5491
6 85 7494
9 65 3577
3 32 8989
1 63 8553
5 77 4847
3 21 2708
1 76 6736
9 46 7964
2 62 2328
3 58 2981
5 94 7063
8 87 331
7 47 1999
4 61 1450
9 14 2753
10 78 4308
5 40 780
10 34 8617
8 36 9820
4 41 7661
3 9 7085
5 26 2017
7 90 9890
1 45 3821
4 79 7152
9 54 8085
3 90 9815
1 96 399
7 100 6774
4 30 2260
2 69 8240
8 96 4381
8 1 3830
8 36 8915
10 30 9289
7 37 6161
3 45 8460
6 87 6947
1 33 4827
10 21 5739
7 47 7890
2 43 2483
3 88 6465
6 7 2374
6 47 6623
9 82 7650
9 62 5146
4 72 5212
8 56 551
8 48 1271
8 98 3018
6 67 5581
4 96 7644
8 4 3402
3 13 5857
8 44 9614
2 47 3169
4 34 7720
1 11 5470
8 79 3420
9 19 5312
2 42 9465
9 18 4320
10 21 3324
7 96 271
7 90 3981
7 48 3885
10 86 7350
4 79 3684
3 46 7358
6 98 7767
6 50 710
9 32 217
8 59 3011
1 91 58
10 31 133
7 48 1139
9 9 1299
4 25 3306
7 72 5921
6 59 9641
6 96 1760
6 30 5898
6 65 3363
4 48 8195
10 34 7918
1 8 71
8 92 159
9 96 6280
2 94 7085
10 29 7321
5 74 2965
10 5 8808
1 24 3826
2 51 4116
4 86 3422
4 84 7566
4 86 2007
9 72 5871
6 53 5915
2 84 3442
4 100 8100
9 13 5945
8 10 5669
5 99 8795
5 18 4577
8 41 9716
1 88 5798
9 12 4021
4 36 1263
6 48 7082
4 23 4318
9 89 1186
5 54 1822
5 69 9196
6 35 6628
7 23 931
2 8 4366
4 23 8449
6 83 4649
2 46 1482
7 48 8683
4 39 9650
8 24 4859
4 100 9162
7 90 9418
2 85 8577
6 26 2142
6 34 4317
4 63 3014
7 81 9497
2 84 1809
10 9 6420
6 29 8796
10 18 948
9 29 2420
1 21 3009
6 3 142
1 99 9640
5 20 5204
10 32 7211
1 88 890
3 8 573
8 58 3738
6 28 5350
1 15 470
3 35 7018
9 78 7809
3 67 2993
3 99 6017
4 46 8884
8 87 4416
5 45 1528
2 30 2128
7 21 1570
10 9 1092
6 42 3061
9 66 6600
8 42 5772
4 9 9593
10 12 5265
1 48 2859
9 94 5607
7 49 4257
4 56 9597
4 55 6442
2 58 5540
1 42 9764
2 93 8956
10 98 2862
6 83 4305
4 65 591
4 80 3209
2 95 585
1 84 2561
6 4 2618
4 53 4177
2 95 6272
3 72 8895
6 63 6117
3 9 7029
7 98 5308
7 96 1719
10 24 8557
5 46 5086
10 65 7693
10 38 1991
2 77 1173
7 22 4513
10 23 6511
3 78 5404
10 3 6177
8 14 2197
2 14 335
10 63 7246
8 81 2291
7 56 4061
5 38 4251
9 80 8632
8 2 9727
1 85 2809
10 2 3696
1 30 6960
4 29 346
2 78 9572
6 37 8381
9 92 7318
1 26 8487
7 99 6655
4 65 985
10 86 9412
8 57 8393
9 21 4660
10 12 2968
10 50 8534
1 20 155
8 73 4728
3 82 9359
5 32 9742
4 67 7364
4 85 4537
1 23 8808
7 78 9575
6 48 1749
7 88 3649
4 61 43
8 22 3723
6 39 7749
1 38 7279
7 42 1475
3 73 9879
9 94 6757
1 34 1325
1 38 3129
5 46 3301
4 69 2181
7 80 7937
6 14 218
9 50 8769
7 98 1592
7 6 9165
8 72 859
10 2 7445
1 1 9823
9 39 5263
9 96 28
6 65 8988
1 56 2861
3 75 7296
9 59 7189
7 82 1240
4 89 3282
1 31 7560
4 98 9351
6 12 9950
6 80 1665
2 71 3437
1 99 5020
4 44 4191
5 80 5185
8 90 1513
9 4 5193
9 44 1439
2 70 6055
9 9 5822
7 36 8870
10 93 9149
3 69 7391
3 100 2582
5 68 8396
1 16 8767
7 62 6563
7 84 4678
9 14 4959
2 11 7060
5 15 1949
8 88 8477
7 22 2596
7 6 1603
7 82 8649
9 45 9321
1 48 306
10 59 9110
2 73 893
6 95 2235
9 47 5301
5 25 3594
1 71 2747
5 54 1586
9 22 6063
4 62 4859
7 40 3655
3 28 2104
1 95 5433
6 48 9820
6 85 2607
3 47 7517
4 96 3236
7 15 8331
7 5 9191
3 97 5032
8 49 8137
6 94 9144
10 60 9320
10 5 8184
6 46 2474
1 18 2010
6 48 5677
8 61 2118
4 85 2665
3 39 7477
8 79 5200
9 74 4707
4 100 450
3 13 8767
4 99 5011
5 85 5093
10 56 6311
5 96 7945
8 33 1638
2 76 6059
10 82 2866
10 30 6600
9 14 1868
4 82 6578
9 9 9123
8 81 4380
6 32 1886
4 44 3903
2 51 7045
9 77 5333
9 19 6401
1 9 5845
2 55 834
9 50 928
3 30 9442
7 24 455
3 39 6449
10 4 4800
8 97 8286
10 52 704
7 37 7181
9 47 9357
9 19 3285
6 99 9004
2 24 9349
9 32 5951
7 12 8476
4 18 2340
8 10 3167
4 17 8083
10 90 4156
7 67 90
3 60 3206
6 76 8342
7 69 3542
1 48 7014
3 45 3202
9 3 8714
6 11 3799
1 35 1658
1 31 7934
9 51 4499
9 19 2882
6 60 8219
10 50 16
7 6 5303
5 16 220
9 91 7118
5 64 3427
4 85 9824
2 4 4298
2 4 2686
10 57 7438
4 33 2182
5 10 2857
4 63 6423
4 3 7379
3 77 7465
6 92 541
6 13 2392
5 77 8897
2 35 6180
2 88 465
7 48 7529
8 94 9461
7 1 8147
4 96 5381
3 84 3116
1 21 5772
5 43 6717
1 6 6724
4 64 6180
9 32 9181
9 40 3688
5 32 3044
6 78 4384
9 27 5512
10 22 3688
4 24 8175
2 71 550
2 59 8345
5 18 4943
8 30 8779
9 71 3194
9 23 6831
7 87 6805
7 44 8439
5 47 7205
4 56 4002
3 94 8623
10 8 698
8 1 4978
8 8 4568
5 27 7912
2 94 6429
1 58 8310
6 75 3938
6 43 6659
2 100 3676
5 62 553
6 32 5476
2 2 2222
8 5 8484
7 12 6725
7 17 433
7 37 409
10 51 2647
7 79 8410
6 43 4410
3 63 6793
3 20 9110
8 54 4692
5 37 7877
1 89 2554
10 6 3053
3 16 5739
8 98 6575
4 65 3210
1 100 921
10 55 3933
7 64 4237
2 28 5034
2 14 612
9 11 8935
6 93 2202
2 48 3338
9 5 4142
8 77 4303
3 38 3452
7 17 8957
4 22 2687
9 51 9229
7 11 7094
9 45 3827
2 96 1693
4 32 7808
2 33 9318
6 57 9851
4 88 9657
2 40 3260
4 25 3616
8 26 3252
6 23 3830
9 54 3725
3 97 7186
5 28 2209
10 39 3882
8 34 4817
5 41 7085
2 6 6795
9 70 9543
6 91 903
9 18 3123
5 47 6821
4 84 2701
1 40 2161
2 49 2283
5 31 745
4 70 6051
7 94 581
2 51 8348
6 52 2021
7 13 6168
10 77 9773
1 39 9896
10 27 8140
5 40 2555
2 40 4641
6 13 4330
1 12 3779
10 48 1160
7 2 5596
6 44 6248
8 61 3984
5 39 7681
3 5 2440
7 21 4068
6 12 8522
3 90 3685
7 97 1144
10 27 2830
7 70 3313
9 11 9075
5 33 473
3 52 2141
3 25 8110
3 36 2604
2 29 5353
5 74 5094
5 45 8473
1 93 3911
10 15 8356
5 38 6087
1 74 8415
2 83 1847
9 80 3689
3 67 4934
1 78 2852
3 34 7171
6 72 1021
3 25 6463
8 71 5975
10 76 9948
4 56 9452
1 78 813
8 46 663
1 99 6587
4 33 926
8 48 661
7 10 2021
6 74 1262
10 7 9196
1 74 3742
1 52 2579
10 21 5577
5 88 2916
4 70 7220
4 18 6758
7 34 9399
4 82 5991
1 87 5889
3 5 6436
8 3 9890
8 27 4842
8 42 4793
3 48 395
6 5 5023
6 38 2665
9 7 5493
1 63 8180
1 64 319
7 1 6397
2 9 5938
6 23 725
9 53 7683
9 25 5530
6 39 9378
9 100 4802
7 75 5170
9 4 4246
1 85 2900
7 53 9466
3 15 2316
6 72 952
5 88 314
2 58 9069
1 14 1063
8 57 3244
1 43 8259
4 42 2270
1 91 6
8 66 3506
6 48 2966
7 9 4024
10 36 7081
5 9 8004
5 23 9052
7 22 1447
10 66 225
7 97 7322
1 67 5303
6 47 5578
2 27 1525
7 21 2762
6 76 6773
8 16 7819
5 65 9598
4 95 2572
4 42 7128
5 3 5066
8 63 3110
10 11 21
1 90 858
5 92 8991
7 99 2940
8 43 3819
4 25 2375
7 8 4152
9 6 3856
6 30 186
10 51 4742
2 68 166
10 98 5954
7 36 3961
10 55 4362
1 74 1693
7 73 307
2 25 1574
2 95 9052
3 12 2952
1 54 4645
5 76 9915
4 35 3621
3 62 5380
3 31 9042
5 54 4405
10 66 3966
5 77 4781
9 45 8517
9 89 1419
4 40 805
2 64 2654
1 29 8511
2 89 5245
1 63 1146
2 97 1450
7 72 6787
9 75 6379
7 63 3780
8 75 8004
2 95 1860
7 85 3431
5 49 9745
9 51 7124
6 18 145
1 56 6039
9 59 4431
4 98 9011
5 57 8567
7 18 7104
2 64 1773
7 63 1126
2 73 8748
7 34 2371
2 57 8947
5 55 3563
6 63 7830
1 66 8763
4 62 6536
2 34 7143
1 43 8191
6 93 6524
10 70 6115
1 35 246
5 89 1705
7 30 4320
2 85 4664
7 49 6269
8 81 5405
7 67 1545
6 54 2230
7 95 7529
5 5 6544
7 36 4358
5 44 6469
6 93 3927
7 86 5945
6 46 6565
8 63 9200
5 18 8797
7 40 6885
8 31 1885
9 20 6313
7 84 7483
5 100 6231
3 66 5745
1 78 9648
3 63 1395
8 49 2406
6 61 1206
10 62 4830
4 65 7700
7 4 6133
8 7 4413
7 67 9497
9 78 59
1 5 8537
7 14 5672
10 29 77
3 59 5605
9 41 5711
6 96 4634
10 65 2963
4 27 267
10 67 1928
1 24 3272
2 15 6225
10 3 7955
5 7 3044
10 11 6007
8 18 5082
2 7 2695
8 92 9548
10 78 6502
8 64 6262
3 61 9439
5 23 2228
6 90 1443
1 74 3174
10 44 5356
7 30 1809
7 13 6434
3 37 9522
3 3 3349
4 40 7248
10 26 5513
8 13 8198
9 9 6176
1 69 149
8 85 6714
8 55 5034
1 87 9211
10 49 951
10 1 8324
2 43 7636
8 15 3869
9 61 221
6 76 643
1 26 3845
4 51 5853
6 9 8466
6 60 1428
10 41 3077
4 87 6089
2 28 7484
2 76 3743
8 23 6638
6 90 1085
4 3 734
7 38 2931
4 35 8761
6 28 3489
6 18 5826
1 34 1187
3 55 8808
2 44 4541
6 58 2127
10 97 7331
3 24 4081
2 49 9573
5 9 9406
1 5 7050
7 40 3305
1 68 8115
6 26 4510
4 79 8415
5 72 8181
8 44 9609
10 63 751
4 18 7977
3 61 3637
6 82 3735
1 4 34
7 77 6351
2 6 1543
5 10 3339
3 27 9081
6 88 1688
1 96 6421
10 59 1192
5 33 2409
3 1 8847
5 10 2329
6 52 1904
3 100 3865
8 95 2492
9 18 8215
4 63 2673
9 48 968
8 64 982
8 27 2353
10 13 9576
2 48 1591
10 98 508
1 87 3566
10 47 2848
1 4 6694
2 98 298
1 62 8561
6 60 3681
1 35 9551
1 98 5979
8 67 3687
2 54 2553
4 94 7555
6 34 5152
2 25 9793
4 94 5232
10 22 3578
6 11 326
9 40 4136
7 86 392
3 29 953
8 19 5880
2 44 9705
9 69 9024
1 38 2584
7 47 7924
3 86 7415
3 14 993
6 51 8232
9 5 4544
6 35 3410
5 58 4815
6 49 8429
6 63 2922
9 28 7618
9 86 4227
6 98 7340
7 22 7237
9 22 9179
5 7 1925
8 36 8789
10 50 3775
5 27 6440
10 1 8882
1 7 4311
5 30 1920
7 2 2646
8 64 6484
3 35 4034
8 10 4589
10 75 2071
2 35 4168
9 28 7069
6 36 8486
2 98 2248
7 14 5021
5 75 9179
2 11 6007
10 21 2963
5 37 2294
7 3 6390
3 21 1649
2 32 5463
1 63 6307
3 31 5413
1 15 6986
4 69 8359
8 21 8180
5 48 5975
3 63 7045
8 7 1763
10 78 1070
8 23 183
9 41 5079
2 34 1554
8 35 6121
10 91 7791
8 12 7755
1 5 9145
1 45 609
7 68 7843
2 64 8679
3 53 6372
8 86 9031
4 68 8090
9 60 3500
5 25 5031
7 62 1722
2 55 3817
4 25 4284
5 62 8486
1 86 2654
6 23 9543
10 59 6994
2 79 4128
5 55 9373
8 84 3646
8 48 1991
4 95 4562
9 29 6854
9 15 6350
7 74 9599
8 39 1836
1 82 5574
8 72 4284
3 68 8252
4 64 3979
10 78 6305
10 89 4196
1 86 2472
4 37 9723
3 55 5031
5 53 8866
5 40 4488
1 61 254
3 65 4666
9 56 6995
8 67 7379
2 47 1427
7 39 2763
3 27 8478
2 80 9031
6 53 4162
7 98 3676
2 38 5077
4 99 9863
2 56 993
5 56 6046
7 81 9631
3 7 7662
2 79 8299
2 98 643
4 71 625
2 86 5659
1 12 1808
6 100 6278
9 81 2717
10 44 7536
3 21 7982
1 87 4497
5 95 2573
1 13 6277
6 42 972
2 28 7999
9 66 8557
3 58 4732
5 76 1096
8 14 2153
8 29 5660
4 97 5466
3 51 2498
9 10 8157
6 51 1791
6 11 998
9 53 705
1 64 1766
6 23 1441
10 28 3991
1 49 3098
6 21 6899
6 63 4101
5 94 7684
10 89 7297
7 50 7911
10 44 1437
4 16 1211
10 9 2364
3 31 6939
10 95 3715
7 69 6538
7 81 8209
10 25 3924
6 75 6991
5 23 3111
8 75 6551
6 47 2710
10 21 6180
5 3 6777
5 12 2399
9 89 1440
7 24 1430
5 12 1593
4 94 95
7 82 6626
1 75 4169
8 67 1919
5 87 2440
1 70 3628
7 64 9184
7 50 1771
10 61 2688
4 91 9414
3 23 5379
6 73 7853
3 81 5129
6 8 6725
9 23 2862
3 72 1305
4 51 9048
2 13 3628
6 74 267
5 14 6617
6 58 3979
2 53 6268
9 13 9227
3 25 8423
1 50 4255
3 40 3601
1 69 9905
5 16 5119
7 5 1248
6 19 7542
3 42 5260
8 92 5317
1 34 4116
4 57 3599
5 3 583
7 42 9017
6 44 1740
10 13 2577
6 3 6425
3 40 9525
4 6 6632
3 13 7441
8 15 2044
10 6 5195
5 51 2740
2 61 2899
10 16 4808
10 37 3297
7 45 9444
8 7 9282
1 35 9797
4 90 7449
7 86 8
6 19 5461
3 5 1663
3 26 8882
5 44 9141
6 90 3784
9 55 3032
7 32 981
3 52 8021
2 72 4381
3 49 7916
5 1 5527
3 47 3780
3 85 222
4 53 2728
1 40 2050
4 47 3518
1 71 1295
4 34 9340
5 33 5963
8 74 3144
9 20 3051
6 24 1613
1 5 7114
1 17 2432
7 13 6483
5 41 9528
1 67 4073
8 34 5288
5 3 5176
4 19 7298
3 43 913
3 6 5321
3 35 7298
8 82 6653
2 24 946
8 76 8953
3 12 6828
4 93 286
9 97 4593
4 29 3161
5 76 2845
7 73 5198
9 40 8774
4 95 719
9 81 7286
5 3 5684
7 46 8817
7 64 688
3 57 8993
8 27 4709
7 49 1453
2 25 5671
9 72 6724
10 73 31
9 3 7248
7 79 3041
5 70 2533
6 62 8236
7 49 694
7 17 6388
1 80 428
8 49 5198
4 47 1607
1 80 6059
7 17 6728
7 79 9624
4 60 8710
2 6 8984
2 24 9269
4 53 7837
9 16 8016
10 23 1017
8 99 7937
9 34 9539
3 61 5177
1 2 8517
1 70 5722
9 78 8976
4 78 9442
5 26 6808
8 64 7524
7 52 9269
3 70 3926
7 9 9810
6 40 1858
1 62 7198
9 54 9280
4 1 491
10 69 7718
7 47 8466
6 17 4928
5 35 2144
7 22 6811
1 3 1445
6 46 8167
3 96 8298
4 18 8098
2 4 4613
1 63 1127
1 83 9185
8 7 9856
9 99 1204
2 54 1160
5 36 9035
8 17 2701
5 87 6562
2 59 2261
6 91 9189
6 15 4292
7 88 1555
2 91 6235
4 67 6299
1 20 2651
3 95 8001
6 86 8345
9 15 4254
4 94 3916
9 96 8884
1 90 9697
5 77 3589
7 52 1757
10 48 8265
1 33 3119
5 88 3484
1 3 6973
10 48 390
2 1 9772
1 44 8730
5 13 6246
10 11 2415
1 21 925
1 63 5819
6 75 9554
1 24 591
3 78 910
9 35 2210
4 27 7148
8 21 7656
10 8 921
4 45 7366
10 73 7003
5 21 5283
1 8 1158
2 3 2099
6 69 170
4 2 9948
5 8 7270
2 71 9947
2 83 9740
9 48 9766
10 80 8735
8 33 4457
9 26 8765
2 11 8103
10 27 1189
8 26 8874
7 91 8136
1 73 899
1 44 9150
4 59 879
7 27 162
1 7 4852
2 90 4753
1 41 8144
6 69 6133
8 5 3240
7 43 3168
9 81 4797
4 88 8879
9 98 676
5 8 2921
5 6 7222
1 80 3102
8 84 4350
6 88 8072
6 32 720
5 18 6866
3 44 3560
6 54 8738
9 45 9857
9 84 1289
7 65 9201
9 20 6172
10 82 4123
9 54 5376
6 88 9548
4 81 6019
5 23 4708
3 13 4166
1 37 3311
8 7 4729
6 41 9019
9 95 1791
3 51 4153
7 7 1417
2 92 7785
8 87 8971
9 90 2832
4 35 6073
10 55 92
3 70 7715
10 48 9910
1 77 7323
10 81 5697
6 1 7071
7 78 4355
6 61 3391
9 72 6519
2 55 5724
3 61 2105
8 41 6403
10 15 6330
1 12 1904
7 98 457
10 29 9670
5 53 5485
3 67 2899
5 11 6715
3 75 9871
8 36 6649
2 72 61
8 35 8197
9 31 8720
1 42 5149
1 90 784
9 71 8846
5 95 5038
6 24 5704
7 21 4704
5 87 357
4 27 4192
1 85 1143
4 2 5923
1 59 9960
5 22 8005
2 85 9938
4 97 866
2 29 9730
1 51 1979
4 89 7870
10 14 9271
2 38 573
8 24 8979
7 43 2854
1 23 1599
5 26 9241
10 2 9323
3 60 3477
7 39 2315
9 99 6018
8 58 6072
8 42 7622
1 96 2230
1 78 1248
7 67 1461
8 9 5665
6 43 4516
3 69 5814
10 5 2397
4 58 5653
4 24 6046
2 17 4692
4 14 4291
7 73 6706
3 94 5769
4 12 7968
1 78 8410
4 54 1086
2 25 2835
2 7 4033
6 32 4543
5 35 9330
8 36 7968
5 16 2564
4 3 8760
7 38 5038
6 71 7877
10 85 1001
9 75 682
10 33 9808
6 47 3071
3 45 5556
4 42 2120
7 83 1480
1 17 7399
7 1 7322
7 72 1022
10 7 2293
6 23 8787
6 23 2322
6 93 3951
9 91 405
5 70 6849
10 61 7657
4 100 5913
9 64 2118
4 8 8124
8 30 8775
3 53 3073
6 48 1245
9 16 2960
8 70 9950
4 71 6713
4 88 2316
5 93 9274
1 100 3659
7 51 7462
9 64 8628
10 43 6289
6 72 8857
7 71 7585
1 92 2264
6 97 3999
2 91 2562
8 77 5808
5 86 3358
1 34 6654
3 3 5374
10 86 2677
8 55 684
10 1 1873
4 34 8798
7 13 4705
3 18 3129
9 68 9013
2 61 4328
10 88 4144
2 35 3438
8 87 7605
2 47 411
9 64 3172
6 91 8710
4 51 875
7 1 4301
10 23 3736
7 10 5467
8 77 9540
7 24 988
7 58 5249
1 36 1539
6 66 4007
2 94 5072
8 88 2837
10 51 2325
3 33 8506
1 59 1225
7 1 9047
2 74 1972
2 60 6298
4 9 5038
10 55 3488
6 43 4788
9 19 9189
10 39 3106
1 16 8228
1 68 7479
7 27 2927
4 54 4942
10 67 7047
10 63 4779
4 99 2722
3 53 8505
1 69 1003
6 63 3545
9 17 590
7 8 870
7 9 4478
9 90 939
1 36 1429
1 98 1171
6 62 9207
4 34 2786
6 83 3958
10 24 8980
10 49 1634
7 2 5551
7 58 2049
6 48 3880
3 29 1549
4 8 9457
9 46 5515
3 25 8405
9 27 3152
9 16 30
5 9 3792
10 22 1203
8 60 5997
6 29 4397
5 70 7786
10 78 3687
7 13 3720
9 12 9243
6 10 647
6 6 3889
10 30 8954
5 72 6734
2 59 5236
8 67 7460
10 91 3232
3 23 6854
6 58 9997
8 37 5704
5 29 1419
1 58 2858
10 8 2230
6 47 1203
4 63 8940
2 11 5159
3 31 4430
7 57 7275
8 7 9465
5 29 3324
8 13 8954
5 17 6772
4 2 4854
2 66 555
1 43 7082
10 18 8701
1 31 4316
1 28 2183
3 43 7037
1 55 5636
5 56 2959
6 33 412
7 100 5823
10 33 2058
8 24 5906
4 3 6610
8 74 7590
9 77 8777
7 27 2641
2 9 645
9 75 2920
9 14 8816
9 31 9700
6 18 2088
5 29 6682
7 65 6476
5 6 6638
1 58 3540
7 32 1028
7 17 8073
1 37 4908
4 47 2012
3 88 1513
10 72 8060
3 29 5794
2 87 137
5 25 7549
6 97 9814
4 86 9262
9 67 5765
5 30 7788
6 62 7920
5 75 129
4 56 6958
6 89 8944
7 78 5520
1 85 7679
7 89 8900
5 94 4001
10 74 9290
3 29 9025
7 4 6585
7 81 5875
9 16 290
8 61 3411
1 49 593
9 82 144
5 67 4795
3 55 2149
9 9 4762
4 67 9887
1 69 29
5 22 4536
8 99 6518
6 44 4549
10 10 6717
5 40 5334
8 8 8228
5 50 5001
7 6 7024
6 12 1230
5 67 7059
7 75 4880
5 49 2908
6 97 9792
4 5 6189
6 67 2887
6 36 8062
1 41 5819
3 24 3872
10 55 9021
6 32 1504
5 56 4436
9 95 545
8 31 4846
9 8 8489
8 78 5531
6 37 5926
7 34 7875
2 52 3604
3 17 3477
6 54 4218
2 7 7476
9 83 5666
5 79 9241
2 62 8506
5 53 7398
9 51 5267
9 92 5198
9 43 2798
6 77 9324
5 89 581
7 34 441
1 67 539
8 79 7512
2 79 9062
4 84 9738
5 59 642
1 73 858
9 90 6375
9 100 8815
1 17 4543
8 45 7251
2 2 5033
5 39 7428
1 27 332
10 48 1420
5 25 6930
3 56 3151
2 6 2989
7 5 7215
2 65 7873
3 38 8585
7 99 6064
6 11 2623
9 81 2004
2 60 6855
4 98 7396
2 35 7985
9 11 5049
5 56 9023
7 60 7971
1 32 1699
5 30 7538
9 13 6787
3 59 2921
3 88 3943
6 36 6854
9 13 911
9 70 69
5 93 1799
10 93 3449
2 5 1350
4 61 5320
1 45 4587
4 28 4951
5 70 3494
3 35 122
10 76 1274
1 45 6026
7 59 7587
8 68 7522
1 55 6633
4 75 9632
8 40 6433
4 28 9490
2 100 7142
9 29 6954
4 36 6340
10 54 4068
9 68 9178
5 46 7043
7 95 363
9 96 3130
8 56 5094
1 7 8389
4 92 5306
6 1 598
6 54 1826
2 78 1295
9 99 5327
7 82 8371
5 99 8217
8 55 6214
2 9 9580
4 55 4212
9 21 6935
7 20 9521
2 48 7489
9 67 5464
10 7 9184
8 5 6937
3 10 8446
10 37 6369
5 46 9405
9 36 9250
6 32 2227
3 93 1069
9 85 4141
5 39 4708
1 24 2857
9 22 1759
5 63 6289
1 66 668
9 84 9512
2 49 630
2 32 6890
1 57 9583
4 62 8625
1 15 2085
3 98 6436
9 43 9475
7 62 7978
3 9 3754
10 65 4782
7 58 6749
3 25 5669
10 39 1352
9 19 4909
3 68 8909
6 15 3717
1 69 2201
6 52 3017
2 33 2312
7 93 2794
8 36 4939
7 73 4591
6 83 3177
10 44 1455
1 41 9022
4 14 7539
7 82 3830
7 75 7305
2 2 2515
10 54 6234
1 68 4310
7 17 9862
4 56 8336
4 38 8894
3 93 7595
9 50 2374
3 50 612
4 41 9176
4 39 5530
9 12 1801
3 55 5287
4 59 1214
6 99 8718
6 17 2773
1 40 5239
10 25 2437
7 100 1864
10 59 5103
8 82 2089
10 56 3885
9 48 5002
8 100 7955
9 48 1091
1 40 9265
3 89 3595
10 1 9475
1 42 3615
10 84 1917
2 76 1566
3 29 1757
6 30 6373
2 53 7019
1 37 3013
8 56 148
9 98 230
1 98 273
10 22 9755
5 75 2906
2 39 3024
6 10 6031
6 32 993
4 82 2217
6 25 6468
3 47 3545
9 50 4743
6 7 6335
6 55 8629
3 100 5705
3 67 3583
6 98 5064
9 97 521
2 5 4650
1 65 2665
4 58 7885
4 40 5200
9 96 577
3 15 7651
2 17 9865
10 95 9776
3 73 9444
3 64 4992
5 55 9677
3 1 6024
5 30 2296
8 98 1593
10 62 9958
2 40 4739
10 11 8720
4 27 2174
9 10 3159
8 72 2959
3 81 4500
2 76 1403
2 6 1802
7 33 8059
3 24 3827
10 65 786
5 56 1936
2 74 7525
10 97 8718
9 46 9932
5 37 3083
7 100 3432
5 79 1564
4 82 4973
3 41 3921
9 71 9266
6 68 7229
2 79 1094
7 10 7358
7 16 4805
1 71 1669
4 83 7850
10 96 4682
5 5 5044
7 84 3207
5 88 8972
8 7 9492
4 99 4545
9 93 2267
1 86 4565
2 8 9774
1 1 3531
8 9 6423
6 87 5973
2 41 1803
10 30 4590
7 60 4956
4 79 6269
3 50 1777
8 34 5390
10 49 7133
6 91 8029
10 2 7890
6 10 9462
5 31 316
2 39 5266
6 30 4306
10 17 9884
5 20 9964
10 46 7744
1 80 1313
8 99 3112
6 33 1460
5 75 9681
9 23 7966
7 98 8911
9 31 7085
3 81 2864
6 63 6499
5 73 2237
1 73 4307
10 11 6255
8 39 8997
5 52 6436
2 72 7695
7 44 5319
1 78 6938
7 97 6245
9 34 1496
7 84 7634
8 37 2409
4 22 406
7 73 6571
3 53 827
10 39 974
3 75 9269
1 19 6386
1 85 3773
2 6 4390
5 97 3983
7 80 3610
10 58 9672
10 73 8727
7 58 6485
4 70 5939
1 23 6413
6 33 6749
2 79 1767
2 70 6085
7 73 220
10 68 9942
9 42 7922
5 41 2465
6 5 2434
7 67 695
8 41 1099
2 20 4864
5 54 6078
1 25 7496
2 19 5000
10 44 6650
10 40 6440
3 2 7159
4 80 1982
9 76 9518
5 22 2599
5 15 4275
4 71 4927
3 64 7895
8 92 1136
3 28 1623
7 1 2590
7 31 7111
8 7 4451
6 41 2510
6 34 2060
3 87 4477
3 63 6989
1 99 2339
9 66 6416
1 52 5902
3 11 3021
10 80 7093
3 6 6366
1 36 9353
4 62 632
1 58 1721
9 20 7972
10 14 1622
7 5 1417
4 46 8480
8 27 988
8 51 784
5 98 576
3 90 7885
7 47 6675
7 55 9466
6 93 4404
7 19 1082
10 1 4552
4 69 7460
3 39 3857
9 5 7180
8 96 944
8 1 8397
2 42 4391
7 64 8221
4 60 9242
9 6 7589
7 16 4602
2 94 2341
8 22 7666
4 92 9114
6 59 7079
5 63 7393
4 33 5101
3 100 8858
10 56 365
7 62 9324
1 69 1544
10 100 343
8 33 4609
9 49 4140
10 13 5117
8 100 1159
6 63 3229
1 71 7313
6 49 6292
8 66 6484
7 53 3900
9 87 6747
10 95 4245
9 42 2362
6 76 5658
4 74 3999
3 16 830
7 47 3770
2 36 9013
10 81 5970
6 74 6144
1 17 8051
9 41 1110
9 98 6753
6 13 3722
9 94 8497
4 78 3410
6 39 6996
2 48 9762
2 28 4462
7 82 6876
10 86 4003
2 71 4143
2 86 6265
7 18 996
4 89 57
10 4 5422
3 70 3048
10 19 7268
3 73 2390
4 22 4037
7 35 9096
8 79 5281
7 2 1908
10 18 2004
5 50 8405
3 76 6144
6 55 2470
3 52 2757
9 70 8915
9 35 8249
9 47 234
4 17 7391
7 14 3953
5 13 4967
9 3 3536
3 88 7017
8 89 3324
1 35 9769
8 92 1695
8 35 9844
2 97 6770
7 77 3120
3 36 3207
7 2 858
6 60 3399
2 25 3003
2 46 4989
2 43 6978
4 75 5782
4 69 5034
4 27 7600
6 31 2839
1 6 960
7 62 9752
8 22 8381
8 80 4364
1 6 3
5 43 2423
2 79 8368
4 7 812
9 2 743
1 72 1745
9 27 9782
10 41 530
3 1 7766
6 64 1041
2 13 2289
3 57 8918
7 55 7017
4 85 663
4 97 4541
10 4 7038
8 28 8910
10 5 4894
8 59 8471
5 16 9349
9 92 4306
5 98 7265
6 8 4729
6 87 830
10 72 3144
9 48 5969
2 72 7532
2 77 8210
5 10 371
2 62 6547
8 15 8967
5 52 9717
6 99 3053
2 26 6745
6 4 5079
9 50 6808
9 68 1600
8 43 5387
1 14 102
8 45 1936
9 26 4430
3 66 6939
4 96 31
6 34 4541
3 40 462
3 6 7516
3 26 3027
9 28 5387
3 15 8688
8 55 7981
9 91 6482
6 77 9968
9 91 3739
3 74 4300
6 47 3746
4 95 1392
4 88 6013
10 15 8821
1 97 1786
5 94 8228
4 51 3918
9 56 14
6 65 2846
4 82 4528
2 11 402
6 81 3852
8 63 6594
10 38 8184
1 62 2004
10 28 3722
9 56 4171
1 15 7338
6 41 991
7 72 8482
6 64 5238
7 9 3317
5 10 9138
4 1 6864
9 16 7674
10 63 3555
6 95 63
5 20 6356
5 62 4926
2 10 6843
9 84 5226
1 7 7733
4 90 6587
9 98 345
3 20 3488
2 85 6975
3 21 6921
1 85 3848
7 81 2403
2 55 2125
3 56 554
9 98 6156
3 54 3374
9 32 61
1 2 4605
1 87 5335
6 90 4490
6 66 324
7 6 6427
4 64 5082
4 32 9151
4 42 8375
10 14 5039
7 80 4933
2 44 6988
6 43 393
4 69 1036
9 83 2877
7 65 3204
7 8 8787
10 10 3385
5 62 9307
5 77 4515
5 10 7053
7 43 7136
1 87 3678
8 27 5650
2 81 7214
7 49 2604
2 69 2928
3 35 4288
6 42 8618
9 48 2272
3 18 1047
7 19 5969
3 19 8618
3 84 2807
4 19 7989
3 15 8963
5 27 18
2 29 2199
9 86 3451
1 46 5766
8 19 9084
2 44 3527
3 53 4114
6 69 2839
10 3 3934
3 72 4290
8 63 811
1 38 121
7 49 581
10 40 4659
6 15 3333
7 93 7770
8 33 2790
8 59 4433
10 75 3929
8 19 5010
8 21 3438
3 80 5050
7 51 9589
6 50 6427
3 91 7715
9 10 2774
9 75 5299
2 78 25
6 39 6113
10 32 5147
9 25 2558
7 16 4470
8 19 8896
9 96 1771
1 37 199
3 85 9757
4 51 4913
4 15 2636
2 55 2993
9 67 4414
9 17 8533
2 47 5432
9 65 9122
1 1 1807
5 90 3219
8 25 8047
8 9 7631
10 40 4121
8 90 8798
4 26 1666
2 25 3471
5 67 2833
6 17 3830
1 9 9739
9 99 2243
6 31 617
10 70 2101
1 83 1215
3 33 9947
4 25 6096
4 40 3239
8 78 8646
2 49 8756
7 4 9481
8 11 4657
5 54 6036
4 2 1861
5 78 8185
7 94 9175
5 6 6280
9 63 5328
8 63 5151
2 93 9025
7 1 4702
6 11 2659
1 28 688
3 65 9569
4 15 67
5 43 7577
2 37 7898
7 73 477
7 86 1469
2 100 9479
7 1 9702
9 4 2336
3 91 7935
8 3 3906
5 22 1401
4 41 4671
2 58 4739
8 42 2525
2 25 86
7 92 5566
1 51 2519
5 43 4549
7 75 1002
10 32 8770
10 72 790
6 3 5897
9 66 6339
5 18 3682
10 4 1417
9 79 2208
5 20 9444
10 83 9348
9 72 3790
6 66 5904
9 77 2368
3 61 7464
7 71 3114
8 17 6182
5 4 9004
3 88 2884
1 89 3581
10 11 4174
5 62 8662
2 31 5292
7 77 3779
6 83 335
9 44 4903
1 1 345
3 100 5666
8 29 7092
9 82 5364
1 84 717
5 10 6577
7 64 9399
3 98 1146
5 66 743
1 91 9994
10 7 9243
6 84 9938
3 82 5126
3 73 6485
7 15 8517
10 97 4805
1 56 6185
1 12 7127
7 70 192
6 49 9249
6 21 5503
8 77 3227
10 37 1386
3 96 1960
2 20 9122
9 71 181
3 37 3095
9 7 6545
2 13 7546
5 25 6980
10 45 2255
5 27 8551
9 43 6404
5 25 4589
6 8 192
5 12 7936
9 2 598
3 39 3203
9 4 4734
6 78 4094
4 15 9802
7 19 6346
9 4 608
9 39 6961
6 58 2334
3 89 9603
1 25 2123
9 64 9125
1 65 4284
5 69 7598
5 53 2807
9 70 8737
2 51 5699
6 77 81
3 25 4210
5 77 3267
6 10 3820
9 77 7538
8 96 696
6 56 5435
10 11 5952
7 1 7946
9 45 8160
4 39 3454
4 26 6025
4 9 1446
6 6 3991
3 68 4697
7 37 6687
5 96 5612
7 49 7314
1 33 5567
7 25 2838
7 61 1010
9 23 8118
6 83 853
5 85 6952
6 42 9050
9 36 8233
10 57 1820
7 12 5223
6 41 473
2 10 1841
7 96 1894
4 19 1836
3 50 4857
4 16 7161
10 86 6106
10 82 4514
2 24 3849
4 13 1190
7 63 638
10 89 9908
5 91 4260
9 93 2535
8 54 9333
4 96 2507
1 41 2109
9 96 111
1 57 8108
10 27 5542
3 84 6499
7 98 3035
4 8 4004
9 99 3846
6 4 9953
10 4 9455
3 1 6670
5 8 8453
9 50 9771
6 76 3075
8 60 9762
7 65 8637
6 10 2497
5 60 1990
2 33 7134
10 53 9807
6 26 5240
8 75 8539
6 75 6634
10 78 7101
6 81 5167
8 86 1545
8 43 3161
2 87 6558
5 83 5962
3 43 399
8 70 5510
8 98 171
10 66 4864
4 11 3469
4 58 8462
7 49 2632
7 98 7306
2 41 7038
4 61 3948
9 50 7934
7 67 9532
6 85 7397
9 71 5088
1 63 4899
2 47 4037
9 60 7226
1 60 9785
2 81 1171
8 94 4781
5 23 306
4 12 6429
5 82 6860
7 98 6831
6 12 2601
3 22 3509
8 24 4814
6 32 7708
8 89 6256
5 10 5576
9 78 3968
7 25 6941
8 98 7624
1 49 5282
9 78 1914
7 20 8743
8 86 1685
6 4 6584
3 4 8038
10 51 6028
5 81 8913
10 5 1625
5 96 9258
5 56 4640
9 96 4530
2 92 3726
1 21 1669
3 29 1517
1 54 8376
1 52 4161
8 90 3669
3 22 2737
10 78 3200
2 72 9041
8 10 974
8 93 6412
6 96 6961
2 69 8976
5 16 6040
5 59 2208
8 17 2055
1 79 2284
1 36 9485
5 46 7190
2 58 8226
3 85 1324
6 86 2552
7 11 5884
1 98 9595
3 8 3539
3 52 6672
3 56 3231
2 95 9990
6 38 9313
8 51 6255
10 45 8019
1 87 1726
3 92 7099
1 12 6149
2 71 7577
4 92 4328
5 43 6875
9 85 6240
10 66 2492
8 28 3144
1 40 7586
10 61 1262
8 92 9748
4 100 8176
3 89 7486
1 66 5520
5 36 5614
10 80 8631
10 53 1481
7 73 3740
6 21 4773
10 53 729
4 34 7793
5 9 2807
8 51 1353
1 91 6053
7 45 8650
8 52 3967
7 89 3941
8 44 9449
10 6 1767
7 11 167
5 1 2616
10 1 3003
10 42 2933
9 47 1148
6 77 5597
10 26 866
10 30 9056
5 98 960
8 78 1919
4 15 7536
2 68 1345
7 83 5326
4 13 8079
1 57 6633
6 14 6834
4 82 813
7 31 3919
5 33 5802
6 83 979
8 76 1891
2 54 8625
10 78 9767
3 48 1212
10 28 8896
5 19 3808
10 56 1667
4 24 5052
2 35 7542
3 100 9948
7 5 3482
7 100 4818
8 90 2054
5 24 6962
1 99 6597
4 4 6147
10 96 484
3 32 2507
8 23 4664
9 90 6635
5 76 5742
5 32 29
2 70 4545
8 75 8614
5 32 3899
4 59 5720
1 30 4396
1 13 1670
8 84 4082
5 58 8397
9 31 7829
7 68 2579
4 79 6006
4 51 3176
5 12 3223
1 77 9361
6 100 4316
3 66 444
2 89 2887
7 32 4863
6 12 8434
10 16 60
7 17 5678
1 75 6877
9 66 935
2 67 2907
8 55 5797
5 23 936
7 66 4129
4 84 4481
2 35 5063
9 75 1706
6 6 8110
1 71 2577
5 54 9747
2 3 6963
3 81 6745
8 15 1020
8 39 3419
2 57 6953
6 93 4650
2 3 8688
3 48 9709
9 79 1259
6 87 4841
2 14 1643
2 10 8528
9 17 7029
9 78 823
2 77 9072
7 42 9927
1 17 8525
5 94 5679
9 39 3658
2 57 6953
2 38 3421
8 24 2309
9 38 8748
7 74 9754
10 43 6860
5 35 8724
1 89 1290
7 8 1179
8 91 7458
1 20 8740
8 63 7374
9 17 1018
10 61 2726
7 52 258
2 82 1411
6 100 4930
6 12 944
1 18 1322
3 64 7320
7 39 9667
10 59 2319
6 11 9062
8 26 535
3 82 1593
8 94 913
8 75 7931
10 37 5049
6 60 5267
6 68 8695
10 80 4717
2 20 1876
7 10 9655
1 77 7173
8 73 3133
10 50 2474
1 40 1504
2 68 6031
1 48 7181
8 63 2071
1 92 1414
2 22 8827
6 44 5985
2 7 3091
4 33 8694
6 10 2937
6 81 4959
6 11 3271
6 78 6346
3 53 8201
10 86 2915
10 15 9720
3 57 9398
9 92 6062
10 100 9618
5 5 7384
5 89 6108
3 75 9593
5 65 2531
7 59 3206
9 18 6561
7 69 1652
5 21 6887
7 10 8143
8 65 4357
8 99 8649
8 58 2268
4 67 4235
1 9 6054
8 49 3916
2 53 84
1 56 1694
6 79 5597
1 88 778
4 40 1842
10 23 4700
2 12 9335
5 34 2508
10 28 3904
1 99 1481
10 89 3898
4 47 6385
9 14 2697
4 28 4555
7 55 8265
8 22 5090
5 81 7454
10 49 2966
7 45 3048
2 97 6441
6 39 3440
7 50 7802
1 68 2216
10 68 8333
7 41 7626
4 53 1530
10 21 2254
1 82 4719
4 4 9824
2 80 6671
5 13 3921
4 55 8591
10 35 493
3 17 8730
10 46 8642
4 86 799
1 1 7240
8 46 1899
5 3 3848
5 7 6304
10 83 36
2 37 2413
2 69 8700
8 94 2477
5 13 2604
1 74 4330
3 16 8561
3 22 3394
2 71 4547
10 71 6304
6 60 5228
3 16 9745
3 44 2125
6 64 5573
8 6 4040
2 24 7224
4 32 5602
6 57 1617
4 48 4861
7 86 558
9 21 1229
6 9 9031
4 65 983
7 39 6173
10 16 3878
6 46 7942
1 18 9436
1 93 7447
10 39 3536
5 87 5520
6 96 9411
1 50 8117
1 96 399
4 8 3035
1 17 5635
2 40 7002
4 92 3775
10 23 9811
8 50 7800
1 85 9293
1 10 6902
4 67 398
2 72 6521
3 81 1524
4 3 5554
1 20 1099
9 10 6187
1 36 489
6 54 6451
4 94 3625
3 39 2411
5 8 2612
1 88 8429
5 24 6876
1 86 6510
8 59 5408
3 63 3578
10 37 2358
2 34 2118
5 25 4673
1 42 1507
6 55 8102
5 80 5144
3 61 3492
6 78 5171
3 13 4005
9 48 2054
9 87 2669
7 42 2041
6 76 5889
8 76 84
1 75 5381
10 3 4007
2 34 1115
4 62 7699
4 93 7621
6 61 8930
4 93 8350
5 57 402
6 81 2181
3 28 819
1 98 411
6 51 933
3 80 6406
4 70 2704
2 38 9392
9 8 8386
10 31 1025
1 23 9632
9 91 1120
3 16 6491
3 41 1082
10 74 2571
10 56 1781
1 82 2474
5 39 8225
3 78 5590
8 12 6898
3 95 4804
4 15 4650
2 9 3833
10 94 4843
9 35 8937
2 41 1936
3 22 1826
10 31 1290
5 3 2641
2 5 9115
5 42 7462
7 88 7540
1 10 1278
6 77 512
9 4 1635
7 27 9619
7 66 7345
8 23 7228
10 61 1897
9 58 6379
2 60 783
3 23 1066
7 71 8279
8 51 7336
2 97 2964
5 77 4226
6 70 842
6 12 304
5 93 6491
8 42 9391
9 13 4793
7 29 8903
5 99 2920
7 20 9694
3 66 3212
9 59 3453
7 86 5597
1 98 4883
8 4 9318
8 37 2258
3 53 1585
7 49 2112
10 18 2324
2 2 8167
1 68 4724
2 44 7009
5 72 9222
8 99 1909
1 32 1970
4 37 9438
10 12 51
1 78 7689
10 14 1657
4 67 7916
6 81 663
6 81 9634
4 17 3548
6 71 3152
6 75 6273
10 64 6564
3 73 6326
1 41 6143
1 39 8986
10 35 9550
4 38 6429
6 73 8435
8 46 9589
7 17 1080
1 67 7965
7 56 4660
9 22 6164
3 42 6286
1 7 1105
9 5 8608
3 7 8200
9 75 8483
8 82 8082
1 73 8111
4 100 1152
9 14 7046
10 16 7976
6 69 9455
5 23 5550
8 95 9008
2 2 5487
4 63 2127
4 6 8545
9 43 1368
9 90 6208
10 46 9917
6 8 3680
5 55 5635
7 44 9567
4 46 6102
7 88 6682
4 34 7022
1 74 9310
1 48 9494
8 88 3874
9 37 914
4 73 6913
7 94 524
1 57 7889
9 95 3168
9 74 3742
7 50 7876
3 73 6614
8 100 9045
1 46 6792
7 45 8891
6 79 9610
10 26 3218
3 20 4536
10 67 5942
10 44 5952
6 58 750
3 23 5213
9 48 8794
4 6 931
2 51 7043
9 93 4938
7 39 263
5 65 4488
4 39 4464
4 12 5397
5 81 4324
4 33 9220
4 85 6056
7 38 9734
4 24 3281
1 52 1471
1 40 9162
10 71 4450
1 18 9102
9 78 1033
1 56 5948
3 56 9065
10 32 613
2 81 7535
7 89 4000
4 28 8082
9 17 5484
8 85 4255
8 44 1806
7 68 3318
6 59 5926
9 98 2345
2 75 1629
7 45 7794
10 48 6087
6 88 636
5 75 2076
2 75 7544
2 93 7600
9 42 2207
4 90 8131
10 24 3126
5 84 2151
2 72 5604
2 26 4594
4 43 1618
1 45 9819
1 57 5695
2 9 8024
9 55 2589
8 87 8994
10 11 2412
4 42 9794
2 90 2066
1 27 2522
3 27 4880
10 79 2779
9 15 1164
10 42 6039
6 33 6143
10 42 850
8 81 7349
10 75 2980
9 96 2765
2 97 3048
7 46 7139
1 24 5414
4 60 6354
8 63 4753
10 12 3405
7 10 1522
7 95 359
4 68 3887
7 97 3361
2 5 6849
6 84 1366
9 53 707
8 82 4127
3 45 1544
6 64 1450
6 43 5633
6 93 6213
2 21 3481
6 24 9193
3 52 788
7 46 5985
6 96 678
10 89 4967
4 21 1295
6 60 3101
3 81 4677
7 47 8597
10 2 6093
10 76 6803
10 6 1305
10 83 7013
4 83 8954
2 100 4722
9 12 286
7 94 7947
6 31 3188
5 45 932
4 5 9817
2 73 8651
2 34 6497
4 95 1035
9 84 3710
4 8 2539
6 99 9480
7 35 3601
5 92 9140
7 67 9429
6 100 8628
1 18 3932
2 67 2046
7 90 9655
6 19 5000
1 81 6472
10 75 2006
1 43 7224
1 65 2286
3 88 1897
10 43 9160
8 52 2559
3 7 824
6 9 6667
7 85 7949
4 26 8649
3 100 8808
8 93 9801
3 53 3728
6 50 3248
2 7 2803
8 42 6124
7 52 3227
7 37 5574
8 93 9150
4 76 7368
5 38 6321
6 50 1750
2 78 5673
10 47 1914
4 56 2712
5 91 1152
6 78 9930
4 92 9062
3 6 1172
1 75 5245
10 93 9291
6 93 3473
3 46 6248
4 26 7888
7 38 3150
1 33 2534
8 7 2237
3 8 8444
6 52 1308
4 29 1234
3 11 5464
3 27 9812
4 85 7800
9 47 1843
5 15 5195
6 42 7202
6 46 2605
3 73 5740
3 41 1706
4 47 4551
7 25 454
8 62 8641
4 48 6484
3 85 2718
7 76 856
4 24 4093
2 100 254
4 36 8416
2 99 6358
7 15 9918
1 17 6978
6 96 4714
4 51 1899
7 99 9959
5 6 6348
5 56 4305
7 5 5520
5 54 7784
2 70 5890
4 65 7726
2 44 9713
7 93 3475
1 39 3718
10 70 2306
5 11 913
5 79 9329
3 34 7487
7 94 5763
1 60 2605
8 79 2250
10 16 7718
4 45 9196
1 42 8889
4 21 9990
9 96 2458
8 59 5765
6 7 2852
2 39 8162
1 66 7642
3 60 6581
2 29 5190
3 63 7653
6 84 5553
9 51 6487
10 65 2455
6 57 4216
6 11 8665
3 74 1448
8 88 4749
2 30 473
5 75 1575
7 36 5810
3 84 3246
6 62 8731
4 5 1285
3 47 1436
6 70 6108
9 75 7731
7 90 7905
9 5 3799
5 59 1096
9 79 9607
1 37 6594
2 53 4337
9 57 3939
1 69 1948
10 53 8173
2 49 7841
10 92 6819
3 14 8670
2 10 8704
10 27 6772
9 94 9346
8 99 2755
6 55 2688
7 43 7862
8 82 9511
6 6 9576
3 9 4593
3 8 3287
2 76 3108
7 62 2177
7 69 6446
4 54 2471
6 13 3233
2 100 8124
1 73 2945
5 82 8142
1 73 3692
4 91 549
2 74 2691
8 92 98
3 66 4921
10 56 1912
5 43 4081
10 43 2045
6 61 6476
10 74 461
4 32 2968
8 100 4954
9 34 9850
8 24 9224
1 7 5079
10 62 4151
3 3 6285
3 11 7009
1 47 7883
9 42 3311
8 55 1142
10 33 3155
3 63 7361
7 5 9683
1 45 748
3 58 3329
7 88 7905
1 57 3634
3 25 5176
9 63 1607
3 52 5517
8 79 8178
9 37 2573
2 81 9613
4 91 1675
9 86 7951
2 73 5954
2 38 2170
6 64 1604
8 86 2749
8 35 9867
9 93 9181
10 87 3575
5 81 7801
9 57 1007
3 85 7105
1 81 4138
1 55 6221
6 51 3821
2 32 8241
1 48 2840
2 64 4162
6 70 2288
8 9 534
9 21 7867
8 22 9863
2 51 8426
3 4 4757
2 17 640
4 96 6033
9 65 6523
2 26 3525
10 78 1850
2 83 1256
6 34 8249
6 21 9136
8 58 6314
1 29 4480
3 62 3963
3 20 7097
2 22 3656
2 50 7918
5 35 6354
8 91 7751
1 26 3340
10 35 3852
3 21 1780
5 44 4493
1 66 6723
2 43 1060
6 44 8718
3 24 877
1 13 3486
3 66 5720
3 53 4783
7 77 4342
8 26 8066
4 65 6718
2 92 5834
1 94 7703
6 96 9228
8 12 2511
9 91 939
3 34 4596
7 92 7463
9 58 4878
8 61 4175
10 8 3298
10 24 4722
8 94 6288
6 21 8539
6 30 3489
6 7 9962
3 16 9981
8 64 8579
8 8 1854
7 13 9807
7 30 832
2 33 7653
8 24 7761
1 64 9158
9 69 6492
8 20 8337
8 4 5570
3 71 4675
2 28 1038
4 100 3923
7 70 4255
1 96 1348
3 13 7156
7 6 2975
9 34 6644
7 73 536
3 39 4677
8 40 3897
4 49 9264
10 8 1250
9 23 5559
3 54 8679
7 54 101
9 92 3982
9 96 5677
10 20 5846
10 79 8586
10 5 3910
4 26 9511
6 38 4989
9 85 9755
1 42 7417
5 37 2862
4 24 6343
7 32 5029
3 36 4095
7 18 2455
6 75 7381
2 36 2665
7 1 5153
5 79 2167
9 27 5829
9 15 8056
7 68 1969
4 21 6816
9 65 7007
3 63 8718
10 56 880
8 97 2524
8 35 2289
10 23 8132
1 7 9206
1 85 1767
6 20 5308
1 22 5198
8 77 9047
3 69 8419
9 94 3145
1 71 3394
8 75 280
5 93 5112
3 45 2271
3 53 4548
4 70 592
7 30 6414
2 40 8551
4 32 621
6 78 2550
3 39 2819
3 39 7618
6 47 1781
1 27 686
4 4 4374
6 84 3754
1 69 3823
9 94 5485
3 88 7740
7 33 2048
10 95 6171
5 2 902
1 14 818
3 65 1566
9 82 4305
8 82 5548
2 76 1187
7 30 8426
5 27 1275
7 83 6555
10 18 3086
1 72 5205
7 96 4029
2 52 8378
4 82 9040
7 32 7710
8 40 5551
7 91 4625
5 55 3640
1 60 5091
5 18 6003
9 85 4384
1 24 4037
6 63 4333
5 4 8277
3 16 5456
9 39 2201
3 63 4751
4 51 7955
10 41 3876
5 52 1748
8 4 2857
2 4 863
4 91 4955
5 62 1025
9 43 9402
3 84 9502
9 82 401
7 47 5107
7 100 2878
2 71 4608
10 12 7242
2 4 6117
7 80 5245
1 27 2646
10 27 1454
8 54 3881
3 44 9304
9 1 7238
9 44 4313
7 81 9730
4 22 488
7 82 1212
4 100 9698
2 74 7983
9 73 1886
7 16 9435
2 14 2108
10 73 3093
8 59 2817
1 80 4624
5 23 3804
9 80 1827
4 61 1441
10 46 9597
3 56 7579
5 91 6446
2 1 9288
3 74 6779
4 85 9708
7 65 3798
6 35 4428
3 75 8708
1 69 2511
1 62 3883
3 37 8348
5 21 3373
2 32 1695
9 92 2587
7 4 9296
10 48 2116
2 17 2537
7 39 6544
4 91 6481
9 22 8114
9 88 6853
8 45 1833
3 31 9851
6 99 7898
4 91 7653
3 76 596
8 91 8315
7 67 4051
3 97 1481
8 97 7011
5 66 5838
10 16 8118
6 57 4875
6 90 2671
6 87 1908
6 86 7339
10 73 2511
10 55 4628
3 30 7743
5 85 5631
4 16 1648
7 71 651
4 42 326
10 20 7384
8 59 6143
5 10 471
1 59 5233
2 21 1416
4 84 2230
10 87 9868
3 3 9911
5 74 4763
10 96 1347
5 55 958
10 50 8652
9 24 5338
7 7 9744
3 78 8137
7 46 7980
1 50 5901
6 15 7048
9 7 4519
6 12 9631
7 55 6442
7 86 4022
6 50 4298
2 90 4761
8 40 6497
4 78 499
1 59 704
2 42 6776
4 95 1126
5 78 2766
3 22 9366
4 41 7037
2 43 9894
7 76 1251
3 90 7543
10 69 4301
10 75 7418
10 97 3978
8 26 9368
7 90 545
1 36 4376
9 77 7347
7 65 147
2 9 4440
9 4 9540
4 50 606
8 17 9600
8 39 2528
2 100 1453
2 45 2630
2 81 1010
10 35 67
2 98 2573
7 84 2020
9 20 3873
6 33 4742
1 82 1627
1 27 7588
3 43 4231
10 83 7430
10 89 6373
5 15 1479
8 79 7731
8 51 6721
7 8 9658
5 24 115
6 82 7223
2 49 8207
2 99 6749
2 53 7359
5 85 8124
6 33 1197
4 9 4531
5 36 3006
4 26 147
3 66 3440
2 16 2289
8 37 9823
10 82 9445
5 79 2991
5 9 5152
7 89 2406
1 31 6698
6 77 5956
3 24 9779
10 40 3936
5 81 2409
1 50 3950
4 53 5182
1 12 6442
4 82 9938
2 40 5194
5 99 2481
4 85 859
3 38 3023
1 92 8827
4 26 17
4 40 2698
7 49 2796
2 89 4746
5 72 4918
10 26 7709
8 6 6726
10 1 2395
1 15 4508
9 16 2308
10 56 8618
10 61 6337
5 41 6278
7 16 6961
3 26 1406
8 91 9735
3 41 3936
6 85 8628
9 1 2109
3 71 3464
10 30 8845
9 93 4500
1 4 7016
3 67 236
1 30 5092
3 27 7742
7 69 8526
5 40 3181
3 60 897
8 22 6508
1 29 3164
3 72 893
1 35 2988
3 74 5132
6 95 5207
10 98 2939
3 96 6073
6 9 4265
5 28 4674
7 85 9981
1 61 712
9 23 2881
3 88 9711
8 78 6288
10 63 9981
3 40 4801
7 94 7895
9 54 9969
6 93 8078
4 86 4339
8 88 1711
1 71 2020
5 70 9059
6 78 2201
7 62 7381
5 91 8446
2 43 1230
7 7 859
7 96 2180
2 97 7491
7 65 3380
5 90 3103
4 84 9386
2 29 4682
3 26 8663
3 91 3859
9 75 1428
7 4 9249
4 2 1708
7 81 291
9 95 1240
9 59 169
9 42 2650
8 67 4720
2 19 7928
7 19 889
6 73 8420
3 70 606
4 92 2666
9 37 7353
10 41 3886
2 35 539
4 66 1571
1 80 3733
10 72 5556
2 36 1119
6 68 3664
7 100 6376
10 99 1546
10 75 9742
1 46 6600
10 26 4927
4 98 234
1 87 8838
1 24 6724
2 50 3288
3 48 1336
2 31 5011
6 60 3824
9 53 1519
6 19 1423
2 65 6596
4 55 9128
6 25 8252
3 32 4636
8 57 7802
2 44 9983
7 20 4311
2 7 6664
6 22 425
3 69 4688
10 18 9419
4 46 1189
6 70 6005
6 78 2286
10 32 6036
7 55 6779
10 27 6883
2 66 8713
7 65 6992
1 53 4622
1 96 2563
3 22 3908
9 99 8358
4 74 8247
6 46 9201
5 99 3921
9 4 2300
9 19 9783
4 53 9339
1 25 7582
2 21 632
2 53 8624
8 49 6415
2 94 5219
5 78 5505
2 72 8117
1 35 4291
5 52 6182
9 26 9219
9 32 65
10 20 171
4 33 5567
8 7 5948
10 96 6338
6 5 894
8 93 3705
4 21 4961
10 92 8592
5 15 4953
3 64 5961
7 68 3854
10 24 3869
5 87 6125
2 75 2108
3 92 838
9 39 9317
1 61 543
4 7 9705
6 67 3887
3 61 916
3 67 9940
2 99 4724
10 50 1470
4 28 2429
6 28 3076
1 12 7515
7 99 7967
8 73 5628
10 64 5713
5 38 8938
6 96 3529
10 75 7784
10 18 6620
5 9 464
9 75 3759
5 55 3651
7 81 6147
10 65 1963
1 95 8171
10 54 822
10 75 5572
8 92 2938
4 57 4892
2 60 6362
7 72 5825
7 39 7493
7 60 3045
10 89 318
10 28 3995
3 11 7129
1 78 9755
3 99 8321
6 17 5074
1 90 1183
4 94 7351
5 14 7495
5 20 6814
5 43 309
9 61 3013
5 19 898
4 22 9395
7 94 9021
7 86 3913
4 51 3794
10 49 6303
10 3 1751
1 79 5962
1 83 4433
3 74 2354
3 55 6309
6 31 1744
7 68 5245
4 75 8954
3 32 109
2 20 3245
7 73 3919
4 30 604
4 31 6771
5 95 5465
4 69 9140
4 16 605
5 79 7653
3 25 4021
2 44 7012
1 3 3069
7 26 9427
1 6 7138
5 33 9941
8 91 2740
4 9 2458
6 61 8339
5 53 1692
2 25 1676
2 89 1831
3 27 6592
4 27 5711
1 29 2633
7 2 9645
2 100 803
7 13 3636
8 54 2384
8 16 6059
2 5 5594
1 96 3039
5 44 265
1 50 3430
6 56 1433
3 56 1342
6 77 9948
9 6 1718
9 36 9634
4 92 8957
3 55 553
6 34 7082
2 40 9606
3 65 3333
10 8 5233
8 86 950
9 88 9234
5 80 4997
7 4 6391
2 47 3593
6 71 6137
4 67 2455
1 73 1100
1 39 2081
9 5 7770
6 38 1055
10 32 4584
4 23 6677
10 74 5745
8 36 588
4 57 8190
7 31 3696
8 8 9736
5 70 1302
9 28 1973
3 29 3456
2 63 5652
9 28 3641
2 21 2216
8 16 5105
1 46 1453
4 33 2101
4 16 9635
1 39 3813
1 78 7616
6 25 1168
3 34 7453
6 51 3941
3 42 4551
8 37 6815
5 96 6196
2 60 7024
5 91 8924
1 53 3140
4 75 9186
1 46 1938
10 31 8108
2 77 1954
10 46 2768
10 78 5371
6 21 759
5 55 7052
3 87 4643
9 8 5328
8 18 2696
10 68 5398
9 2 2355
8 37 8535
3 21 8328
8 44 7190
4 74 5672
1 10 8907
4 97 5178
4 96 8380
5 56 2915
5 88 8972
5 81 7002
2 25 5649
7 90 983
2 27 2937
8 89 2272
10 6 1373
8 88 8635
1 94 9982
6 59 6122
3 40 497
4 26 7377
5 25 6992
9 26 8358
1 5 7637
6 98 8169
7 41 1273
2 7 2492
4 73 4265
7 48 8327
9 98 3335
2 15 2438
8 97 7286
6 93 9138
4 70 9652
4 71 9886
2 3 9738
8 85 2459
4 95 1616
5 63 9469
6 40 2931
2 13 9190
4 23 4636
3 53 5130
10 6 5190
7 47 9799
6 14 5648
7 19 5946
7 87 2375
9 70 985
10 14 7361
5 54 7382
9 37 5538
2 78 8359
4 28 5791
5 10 5841
8 3 3349
7 27 4502
1 25 4396
8 75 1031
7 51 7383
3 71 2243
2 10 8202
6 36 6061
3 4 4637
6 15 7280
6 93 4697
1 88 2289
1 86 3864
3 45 4655
10 38 5219
1 8 7100
3 38 5818
3 44 7252
1 8 1974
9 58 7400
7 53 4422
7 23 7240
7 54 3875
9 65 8936
2 89 1788
9 41 8200
5 76 7181
7 40 3917
2 62 864
1 82 3600
6 17 423
3 45 5288
8 18 3944
4 64 8876
4 60 5075
6 88 6068
3 21 4323
4 2 5433
3 77 2923
3 11 4118
1 3 6930
5 71 4549
9 80 8908
3 86 4428
8 9 5691
6 87 516
5 11 3133
3 7 2693
7 66 7525
10 11 7750
7 91 9069
3 77 1135
8 71 1382
5 51 8831
4 55 5271
6 68 5655
5 62 6140
3 47 1676
2 51 8844
7 85 2443
4 33 4885
5 39 3507
10 46 3604
4 38 4217
4 81 6067
7 14 2589
7 90 6146
5 71 5743
3 82 8747
10 45 8541
1 71 970
5 22 4806
7 1 1962
4 87 1478
1 44 5577
4 77 7408
8 26 8432
4 100 5433
2 4 8750
6 67 8080
2 67 673
10 34 7184
4 17 9292
6 76 3861
10 63 9479
8 74 2127
3 38 5896
4 62 1075
5 92 1907
3 68 8097
6 45 154
5 37 8768
7 23 8783
7 7 1553
10 51 1365
1 34 4627
9 98 557
4 53 9548
2 26 4669
6 41 7365
8 25 7420
6 52 6569
10 29 391
2 55 9973
7 63 406
2 27 4531
9 96 4354
7 67 9524
2 23 3660
2 32 6110
8 24 803
9 67 9794
4 90 4547
5 7 9498
7 28 5376
7 88 8583
9 24 9524
6 90 8392
7 20 4548
7 54 6450
10 41 7376
2 30 5773
6 49 6644
8 96 7838
4 36 4607
7 65 3073
1 32 1788
7 91 7328
7 19 785
8 27 6874
3 18 6619
5 45 4384
2 11 6888
1 60 462
6 64 7231
2 46 5008
7 84 3785
1 76 156
7 89 2302
9 64 8292
8 49 7726
9 27 3392
4 68 7014
2 69 9701
10 36 6945
9 71 3783
3 95 3185
5 92 1800
10 70 1338
9 22 5101
2 87 598
5 1 3584
7 25 3016
1 42 9875
5 51 7709
4 52 275
4 22 8890
4 19 8453
1 39 3892
9 19 7056
4 20 7762
5 62 4840
2 76 6814
5 95 2383
6 24 4374
5 14 2528
8 60 5111
5 42 1308
6 23 9722
9 56 7000
1 70 1922
2 92 3088
2 58 6669
6 34 9013
3 91 4680
5 57 2138
5 25 9590
5 69 5743
8 31 4645
1 31 3703
3 47 7717
6 74 5390
5 53 1302
9 34 7756
8 89 4566
7 4 6387
5 53 1379
5 68 295
5 80 1551
5 50 6944
6 7 9383
5 28 8447
9 41 7616
6 50 2015
3 89 9203
1 56 3562
3 29 2021
7 60 9363
9 94 7849
5 8 4736
10 53 35
6 63 527
2 78 4699
1 86 1777
3 16 2971
1 17 2996
6 64 4853
2 44 1262
6 34 6300
3 22 7411
9 15 7696
4 33 9742
4 3 4732
4 42 2328
7 69 9257
9 92 172
1 37 1668
7 51 658
10 33 741
6 80 8355
4 17 4972
6 10 9105
10 78 7252
10 13 5326
1 51 248
7 73 9126
7 26 605
4 8 1234
6 40 9180
10 50 4437
5 30 7667
5 4 6327
10 11 5742
8 94 9538
1 3 1089
3 21 5476
5 2 9701
7 67 4418
2 61 7257
8 82 5305
7 64 3315
4 3 4876
3 14 461
5 54 4167
10 100 1717
8 74 6065
7 56 1036
7 52 2780
7 64 6403
2 89 7288
2 34 7029
5 69 7917
2 57 2636
9 80 3849
9 49 701
7 11 8138
3 79 8202
3 21 8034
10 85 9546
1 40 4335
5 32 9387
9 75 316
6 85 4660
8 51 5243
6 37 7726
9 92 7224
3 44 1321
7 61 6727
3 89 5408
5 37 3335
3 91 1558
10 73 9763
3 81 7425
9 3 3152
6 25 6210
7 84 1310
1 93 2991
4 25 6611
5 50 7226
2 95 9360
8 41 6158
7 49 8940
7 45 75
10 57 7967
6 20 6806
10 90 3965
10 5 4699
9 84 9057
7 4 68
8 70 4813
7 57 5531
8 2 1868
5 35 2774
3 31 4409
6 62 3098
1 46 7597
3 43 5850
5 44 8936
2 76 870
4 79 6585
5 93 1837
4 26 4912
3 29 677
9 16 8796
7 34 1013
3 90 9051
7 74 3236
1 55 8988
10 22 1814
8 97 1696
6 76 2415
3 35 4395
4 11 4370
5 27 4919
1 73 7677
1 63 8500
6 96 6769
1 40 7391
1 77 946
7 80 378
3 47 560
3 5 5250
2 21 5323
1 43 3477
7 59 6487
7 66 8794
5 89 2694
5 88 9307
9 74 9708
9 93 1315
3 55 7274
3 45 64
9 49 1140
3 4 9811
8 57 1426
7 91 290
10 65 9512
9 59 546
4 86 7889
5 94 9963
10 12 8652
9 14 8638
4 61 8432
5 94 1547
10 7 4215
8 40 2240
10 7 6267
7 30 3592
5 75 1997
3 97 5339
4 13 8296
6 28 8405
8 30 5319
5 89 933
10 26 5022
6 23 9524
8 88 8925
9 29 668
3 14 3224
7 83 7077
4 57 4586
6 78 1819
5 83 7278
6 6 2080
8 95 2987
1 36 8435
5 52 4195
8 10 8660
10 67 4676
9 17 1647
4 96 6837
6 82 4605
9 92 4343
9 83 4756
2 21 5253
5 24 8075
5 18 8376
1 57 9706
8 91 7775
7 63 4744
3 73 4144
10 79 6931
5 76 6774
3 34 2615
7 55 2939
3 68 7451
9 96 9141
5 2 4050
6 4 6163
6 49 913
8 17 3328
1 76 496
3 97 1736
5 79 754
2 81 7165
3 22 5427
3 93 3016
6 47 9096
4 48 2987
4 100 5355
10 76 3391
2 43 7117
2 89 7450
9 3 341
4 54 3896
9 43 6314
5 30 8450
4 36 1679
4 17 4695
4 40 1492
3 99 2612
10 50 4984
8 63 2916
10 45 900
7 24 3181
5 7 8183
6 99 7048
10 74 1900
7 23 2507
10 8 8404
7 79 4713
10 9 3857
7 91 6237
10 73 2870
10 39 9904
3 86 2780
6 8 735
5 30 1867
6 4 6531
7 85 1928
10 38 2105
5 8 6592
10 33 9190
8 60 9575
7 28 9673
9 29 5223
2 59 1307
4 87 1830
6 93 5076
9 2 6542
1 91 7929
7 25 7687
7 5 4706
6 11 2132
3 67 5886
4 89 3601
5 56 6659
5 41 4884
3 76 672
2 47 852
8 44 780
8 6 6797
10 14 9553
7 85 1475
4 6 21
5 65 6913
6 60 5624
3 14 3258
7 12 813
6 7 3897
9 82 8423
7 39 8643
10 15 2350
7 25 6785
6 57 8101
5 91 8656
1 85 6959
1 17 2477
8 61 9119
8 44 4397
10 41 6811
6 46 9738
7 21 5795
4 97 2124
4 99 1220
1 17 6161
7 50 3728
9 57 6627
1 94 296
9 45 4741
8 37 5673
7 100 4666
1 29 7849
3 93 7941
9 78 4052
3 27 424
10 41 1380
1 16 1922
8 63 5064
2 13 7783
9 82 3299
3 99 296
6 12 5693
7 71 4321
2 72 3852
3 65 4339
4 30 1278
2 96 9028
3 34 9260
7 53 1588
6 44 472
6 73 9374
5 26 2094
3 17 4861
4 31 8319
6 6 3635
10 3 9559
8 61 1054
7 26 2938
7 65 8771
10 38 9710
2 64 2357
8 67 5115
5 27 5827
7 95 2099
4 30 504
8 46 5988
3 96 2040
5 56 6961
2 12 7256
1 86 8562
10 48 41
7 54 1488
3 79 1066
9 74 5166
4 68 7477
4 100 2152
5 75 6046
9 25 2389
10 43 2080
5 32 7939
5 97 4821
6 33 3944
4 92 7346
2 75 3468
5 79 7281
8 11 5253
3 75 9301
9 82 780
3 8 9344
3 9 591
6 52 511
8 4 9058
6 6 525
10 76 8517
6 54 6454
1 35 4633
10 15 8815
2 58 2014
2 24 5354
9 63 9168
6 27 4460
10 73 6277
2 96 5146
6 15 8553
10 16 4605
2 95 844
6 56 3491
3 37 1031
3 98 4376
6 87 2030
9 40 1322
1 72 6386
7 55 6267
1 3 5698
8 63 7170
7 72 5480
2 49 3658
1 29 2922
3 94 1774
7 70 7184
4 66 1922
5 90 7024
4 53 5853
7 25 6285
7 81 5524
9 15 2083
8 53 9401
1 14 7786
8 53 1718
9 10 7296
7 15 1898
1 36 2224
1 10 2326
8 11 6771
3 14 2299
4 98 1931
2 92 8690
5 44 3626
9 77 7813
2 27 4205
1 34 2879
3 36 8941
10 79 2341
1 13 4816
2 9 4801
4 99 4667
3 82 5734
3 22 5218
7 59 6971
1 27 2346
5 4 5863
5 27 2071
8 20 4464
1 43 9497
7 57 7791
7 25 3427
3 5 7200
1 44 4005
3 1 4008
3 92 3845
5 100 7190
8 38 3588
9 40 9427
3 77 3457
7 77 496
2 4 7743
1 29 6737
8 3 5252
5 53 1346
10 15 7509
10 82 1949
8 69 2038
1 6 3581
2 32 9273
9 23 1121
6 76 6614
7 2 1611
5 52 4974
4 83 4332
10 100 6653
3 11 7379
4 100 9188
1 96 3066
4 79 7175
4 97 252
5 19 3213
6 28 5836
5 70 3421
9 71 2003
6 93 9765
1 82 5934
9 48 9994
3 34 182
10 26 8735
4 16 4846
10 40 3203
4 76 7445
5 43 1801
10 55 1805
1 80 4036
3 47 1253
9 45 3134
8 17 1132
1 44 2643
8 74 8747
3 89 7105
9 13 7673
7 96 4777
4 48 4858
3 91 5813
1 76 1251
3 15 4888
6 25 5046
3 64 8327
5 18 5109
6 57 8680
3 65 1670
5 14 5183
8 73 8072
4 28 5945
9 52 8114
6 83 3915
5 97 4331
9 20 637
6 39 6242
9 20 7972
9 3 780
8 89 9436
8 58 6158
2 7 3589
5 59 9685
8 98 3656
4 90 8073
6 38 1060
6 19 1131
6 11 1687
7 66 92
2 14 2176
1 14 8409
10 80 5254
5 86 8634
10 87 5579
2 79 9375
5 31 5477
4 38 9814
7 19 1425
9 80 3946
4 95 6160
1 14 2635
3 14 3227
6 66 7275
9 89 4015
3 4 1385
9 40 5948
3 87 9320
5 70 7814
6 32 9517
1 82 7402
10 39 2444
5 76 9097
10 97 1928
6 50 1767
8 69 3357
8 54 8877
9 15 9747
9 85 9886
10 95 6285
8 14 2207
6 36 4627
2 35 797
7 55 4619
2 5 6268
10 55 5247
9 30 9030
1 47 8964
3 24 3910
5 30 1792
8 52 2692
9 18 6670
5 10 7640
3 14 3009
5 72 5145
4 17 525
9 22 1308
1 57 4690
8 32 2183
4 65 3027
5 14 5437
2 36 6310
10 15 9395
8 53 5221
2 35 7286
1 85 2354
2 27 4710
7 49 2068
2 96 8493
10 61 2810
4 13 9562
3 14 1845
9 47 7758
9 49 104
1 97 7384
6 55 8063
1 22 8981
5 54 6338
7 6 9528
5 29 4173
2 42 1303
7 52 4510
5 9 1911
10 75 904
6 66 5927
8 56 9829
5 22 823
9 37 936
1 74 3207
5 31 4583
2 81 9043
7 72 5012
2 71 2220
7 13 7718
9 61 6118
3 92 7416
7 95 5729
1 91 8415
2 54 7185
9 93 6320
4 86 2723
5 69 5920
9 99 7669
6 44 3237
3 70 644
8 50 1933
7 24 5134
1 33 9625
5 48 9697
2 38 9006
10 70 9646
10 34 892
8 89 2995
9 75 4785
5 72 8024
2 34 2295
5 86 3176
1 4 7242
6 97 7231
7 47 5090
9 49 4475
1 26 2765
3 21 9819
2 50 4743
2 90 6627
7 54 8144
5 97 5199
8 22 127
2 83 417
4 97 6721
1 2 5567
4 11 8963
10 99 7013
5 81 3209
3 89 3614
10 29 6672
10 62 2951
3 88 1356
1 80 6533
10 36 4876
9 91 6488
2 90 6578
3 5 1131
3 16 1218
3 91 1664
5 51 5049
3 68 7378
5 35 7226
8 58 8621
1 26 2608
1 64 2455
5 66 5544
6 66 1199
10 99 2014
7 72 2867
8 98 3479
5 75 4526
6 76 8048
4 54 1237
3 57 9719
2 19 2511
1 43 9623
9 87 7594
8 8 4943
9 33 1840
3 49 8681
2 39 9410
8 14 4024
10 33 7802
10 70 6887
10 60 8995
10 49 6667
10 32 3063
1 20 8975
2 15 2460
2 17 3640
9 38 2116
6 26 1084
8 27 2190
4 36 6522
8 26 9685
6 15 1032
8 85 8152
3 9 1498
1 9 6892
8 49 9242
4 54 5834
3 72 7357
4 92 6241
8 88 3493
5 81 9966
6 60 8427
5 66 9194
4 24 3011
3 54 1978
10 46 1637
4 5 5809
5 1 3607
6 25 5669
6 45 791
2 61 3240
3 79 9280
5 86 7416
8 9 208
1 72 898
10 14 8709
4 33 4517
2 30 3442
9 73 6663
6 97 8346
4 18 5573
1 89 515
5 24 9936
5 97 1661
9 26 9650
2 91 9915
8 84 5590
10 91 2000
3 22 7337
8 83 811
6 31 3326
3 53 4065
10 26 1368
2 27 8049
7 2 7430
5 12 6713
1 61 915
2 71 5160
8 6 9138
1 61 632
4 84 3628
2 88 2472
6 62 2595
3 25 9432
8 64 711
8 99 6601
4 73 2671
7 5 3046
1 42 8648
1 33 7213
8 97 2205
2 64 1770
10 52 561
9 66 1806
7 81 682
3 78 9907
3 58 8502
9 65 7731
3 32 559
3 3 2984
2 94 4186
8 58 5962
3 54 3026
7 20 4362
9 19 4310
2 67 6622
4 70 1827
8 71 7188
1 28 7356
9 63 7772
8 20 9537
9 87 8194
6 75 1789
10 35 9204
5 23 261
4 29 5795
6 23 1498
1 13 8055
1 31 5420
6 63 8233
10 79 2671
7 57 1344
2 77 4843
2 13 7142
5 77 1426
1 79 7781
2 54 2762
3 29 8063
1 73 9727
7 83 1479
2 71 9333
7 18 1382
8 79 5460
6 71 1367
4 8 7043
10 16 3841
10 10 8993
9 93 5828
4 13 6422
6 6 5028
6 47 7693
4 8 9002
1 45 3735
3 42 5335
4 66 650
1 26 3945
8 25 3622
4 77 7180
2 44 4487
8 33 7874
6 1 6069
10 73 5759
7 97 6789
4 89 6416
4 70 923
9 82 7263
8 51 2989
1 85 1511
8 83 7468
7 4 2937
10 85 979
3 69 9415
4 20 1569
7 33 5305
1 3 2219
1 31 7412
1 82 308
4 41 3902
4 86 2859
8 32 3477
6 73 2048
3 21 4354
7 24 4339
