10000 10000
10 17 212
2 77 7820
10 79 4127
6 78 6543
10 59 3708
2 39 592
10 54 6172
4 17 6455
7 58 8997
7 71 8278
3 94 8501
6 34 7979
6 64 4103
5 34 1154
8 26 7116
7 3 6877
7 74 8952
8 88 4538
7 91 2994
1 70 1747
10 66 8383
10 89 1654
6 85 256
9 66 6712
5 29 9862
6 80 3781
7 1 1939
10 31 2626
2 18 3757
2 61 7845
6 63 270
9 26 6927
8 62 964
3 60 3877
6 2 5303
4 37 7053
7 10 3376
7 78 7527
9 12 2765
5 4 4783
9 15 246
8 64 7450
9 95 7616
6 79 4461
2 48 7502
3 4 1657
1 89 9875
5 81 3004
9 73 2806
3 10 4353
3 8 8360
5 19 7152
10 75 2201
7 100 5906
4 47 535
7 58 2083
5 7 8937
6 2 9465
8 91 5001
3 74 1927
3 32 149
10 66 5111
3 10 2421
6 25 9716
6 49 9654
5 11 8349
7 43 336
9 61 1837
3 15 7229
8 88 5443
1 73 5868
10 87 9543
1 33 6093
1 85 2877
9 92 7723
1 92 3699
1 84 8469
9 61 1937
7 39 4943
3 65 8435
6 15 40
8 31 7147
2 94 4057
7 76 4121
7 3 6737
10 100 6249
6 99 6751
3 58 9904
7 58 1800
2 20 8342
7 66 7448
9 12 664
5 51 1116
4 34 3619
9 78 8763
7 29 3442
8 80 372
8 55 1383
4 16 2932
1 23 917
2 57 6575
5 50 9697
6 73 510
4 18 8595
10 44 7288
9 19 4491
8 70 5062
7 79 5274
10 61 2895
3 96 505
8 49 8187
10 91 6251
7 17 8138
9 52 5301
9 27 9845
1 90 1603
9 25 2717
7 78 9187
2 1 4650
7 74 2917
10 52 3041
3 75 7929
7 47 8266
4 59 3913
4 54 3559
1 19 2129
7 23 6040
9 29 7500
1 31 8419
2 24 8634
8 7 4791
2 78 4848
7 89 7523
4 96 8383
8 8 7383
4 25 6174
10 81 8681
10 2 8576
4 46 4742
4 82 9640
9 36 8502
8 83 4029
1 89 8665
6 42 9160
5 8 5268
7 72 4749
7 73 1753
8 11 6425
5 18 3256
1 41 2994
1 9 711
9 42 1653
8 49 6794
2 13 8340
2 44 4719
6 100 95
5 18 3462
5 64 6419
9 63 2304
10 67 259
6 25 4325
1 4 3729
3 25 2611
1 17 446
10 83 7635
10 60 5913
7 86 6797
7 52 3009
3 47 2130
5 63 7810
7 79 1018
2 56 5761
7 81 5397
9 47 5039
8 46 5487
2 60 436
7 5 6030
6 80 7455
10 47 8663
8 74 1748
3 5 1266
1 88 6429
2 31 6264
6 86 5158
4 22 3326
3 76 5286
3 4 7998
1 94 8970
7 34 1030
6 31 4548
8 85 1141
7 4 7783
2 92 5981
2 52 2559
1 59 3016
5 44 3557
9 63 1695
6 19 8674
6 42 7473
9 69 5536
6 55 4483
6 29 70
4 10 3394
1 44 5915
10 67 9966
5 7 5157
2 82 9483
4 71 8841
9 92 5689
2 60 6133
9 99 8672
3 27 7331
8 2 9325
5 16 2037
6 45 981
8 10 6180
4 16 7646
7 81 8108
10 88 3156
5 77 9343
2 10 5654
6 30 4438
2 26 5587
7 36 5709
10 52 3257
8 59 1542
5 67 1169
5 74 8021
4 77 7334
8 50 3909
10 84 2948
6 65 1055
7 59 6396
4 10 4642
6 45 9581
6 36 1472
2 37 4635
2 9 8429
3 26 2049
3 46 4507
8 66 9319
2 86 7770
1 5 2020
1 4 69
10 17 5639
8 69 7020
7 6 2239
4 20 249
1 85 9842
8 32 5873
8 17 508
1 5 345
7 34 9446
7 51 5549
8 90 5186
9 75 1224
2 71 4129
8 40 3716
10 68 6719
1 58 5447
2 54 4620
4 21 6388
9 99 6075
1 22 8661
4 45 4274
6 43 6427
1 64 9396
5 52 7747
7 99 3884
2 29 1940
9 87 1534
2 16 5935
1 4 9576
1 80 8624
6 51 7657
2 59 7763
2 88 4193
10 22 7167
3 56 6259
2 93 34
1 49 9863
4 68 7907
7 59 8346
2 2 4239
5 27 8247
1 69 3430
9 37 7373
2 81 3227
6 23 8469
1 18 850
9 55 218
8 41 7002
10 72 7319
1 68 1272
4 70 6151
9 71 9791
4 92 4334
10 10 4689
8 81 8616
1 77 7835
6 23 3849
1 89 7593
4 63 1303
10 69 5266
2 38 1938
10 14 5479
3 90 8741
8 17 7714
10 29 9049
1 64 1936
1 89 3817
5 88 9788
9 64 8
10 28 7726
10 100 2339
4 84 1125
4 34 7021
2 68 5934
4 56 401
2 61 7901
3 76 4899
8 48 3715
1 1 8571
6 89 4844
10 35 6418
3 19 8914
7 9 6151
8 47 1322
6 97 7917
4 65 2709
9 39 8306
5 27 9871
10 68 9511
2 25 6807
8 65 5398
4 3 8631
6 7 1315
10 68 7607
1 29 9682
8 82 8651
7 92 6829
8 64 5683
2 83 4986
6 40 121
6 20 9865
1 94 1331
4 37 5833
7 86 5048
5 45 7867
2 58 3875
5 3 6362
7 35 3677
1 40 1086
4 76 5871
5 95 1130
7 10 5289
5 11 2875
9 66 9327
7 68 7830
8 63 3980
7 60 8454
6 26 9926
2 5 7436
9 53 3654
5 59 436
4 77 4562
6 45 8027
6 44 2430
9 7 4864
6 30 4530
6 47 654
7 55 1457
8 89 1111
5 97 2599
8 18 8337
1 35 8219
6 86 3281
6 44 8958
8 63 9413
8 69 7319
5 69 4419
9 78 6046
2 14 7463
9 72 9138
7 98 172
9 20 9668
9 91 955
4 12 1006
9 6 3675
5 19 9590
2 50 1557
3 48 1456
6 87 5623
2 84 9310
4 60 533
6 67 7562
7 56 2792
7 60 6501
5 14 3357
5 43 3155
2 18 4686
4 44 2568
4 8 4462
10 6 3519
6 53 2140
5 79 1504
6 58 356
1 12 3533
10 45 4502
8 16 8014
8 35 6432
6 43 7398
6 44 5838
5 39 3252
5 98 3899
8 36 4441
5 68 7176
5 82 9234
7 94 9541
2 85 2806
1 10 864
9 66 4766
9 16 9751
4 38 7974
8 43 8305
3 69 667
5 26 5791
9 39 9189
5 35 2455
6 97 4456
6 11 7486
4 8 5370
7 18 3310
8 42 3585
10 27 8838
5 1 6893
9 54 1856
1 63 5650
4 42 6145
2 73 8395
5 43 6213
4 9 2064
10 31 5212
4 81 6864
5 35 3055
1 12 1865
6 70 389
5 42 9924
5 8 2788
9 51 6846
3 31 3484
8 41 8525
6 100 1954
10 13 1875
7 45 2929
4 11 9168
1 9 3429
6 73 7176
10 3 7849
4 96 5245
7 87 1861
2 82 39
5 7 701
5 96 787
5 22 8865
6 63 9557
9 26 9265
8 14 5782
4 35 8846
1 10 7162
6 43 1872
6 3 1319
7 54 1361
2 58 1569
9 83 3020
6 77 6813
4 50 9302
2 13 7334
2 81 8814
6 12 3672
4 58 8481
4 29 4457
7 54 8155
5 42 3835
8 2 3915
6 55 5340
8 51 1952
7 89 9057
4 27 2594
2 99 3989
7 85 281
7 81 3697
8 68 1524
4 22 3766
3 68 88
4 79 1972
9 37 6567
3 17 6651
6 31 5728
5 16 9616
6 96 9169
8 48 2655
9 87 2538
1 83 7882
8 60 6108
2 66 4176
9 13 8204
5 58 754
4 26 670
3 75 133
7 44 1574
3 59 9012
2 79 5749
8 4 4000
10 14 4201
7 72 6723
6 27 494
10 58 5462
8 22 3134
6 53 7886
2 84 9507
6 27 4003
10 13 1946
4 26 6808
7 26 7673
10 9 5398
8 41 4822
1 19 650
5 89 1629
1 85 1904
4 86 1270
9 45 4177
8 31 155
4 70 4893
5 19 4458
2 54 825
6 45 9718
9 26 1965
9 42 3172
6 2 7007
10 79 1810
2 73 2862
5 24 1752
5 6 3537
7 55 4329
10 83 5386
1 50 8324
4 98 1571
6 94 4935
7 29 82
9 40 5857
1 10 6550
4 47 9999
6 47 2833
4 71 852
4 84 6187
5 35 2328
10 97 2731
1 89 1114
8 68 2794
9 13 3556
1 27 5420
2 79 8487
8 54 4749
7 16 1901
3 69 7725
3 15 1723
4 62 9305
2 80 751
6 51 3424
6 87 117
10 34 3563
2 22 1723
5 22 9579
8 4 973
7 86 5192
10 49 1345
8 9 2362
3 38 5972
6 42 5836
1 53 933
10 77 593
3 21 5951
8 51 8224
9 37 3681
1 1 8773
10 57 843
1 83 7478
10 73 7414
1 78 5393
3 86 5274
7 1 1327
1 8 9954
9 93 2660
4 96 8981
7 51 2930
6 41 6315
1 27 4591
2 83 1430
7 89 2132
7 69 4062
5 1 9189
5 84 3261
5 62 5742
6 24 1177
5 85 206
1 52 3701
8 19 7390
1 4 4033
9 69 9052
3 76 3524
5 82 6660
7 34 7748
6 85 4076
10 85 5440
9 35 9328
7 57 1813
6 25 184
10 100 2989
4 35 7397
9 27 1212
9 66 1184
10 61 1808
6 91 8708
2 60 4114
4 10 1997
8 97 1620
3 30 4439
4 38 7436
6 72 6741
7 47 5929
8 87 7838
9 25 6460
10 50 4499
4 76 4704
10 37 4058
10 40 8535
3 59 5671
9 5 1924
4 52 5659
8 1 8218
9 89 2086
8 79 5369
10 39 9999
9 92 2200
2 5 3936
9 100 5796
7 83 6346
4 31 6938
9 76 1568
2 80 1657
9 56 8102
1 19 7329
10 69 5522
1 4 559
7 56 2710
2 9 7378
10 40 6768
2 27 7715
6 20 1940
1 17 7580
10 41 7084
1 33 2547
9 64 3659
3 16 6254
1 93 7015
3 76 5035
2 61 2179
2 21 9094
1 61 401
6 94 9212
2 36 1816
8 32 5976
1 72 5085
6 95 1217
7 15 3113
5 19 2763
4 11 4724
6 86 9649
3 87 7891
3 70 3899
7 71 3112
1 44 3199
7 25 3771
1 99 5747
2 34 5951
7 85 9649
2 31 3272
4 12 23
5 21 5021
7 54 9056
6 91 8519
6 9 8527
2 34 9906
5 71 2368
1 16 2300
8 33 214
1 53 7290
9 19 8983
9 79 7071
5 40 1167
9 70 1449
8 51 1191
8 20 1294
2 36 5163
1 76 7834
8 34 6660
4 43 552
3 3 5473
7 90 4169
3 35 6229
5 96 9011
8 80 2980
7 96 2687
5 85 7080
1 56 5389
3 75 4366
8 66 1149
6 39 1387
5 8 895
8 71 790
2 94 6028
4 53 3565
2 53 3600
9 36 1294
1 27 1603
7 54 2247
6 92 6690
4 89 2104
9 48 537
5 43 5865
10 60 9005
4 19 2257
9 92 8043
4 29 1149
9 95 9079
5 3 5551
6 57 8578
10 86 2689
6 42 6455
7 25 157
7 59 6260
1 86 1892
7 97 7095
9 13 1596
1 85 2619
9 41 4278
7 96 9594
9 70 1147
1 39 8153
2 57 5519
4 56 5882
3 100 8247
10 1 9933
1 49 9219
4 83 8100
3 14 7793
6 21 2132
2 84 5750
2 77 9715
8 76 4841
7 61 2433
4 58 9670
7 50 6515
6 77 360
7 1 6621
6 93 1204
2 43 2126
8 24 6461
9 97 6382
7 97 9651
9 75 2471
7 100 9182
6 42 4814
2 80 9563
7 20 3976
10 35 5254
2 20 8751
5 60 7382
3 34 5359
9 29 9718
8 89 9426
3 19 3990
1 27 1682
6 4 632
7 35 6572
3 26 810
6 16 4962
2 90 600
4 95 1622
3 59 4782
1 97 8950
8 66 1548
7 57 8339
3 66 7284
5 42 4580
3 24 5116
7 40 1521
5 53 5358
4 61 202
10 34 4134
3 26 5097
2 79 9619
8 37 475
1 7 7372
1 19 7773
8 93 2263
10 85 4560
3 78 7963
2 91 2790
4 69 3457
4 76 979
4 44 2239
5 8 4492
8 26 8550
6 89 2731
7 81 4338
8 57 4899
5 60 2524
2 58 7545
9 15 8195
3 61 2586
8 87 3116
8 31 4102
8 86 1527
10 71 4017
2 26 4365
8 18 2178
3 32 7061
7 3 715
10 75 3615
4 69 7844
8 2 7062
6 51 9009
3 62 1114
6 88 3650
5 39 3261
9 12 8563
4 18 3954
9 79 9375
3 88 8185
5 96 3696
6 95 7770
5 94 801
7 19 6213
8 99 1240
3 86 558
9 8 1380
2 96 4704
6 52 9384
2 53 2210
6 5 8120
3 67 7408
3 94 8085
2 17 3008
5 39 6609
3 19 7713
5 71 311
9 14 4526
1 78 7585
8 26 4092
4 28 786
8 80 5763
5 23 4447
10 11 8145
8 41 6450
8 20 2993
7 29 9764
9 26 4441
6 71 3827
3 47 4492
9 42 4363
5 5 9383
7 61 8182
1 100 7962
7 31 9457
4 1 539
1 79 7079
5 58 2351
4 94 635
10 73 2793
5 48 2630
9 28 9991
5 5 4639
2 67 6009
2 1 1276
1 20 8062
7 25 1179
2 56 7187
6 22 6468
4 39 4878
4 64 1129
8 45 2044
7 87 1724
7 97 4623
7 61 4202
6 61 9437
8 56 6225
8 85 5568
10 89 7493
8 19 6573
9 91 54
5 42 9476
4 59 1779
10 43 1048
3 38 8327
3 38 3217
7 92 5416
6 72 391
2 33 3539
7 23 6285
9 34 1819
5 41 1960
6 42 3742
5 89 2391
6 7 1398
6 12 9523
2 57 9146
3 66 6857
1 81 1898
1 52 6919
9 100 5980
5 93 8223
6 9 7589
10 31 7432
4 90 6787
6 30 3560
4 48 1721
10 72 8190
3 66 2135
4 54 5180
6 6 7423
7 57 4821
4 99 5829
6 76 2893
6 25 2335
5 96 1335
2 64 1087
2 83 3666
8 65 8389
4 11 9296
9 59 6998
6 79 6478
2 13 4860
2 53 2379
4 35 8679
7 28 7171
6 59 6914
1 10 4243
4 58 2970
8 61 8789
8 70 8298
6 95 5385
6 24 2246
3 64 2648
10 41 5833
6 38 5341
8 67 2784
6 96 5476
7 24 9218
6 17 1095
2 5 6188
4 25 9403
5 92 7389
4 96 8014
3 83 8692
9 18 9612
3 5 8708
1 14 1389
1 71 2884
9 29 6280
3 77 6484
4 99 8495
1 37 8854
4 36 2491
2 75 7968
8 27 9082
4 78 3483
5 83 8121
7 69 5502
3 64 8583
8 26 7379
7 49 4193
3 66 4202
9 6 2715
6 62 8111
4 47 5801
10 29 3241
9 38 6725
9 11 7360
2 87 8403
6 59 6097
5 6 3552
2 30 8919
10 54 5184
1 19 8802
2 22 6848
2 22 269
5 90 6953
5 71 7054
3 32 2146
5 89 2490
9 66 9460
6 64 1851
7 11 200
2 95 2831
9 75 6207
5 56 7833
9 100 3637
5 99 853
6 87 8301
3 32 2817
3 99 9405
1 23 8051
1 25 212
9 77 1183
2 48 9431
3 94 7371
9 55 558
2 51 4384
4 62 9726
9 98 799
8 58 8343
6 51 1472
9 64 5480
9 74 2600
10 7 3200
5 92 2015
8 11 6076
1 36 1886
9 48 3174
7 25 434
7 47 2268
7 90 3867
3 22 2639
7 89 1691
6 18 539
2 76 1514
8 14 3432
5 83 413
7 30 1857
1 6 1283
7 10 8817
10 76 8706
7 35 1807
9 29 6313
10 31 2323
7 44 4140
10 81 4596
10 62 7062
7 26 8963
4 29 2589
10 9 7695
9 91 3424
3 47 7745
3 56 6609
10 25 4756
4 16 4431
6 58 2522
4 27 3876
1 43 7729
8 65 3657
6 28 7746
5 91 9149
4 56 173
7 6 3030
4 78 8198
8 68 3816
10 1 2673
3 32 354
9 69 4227
8 56 5100
6 11 8854
8 77 1097
1 91 9283
7 72 4272
3 53 3217
1 69 2757
3 43 5002
1 86 5264
7 81 4967
3 7 8640
5 18 5822
8 78 9349
9 54 7188
7 21 7010
5 48 9782
10 93 7311
5 92 6730
4 23 5820
4 28 6398
9 7 4082
10 40 9304
5 78 7138
7 69 6460
4 63 3495
7 25 9335
3 82 5128
1 74 6738
9 57 35
6 52 5628
10 39 9177
2 73 20
2 88 2766
8 69 2478
1 16 4574
8 36 2706
3 55 952
2 76 7199
3 2 310
3 100 7255
3 39 681
2 28 5997
2 35 3004
10 64 3090
6 12 1576
7 89 3420
9 44 8975
7 47 9348
9 15 1717
1 60 3797
10 38 4446
1 17 6861
8 25 1365
9 86 7655
6 95 4938
3 69 6420
7 20 7919
9 4 3825
9 47 1152
10 98 8047
1 2 1865
10 46 7261
6 33 4512
10 39 1646
2 89 9123
4 84 8771
5 98 959
3 5 6167
7 41 5914
4 3 5619
7 2 9927
10 19 8389
10 62 6453
2 73 8747
1 33 2066
3 94 7078
7 14 887
9 1 4196
2 6 3601
3 24 167
5 60 5696
10 43 4530
7 29 4782
8 18 5779
3 76 95
7 19 7702
2 82 6792
6 83 4963
7 40 4145
10 20 5173
7 59 7868
1 76 874
4 46 8051
4 83 2538
4 44 5873
5 68 105
6 99 4461
9 81 1358
5 25 9828
3 23 9381
8 95 361
3 93 9189
10 84 3790
4 66 6140
6 86 5644
6 40 1864
9 82 6635
7 47 4510
10 1 9192
10 24 4770
4 85 6856
7 22 1817
8 40 6161
9 46 3920
3 29 9800
10 49 1810
2 44 6867
8 51 3767
8 91 1560
7 9 4452
3 69 9024
8 55 8953
9 36 1951
8 69 770
4 62 8869
5 75 7528
2 46 7061
6 57 5865
9 31 5479
4 37 1325
7 72 3020
7 60 6182
6 65 8738
6 63 9538
10 36 3930
8 52 1042
6 88 2631
5 55 6925
4 93 2048
6 90 9226
1 92 5915
10 90 7127
1 33 3062
1 26 4887
1 40 8035
1 31 8499
10 50 1439
2 79 4423
5 12 4560
9 76 4306
9 13 5405
2 62 4193
3 61 5804
10 61 8960
3 64 740
10 9 1165
10 38 7998
7 13 6356
9 45 1848
7 8 9733
3 3 6439
10 96 2866
8 1 7741
9 98 1084
7 40 2408
3 69 242
8 47 5497
4 57 5626
2 66 3702
6 18 7296
7 51 1006
5 50 5837
2 34 1769
5 89 4045
5 74 2487
3 68 572
10 82 8107
10 21 4143
5 56 2960
3 75 3991
1 12 5516
6 26 1627
7 34 1270
9 100 7425
2 35 67
1 61 3964
6 42 6648
6 42 3351
1 85 3503
7 42 7018
1 82 8797
6 35 807
10 66 2400
4 27 4660
9 12 1571
3 69 5815
7 30 4216
6 25 4814
1 53 5394
2 45 7605
3 93 6737
1 42 4874
6 68 2602
10 59 4916
9 61 8927
6 55 6494
8 79 1544
3 67 8493
5 27 9534
9 41 8849
6 9 7523
4 82 3480
9 25 1098
3 7 1817
9 42 9010
3 32 5447
10 62 5983
4 66 3457
4 4 3499
3 30 2612
5 51 8639
2 56 9907
7 97 4430
6 11 7231
5 81 5074
7 96 7698
8 87 3316
4 19 1520
4 87 5906
2 68 2868
6 11 5253
5 12 2723
7 12 9839
2 82 4335
6 14 5084
4 66 1687
10 87 4750
8 36 3113
1 30 7385
9 91 7802
9 13 5582
5 55 7984
1 90 7388
1 69 9208
10 15 2661
10 69 4531
7 20 2151
6 74 430
3 10 4310
1 45 9289
10 75 6188
7 82 8494
7 28 6398
6 80 8589
7 21 476
2 34 1645
10 60 3864
7 26 3632
3 55 7647
8 49 1647
9 58 9142
5 8 7840
1 7 9030
6 93 3857
3 51 6824
2 75 7630
9 89 4918
10 19 7717
4 24 6058
1 8 5243
4 45 3086
7 86 6989
8 70 3085
6 99 9324
2 8 4275
10 84 9563
3 99 3369
4 95 6913
1 63 589
5 98 2809
4 5 7898
8 18 7991
4 25 5194
1 29 5618
6 24 9379
2 80 4569
4 6 1687
4 39 6076
7 33 13
5 88 9455
1 95 8992
2 6 8068
8 17 7501
10 75 9854
10 69 7328
10 10 8344
8 96 1979
8 53 4294
10 33 613
3 11 138
4 99 731
3 57 1860
2 80 1111
5 44 5072
8 11 3192
8 32 2048
3 78 7423
2 70 2422
6 51 1741
4 60 3703
3 17 5977
10 1 621
9 46 7687
3 33 860
5 54 5254
9 46 694
2 60 7404
10 1 7631
4 21 6497
5 40 4576
5 58 8519
5 7 239
6 76 1816
9 56 517
5 39 7322
3 58 9742
7 64 8381
4 48 2236
6 87 2036
10 49 4806
5 22 408
8 54 106
6 88 5133
9 58 7114
6 35 5493
1 36 1362
3 15 1536
7 6 4734
2 99 6858
6 90 2081
1 60 3431
6 23 5143
9 79 5758
3 72 2409
4 61 4376
4 36 1591
4 86 9605
4 81 3928
6 21 1775
9 21 2625
6 70 4504
6 12 3139
4 4 4612
4 61 7583
8 35 4196
4 25 6319
6 98 3446
3 27 7827
1 73 4004
4 93 7482
9 2 7108
2 42 897
10 96 7424
7 57 5264
10 60 7617
6 19 3188
6 65 7518
1 8 605
2 87 134
8 87 7758
6 48 3084
6 95 6527
4 39 695
9 1 4009
9 2 5425
9 26 4039
2 66 2376
2 31 3206
10 70 8189
10 11 7985
6 82 671
2 39 7528
1 65 1367
9 72 3984
10 88 9828
1 71 6133
5 2 3697
10 53 959
10 76 4901
10 33 6389
7 18 4299
1 78 4096
7 62 1900
3 89 6674
3 39 5404
7 58 7554
10 64 2712
8 46 9911
9 81 9381
4 17 2622
1 55 6903
5 48 6663
9 91 9436
4 45 8118
7 29 6891
7 81 8183
2 71 7533
6 7 6612
4 11 6735
9 28 9534
10 43 6457
4 18 4562
6 39 1601
10 12 3375
4 17 4706
5 15 1935
3 51 3105
8 60 6587
10 48 2936
3 54 6216
4 2 5037
7 39 8039
6 25 1939
7 9 144
7 46 1899
1 30 667
6 69 9269
3 38 125
6 52 6558
7 15 2593
6 85 9504
2 60 8553
10 16 7394
6 77 1429
1 32 4514
8 19 4960
5 83 4785
7 30 7676
6 39 35
7 6 1076
6 48 4900
10 36 1781
5 51 5367
8 11 5664
3 49 2030
3 27 3936
5 33 1558
3 47 3696
4 77 6423
10 69 5345
10 24 452
8 54 362
6 53 3162
1 27 9143
4 12 6286
5 77 8615
9 63 7105
9 46 6122
10 25 4655
6 9 4741
3 22 2870
1 33 4801
4 62 2547
6 54 1022
6 15 2672
2 60 5194
1 60 1748
7 82 9080
7 76 3983
4 56 6950
4 60 4757
1 11 1397
8 11 6137
2 97 9614
8 22 7510
2 80 1166
10 54 3284
8 65 727
1 35 9458
10 16 9524
1 45 6824
8 19 3727
10 80 693
8 85 3849
9 78 2719
5 34 5199
2 80 9675
10 47 9350
1 38 7815
4 82 2222
1 93 4080
1 94 2948
7 41 3769
6 23 5818
5 86 2075
1 39 7361
3 65 2033
8 71 4754
10 24 5962
10 28 3916
6 12 1494
8 89 6513
7 47 7
5 73 6001
5 32 4306
7 53 7708
8 1 172
9 58 8361
7 28 7952
3 2 6703
8 7 3990
9 31 3630
10 25 5144
4 41 3049
2 37 9801
8 50 2959
1 24 1808
5 57 8339
9 63 4556
7 59 5572
2 9 2248
2 31 4314
5 3 6012
10 24 2246
7 67 1596
1 43 9144
2 49 9812
6 23 2234
1 22 3794
3 77 8922
6 60 9686
2 55 7226
9 15 9753
8 80 2385
1 92 1121
8 76 3821
6 66 1072
8 33 2403
1 36 9848
3 3 5579
1 47 690
4 10 896
7 3 8337
6 75 503
1 100 6467
4 45 6798
5 46 3867
3 74 7107
4 71 8571
4 44 9861
5 72 956
10 91 7008
1 19 1701
3 65 756
2 22 6649
6 18 6048
7 56 2549
10 57 6678
4 83 3876
7 43 7931
6 34 5767
2 39 3610
8 30 7728
5 53 5696
1 52 161
4 15 7880
9 65 9807
7 15 6172
5 13 9269
10 98 2448
5 49 6781
4 53 512
6 3 9956
9 70 8465
10 28 171
4 58 6031
7 90 6251
2 19 5733
6 93 6101
4 32 658
5 85 9377
2 69 1393
3 79 1998
5 69 1309
1 74 507
10 64 2173
6 8 9269
6 64 3486
6 8 9605
2 82 8342
4 19 5669
10 75 3996
9 24 3105
9 70 6000
9 41 5388
3 53 3183
10 3 4512
8 60 6917
9 51 5021
8 50 2916
6 35 9474
6 93 7621
9 95 7171
2 75 9750
8 15 5931
3 14 1268
7 37 7544
7 38 475
4 62 1102
7 4 1312
2 74 467
10 54 4908
5 59 4744
4 52 3967
4 92 369
1 70 6693
8 61 6422
1 77 1141
4 53 9153
8 24 8495
7 47 6488
4 24 7602
1 85 4134
9 49 6844
7 11 3850
4 45 639
3 53 5535
4 87 8923
3 50 9798
7 65 2212
10 52 7728
10 11 9667
7 47 8455
8 51 7140
10 93 4003
4 13 9776
8 7 4179
3 67 7600
10 5 3584
10 45 2430
2 42 8238
8 56 2561
1 24 5443
3 61 1259
10 7 2590
9 76 5471
3 59 7571
2 45 5911
10 11 2847
1 27 9417
1 47 8430
10 47 5732
6 29 3902
5 53 5366
2 58 2381
7 66 9672
10 55 1235
7 42 7620
6 31 9073
5 61 8945
3 97 4097
4 85 9992
5 36 934
5 29 7802
3 33 7140
10 34 6694
9 62 7574
6 63 2741
9 97 96
7 93 258
8 36 7973
3 98 226
10 90 7232
8 60 5884
9 88 3982
5 84 9314
7 76 7454
6 31 1119
8 70 1276
4 86 5795
9 36 3094
4 25 1864
5 60 6055
9 63 5866
1 1 2651
2 91 4367
9 15 3872
6 78 6734
9 45 5518
1 93 4921
8 48 2918
6 22 5662
1 85 5367
8 99 2346
5 52 358
6 60 8150
7 7 6740
1 16 2458
1 98 5523
4 32 4625
6 53 3658
8 98 2657
6 100 2406
8 93 4782
5 86 2668
8 91 5646
1 77 8577
2 56 739
8 53 4110
5 92 6081
6 91 23
8 29 8959
3 56 2996
6 74 1492
6 2 5125
10 8 9981
5 43 5887
10 94 4546
7 54 5899
10 75 3848
7 24 6452
3 60 9155
4 85 6754
8 87 36
7 8 4238
1 39 5149
3 7 155
7 61 3651
3 88 4018
10 94 1277
10 99 5680
8 32 2026
4 38 333
2 68 5719
9 63 686
10 26 4537
8 31 9244
4 42 1168
10 55 8417
7 3 8258
10 71 5432
3 97 2042
5 23 2293
6 79 5971
8 25 3228
7 73 7875
4 45 2609
4 23 3542
7 31 4838
9 23 8424
5 63 8289
5 17 9408
9 9 9325
3 6 5298
9 3 1263
5 29 4833
4 55 1639
5 79 7382
8 72 9318
4 89 217
2 71 3604
6 17 8145
6 16 4546
4 51 7146
10 98 4660
1 53 8937
6 50 6237
7 11 4266
9 66 7309
4 4 882
2 93 4752
7 29 1521
2 76 9047
6 80 675
9 65 3163
6 52 9291
8 69 8901
10 60 4588
3 31 1931
10 76 3262
3 21 4964
5 48 3103
5 19 5697
4 41 2659
8 34 6425
5 92 4288
4 69 8176
9 17 7232
4 55 1196
3 6 9516
5 59 1784
9 94 8543
1 25 2886
5 79 4709
3 63 7230
7 34 8419
4 24 3561
3 98 8707
5 60 7856
3 45 7127
7 49 9427
9 86 5933
2 87 6587
10 56 3856
1 3 3847
5 31 1328
9 25 2011
8 75 6004
10 83 1929
8 34 6983
10 83 4561
3 65 5666
4 1 4935
4 4 2718
6 80 676
6 81 4489
3 39 9504
7 13 9400
6 21 7145
2 14 4203
2 10 2787
4 82 9703
2 26 2655
6 63 6082
4 87 4947
4 45 914
5 55 7232
5 13 5322
3 6 8628
10 95 1349
10 77 2623
6 58 1690
6 50 3785
1 55 1831
1 27 4490
2 14 2437
6 33 9104
6 66 154
1 5 1864
3 8 8244
10 32 9070
2 79 2709
1 55 2043
9 89 7832
10 51 950
5 65 5422
9 43 2324
10 10 258
1 86 1107
1 22 2093
3 62 4928
8 78 1355
4 76 4956
9 53 3643
5 68 15
5 35 232
3 6 4328
5 54 1965
6 60 3640
1 44 4935
6 2 6359
5 78 8095
9 99 442
2 64 8366
6 18 603
6 95 6093
8 87 7876
10 9 8850
3 41 6268
10 14 7564
6 77 5171
10 73 5286
8 94 3554
10 87 6091
1 46 3826
2 90 9883
2 4 2075
3 11 9646
8 21 8685
9 8 3164
7 80 395
10 59 2931
10 18 5819
7 98 3629
2 74 1201
3 5 6342
8 14 832
5 29 9167
7 67 7429
4 40 8482
10 66 1825
1 30 496
5 2 8342
4 69 4388
8 32 995
2 42 5131
7 82 6808
2 12 3334
3 4 8179
5 100 4593
3 8 2344
7 10 8732
9 5 4149
1 13 7815
8 71 713
5 55 9341
7 13 1395
5 26 9463
9 19 1544
6 64 1462
1 95 2008
5 5 2211
1 63 821
3 2 3088
5 12 7384
2 15 1270
1 54 5099
7 82 749
10 99 4564
10 89 7865
9 19 4869
1 45 5558
6 80 672
7 81 5189
4 82 1556
10 47 1493
10 76 7554
4 42 6929
8 38 4576
8 86 9757
1 66 4137
10 63 5519
5 81 2490
9 98 4913
3 79 2784
4 21 1245
2 57 8449
6 18 4993
3 98 147
2 8 8427
1 8 7109
5 85 8646
9 15 9463
8 90 3953
10 86 8819
8 73 3641
6 54 3946
4 99 978
7 75 456
1 5 9584
5 19 7831
5 28 7694
3 14 9716
3 47 558
7 86 7080
2 87 6856
7 46 6541
6 92 8091
3 77 5119
3 80 7728
10 17 5251
1 18 8552
6 86 6558
4 38 6010
6 31 3834
4 80 4359
3 25 8868
9 44 4488
7 6 4461
2 61 3182
5 71 5665
4 78 7122
7 23 6152
8 27 9025
1 60 7051
5 36 5284
1 62 2302
4 48 5751
9 54 413
3 70 7912
6 49 8697
2 66 8767
1 28 8246
3 6 8701
6 73 1525
10 82 6995
8 9 8678
3 40 2223
5 34 8893
6 20 9507
10 43 1886
1 54 3714
6 56 2260
6 91 5041
9 89 2643
8 12 6595
10 84 6504
7 91 9797
10 2 5095
2 23 9651
9 8 5842
1 87 1841
1 19 259
1 23 949
8 89 6642
6 26 3801
5 100 6034
4 33 2591
2 45 9003
1 81 8194
1 41 4786
9 4 3723
10 43 2005
10 6 9372
8 64 1058
4 56 9536
3 35 9187
7 90 4791
4 64 4335
5 1 8721
4 30 5580
6 82 8454
2 37 5103
6 45 6315
7 33 3844
2 63 2166
9 43 7512
5 34 5667
4 18 5244
10 63 9141
10 44 7509
9 71 2626
5 83 13
9 32 2027
2 73 2829
2 27 2272
5 94 6650
3 2 6655
8 90 2445
8 91 3874
4 16 5536
10 23 5855
7 16 5181
10 97 4285
4 34 8894
4 71 4387
9 94 9682
4 24 4249
10 48 7809
5 3 8309
2 16 7601
8 25 9744
5 89 2791
3 35 9385
9 21 3249
4 46 1106
2 44 9713
9 72 8756
8 99 6400
1 73 4487
8 18 7633
5 28 1826
1 99 5209
6 25 5469
8 63 123
6 63 7931
9 93 6540
7 44 3725
3 58 6977
9 56 7163
5 22 5723
4 100 4283
5 90 336
3 79 9928
2 20 449
6 12 8852
5 24 7077
4 75 2183
2 1 8480
1 11 7637
3 40 3999
8 23 8682
1 43 9402
8 27 3917
5 63 5974
10 20 3254
6 66 3731
3 35 3661
9 8 6113
2 46 4172
3 95 3214
9 11 8905
1 67 6948
4 46 3196
9 82 9011
1 80 3580
1 31 1579
8 67 5162
7 30 5771
10 57 8726
10 96 7739
5 24 1586
5 57 7099
10 63 8265
5 53 809
9 31 114
2 20 5316
9 22 2549
3 77 441
3 3 8976
9 39 6490
10 52 9877
10 60 5883
5 33 2390
5 61 8792
1 45 6205
10 19 7534
7 9 2147
7 98 4086
1 18 8706
10 100 2194
3 42 2014
1 21 8214
4 82 266
6 100 5121
7 12 1740
9 18 3475
6 15 4841
4 72 6971
1 69 950
3 61 7840
10 29 498
6 98 8194
10 34 8967
4 91 3002
6 58 445
9 46 1700
2 62 3834
2 90 8198
1 1 7877
10 99 6117
7 78 5542
5 25 8245
9 96 6505
3 40 6042
9 4 4809
6 57 5639
3 27 2130
6 1 765
10 63 3815
10 56 2750
2 2 3779
7 79 3678
9 91 1575
6 76 6475
1 77 7948
7 34 6641
6 54 8523
1 77 7360
10 17 8362
6 59 944
10 83 373
10 52 3769
10 82 791
4 10 8367
2 42 8991
2 17 1846
2 22 4351
4 2 6944
3 3 3219
4 17 2342
6 32 4223
1 48 5691
6 25 6719
8 26 4970
2 16 1782
8 96 2983
7 14 652
4 19 1775
9 53 5439
7 81 113
4 76 8019
5 24 4566
5 3 939
10 58 3789
9 61 4381
10 27 9988
5 95 2438
7 50 3994
10 11 1811
5 61 82
3 85 6583
3 78 933
1 73 8243
9 61 1895
8 75 6664
5 18 6000
7 85 1192
3 49 1272
8 80 8974
2 54 5740
7 61 9111
2 50 5135
4 5 8357
3 87 2139
2 82 742
9 52 5493
3 45 4918
2 32 8789
8 84 9067
10 69 7693
2 87 2748
6 53 6423
10 18 91
1 4 8563
1 32 7031
10 57 9231
7 47 6674
8 57 1197
3 17 4654
8 14 8761
2 7 9945
4 19 3102
1 14 473
3 94 9279
7 48 194
10 92 7771
7 47 21
5 5 33
5 22 3187
4 19 6402
9 63 3472
4 79 4373
1 50 4671
8 56 4555
10 96 9717
9 78 8223
9 23 533
9 62 8390
9 93 9780
2 89 3774
3 42 9585
10 11 1969
5 58 1639
8 36 9344
4 6 7513
4 30 4041
1 25 2243
7 61 173
3 6 215
7 35 7917
10 57 9730
4 64 3639
4 6 2424
4 13 4832
3 84 3276
1 15 886
6 54 8832
9 9 7730
9 50 8895
9 16 5663
10 5 823
2 94 8593
3 5 1459
5 56 1158
10 73 5478
6 38 2795
1 88 2998
2 55 2295
2 53 7224
2 43 9567
6 97 7746
7 34 2734
8 20 1308
1 20 7023
7 4 2922
6 17 5672
6 63 7526
4 76 4182
3 90 1536
10 21 4540
2 58 9171
2 64 9717
9 94 3467
1 29 5092
6 30 2258
7 91 1037
9 33 648
2 62 9458
4 34 2011
5 30 6518
8 82 1854
4 23 3789
3 24 1137
8 9 2051
10 88 3636
3 45 3619
7 30 4631
7 91 7140
8 96 9533
9 67 1651
4 55 6088
2 69 7582
6 54 6096
1 90 5280
1 63 5365
4 41 8322
10 100 3094
9 69 4886
3 40 8301
5 22 4282
8 46 1071
6 28 7809
1 57 9331
9 11 5504
5 28 7608
10 81 2101
2 92 5349
5 25 796
9 27 9676
8 83 398
6 25 1176
7 30 7213
6 100 3975
3 76 7212
6 61 1713
4 6 2004
4 59 5633
2 88 6586
8 15 556
1 31 7401
10 64 4988
3 57 4271
9 40 1639
10 58 4307
9 8 7088
10 11 4204
1 3 2608
5 83 2872
5 24 712
6 2 2512
2 13 8127
1 32 2920
8 90 1945
1 69 322
6 4 1803
4 23 7876
6 60 1522
3 29 4292
2 87 781
1 11 771
5 90 7015
2 75 2457
5 21 3858
4 28 7370
9 5 6714
7 35 5460
5 5 3929
5 16 2348
3 73 5713
7 83 2953
9 59 9027
5 44 5367
5 16 2153
9 72 9899
5 25 9454
10 79 5646
5 67 416
8 75 4590
9 89 6857
5 47 2802
1 17 7230
8 21 2815
4 61 6363
10 43 1281
6 62 2318
4 89 3044
3 79 4642
3 40 6134
1 71 5911
7 46 113
4 59 8087
9 12 9199
10 85 6121
10 22 5825
3 63 8970
3 61 573
7 43 6004
10 92 9761
5 62 5394
9 70 1099
5 54 9582
2 80 4214
6 83 6565
5 76 3039
9 24 9499
6 65 7598
8 52 1014
4 93 8782
2 99 1171
9 56 5350
3 81 2321
4 37 8724
10 5 9365
2 46 3175
8 25 4979
5 68 8025
3 39 9343
4 15 3470
1 50 2590
2 43 3733
10 53 3331
1 34 7269
2 2 5641
3 14 5463
5 20 9160
3 68 260
6 67 234
8 20 1504
3 86 6193
3 95 8094
10 99 6749
3 40 9741
1 33 655
6 2 5985
5 9 9744
3 29 5883
9 79 946
1 47 7152
9 79 637
1 66 6799
4 12 4823
1 85 8442
1 91 1359
7 63 5722
8 33 9790
8 43 7646
5 80 1428
6 33 1975
1 74 1794
1 55 5054
2 53 5598
7 4 8328
3 91 8301
3 89 6445
8 63 433
6 15 5156
8 93 875
1 17 8289
6 63 7724
10 76 6393
9 7 1944
10 2 6081
9 78 6898
2 59 2799
8 55 3154
9 13 486
2 36 6443
9 18 1416
8 41 3649
6 51 908
3 61 7679
10 20 5179
1 69 5817
6 38 3592
8 17 9482
6 67 4523
7 54 3950
2 9 5415
4 12 5984
1 35 6119
10 61 9328
8 63 6533
8 13 1012
2 43 298
3 9 3635
10 28 7834
4 48 435
5 17 2788
6 10 8103
6 65 4674
8 70 2520
5 10 6914
7 65 6273
5 84 1189
1 68 2876
10 12 9024
6 31 9835
9 88 614
7 69 3983
3 17 7893
4 21 4370
2 66 4480
4 49 5842
7 59 426
4 49 8773
3 64 2889
10 87 2806
9 6 9474
8 96 8393
2 21 2599
1 36 4640
2 22 2619
7 96 6936
10 39 2099
3 17 1502
2 5 2658
3 49 226
6 87 4968
9 30 3317
9 63 274
5 73 2978
3 43 838
9 90 4334
8 92 1739
6 82 5445
8 18 7369
5 63 9757
2 17 2381
10 69 3043
3 17 6841
9 53 1887
1 80 9441
2 90 6925
7 62 9820
9 82 6337
8 53 2968
8 57 1280
3 35 7955
4 19 3668
2 71 4321
4 17 8643
10 55 5620
8 78 8628
2 94 529
8 77 2564
6 98 8087
7 62 9512
6 8 7294
8 22 6698
10 84 6863
10 46 9026
5 85 511
2 13 236
5 83 2475
1 23 3092
4 25 5120
10 11 3780
4 90 2315
9 76 5699
7 24 2442
4 86 8112
10 42 9520
9 88 639
8 51 9512
10 8 5835
5 99 9816
4 18 7052
1 63 1778
9 61 8339
9 63 2019
10 66 543
8 55 1912
9 30 7742
8 55 5394
3 70 3543
7 75 2631
6 22 9381
4 99 7223
10 93 8169
7 81 3534
6 14 4861
9 63 7389
6 24 9533
10 1 451
7 57 4757
4 6 1000
2 93 4440
6 85 8280
6 48 4941
5 23 3157
5 74 7121
8 44 231
3 96 7072
6 71 4276
2 4 4643
4 36 9353
9 87 6209
3 32 5920
9 51 3444
1 7 8101
10 95 3207
6 77 515
4 93 2130
10 52 6113
1 91 3419
4 55 5220
4 87 5761
7 88 7192
2 78 1486
10 9 5075
9 70 5053
9 5 6918
3 21 2558
8 93 9641
2 70 8563
7 63 5855
2 61 3913
10 57 1635
10 29 6163
6 5 214
5 79 8669
6 8 2758
5 23 2310
2 89 7172
4 89 2805
5 92 3261
9 97 7859
3 41 8170
2 33 4809
8 65 3316
9 63 9621
1 84 3290
6 16 50
9 64 2702
8 43 7122
10 10 3267
1 52 718
1 82 5005
9 38 8630
6 25 3666
8 68 8610
4 98 1459
8 2 9584
1 69 8443
3 89 2826
3 73 1272
3 1 8568
9 59 9150
1 48 546
6 82 994
7 46 3672
7 88 4415
6 83 1268
7 18 9061
5 40 9517
5 90 8472
7 86 9862
5 79 7600
8 38 8030
10 36 7558
8 85 9201
3 38 9434
7 43 4302
4 15 1986
9 70 9275
5 80 4615
10 28 4132
3 32 2592
3 95 7163
1 55 9841
3 99 7604
4 82 8379
8 8 4203
10 15 866
7 39 2973
8 84 4698
10 77 1894
7 14 9663
4 58 8894
4 100 5582
8 7 8453
4 61 6503
1 59 259
2 96 2777
7 65 3852
7 89 7452
3 46 905
6 1 1747
7 49 8104
10 45 7374
9 20 5245
9 65 6638
3 81 7632
5 39 8251
4 38 5705
7 65 3973
1 25 2263
8 37 626
10 13 2052
8 30 7150
5 12 7267
8 9 6353
5 100 4241
4 79 4863
9 54 4300
8 80 4585
2 78 4233
7 59 372
7 4 3901
3 31 8442
1 42 8114
3 78 4899
3 28 459
7 7 4623
8 61 1194
1 25 7640
10 46 2786
6 77 9907
4 6 7214
10 91 703
9 79 3238
7 89 2255
1 24 296
10 22 6232
9 58 7318
9 30 8102
1 59 2978
1 46 8326
3 14 2587
4 18 7807
8 8 4530
3 38 7568
9 93 8698
3 10 7108
1 14 5320
10 49 3494
1 83 7377
1 74 9522
2 86 1167
1 73 9017
9 20 4813
9 70 5873
1 13 8047
5 91 7520
3 77 9441
8 91 2506
2 18 4679
4 62 6704
2 46 7636
8 48 4332
1 33 5413
9 81 103
8 79 4344
8 8 3368
5 62 655
2 67 8107
6 11 2942
9 58 4425
10 63 3226
10 15 565
7 87 3528
9 41 6214
9 85 9130
9 19 7630
4 93 2033
1 64 6131
3 4 7562
5 94 3348
3 39 3649
1 49 9740
2 45 4711
3 97 6128
6 40 5132
1 44 3641
8 19 3385
2 72 3145
9 94 2816
4 47 1129
8 55 1839
3 46 9888
2 71 9019
7 33 3242
8 43 1034
10 25 7480
2 95 8615
1 69 7893
8 71 9534
9 84 8974
6 23 416
4 77 5417
2 94 1996
10 93 2688
8 43 584
8 70 2938
1 42 1563
7 5 4598
4 98 329
3 44 805
4 33 6130
9 87 6303
7 72 7568
6 17 5289
3 60 8176
2 66 5318
1 49 4196
7 37 8417
3 65 8401
9 57 4986
6 46 9702
6 91 1366
2 99 1111
8 99 5854
5 11 2581
10 28 7651
9 30 9243
9 74 1374
9 80 2008
2 100 7628
8 24 6210
1 63 2925
5 73 268
7 93 6865
8 24 5395
2 36 5564
2 41 914
4 45 1917
9 43 5304
4 37 8755
9 32 815
9 46 8292
6 21 1379
8 85 8391
6 21 4461
2 71 5397
2 64 3885
2 74 3000
7 39 5172
1 86 5972
6 3 123
10 72 800
10 40 6261
7 19 2558
2 91 7732
3 4 2747
6 89 8649
1 71 8203
6 83 2086
2 71 1736
2 60 4372
8 66 9075
6 68 7997
10 29 2971
1 18 2590
6 91 1225
8 30 4652
1 63 4298
4 67 188
10 91 6231
10 77 7856
6 3 9484
3 76 8613
2 76 1173
2 37 9937
7 82 1935
3 91 3236
3 9 9235
8 46 7206
5 42 2517
5 27 839
10 65 7416
1 33 6930
3 19 1301
1 75 7354
2 18 1358
3 94 8376
1 35 1584
5 36 1217
5 8 9264
6 22 3329
8 2 468
1 60 9123
8 33 5585
8 89 7704
4 46 5580
7 61 7146
3 53 206
1 18 1808
4 84 2015
10 38 9353
2 97 9394
3 26 3457
2 95 9253
1 64 479
3 58 1680
5 89 5378
10 9 2155
8 11 4027
4 87 4366
9 89 6270
7 75 8058
9 1 4811
1 77 6636
2 75 7838
1 77 1136
3 50 4276
2 47 2766
7 26 7001
7 21 8432
10 24 6040
10 20 1695
1 93 4331
1 19 7749
1 100 8722
10 7 9846
8 47 7684
10 17 8760
5 89 9398
5 73 3964
1 87 5906
5 32 8208
7 18 7163
2 47 4317
5 20 604
4 39 7160
6 70 8995
3 38 7282
2 95 7478
6 53 5934
9 45 8962
4 96 1177
6 32 6430
5 38 8691
7 80 4750
2 76 9854
3 55 10000
7 5 7269
10 28 3582
1 70 745
8 25 8755
10 41 8806
1 16 1878
4 89 9941
4 59 2130
6 96 7027
4 20 9468
8 99 1846
1 60 6692
9 16 3399
9 99 5442
2 46 738
10 59 5292
7 77 8934
2 7 6871
2 44 8512
8 92 6872
8 67 8907
6 42 2904
6 3 801
9 24 1638
3 57 9533
5 71 9093
8 67 4097
3 61 3959
2 95 1585
10 89 4502
4 93 2021
9 7 8095
7 69 7379
1 69 4838
10 58 38
9 88 7993
5 83 9946
5 70 8792
7 78 7349
5 48 8354
5 38 2718
1 87 5747
6 42 7619
8 47 3199
2 53 7774
7 36 64
7 69 1159
9 71 8453
5 22 1210
3 60 8762
3 40 2746
2 8 3612
3 64 5728
9 40 3021
5 56 5125
4 42 6066
5 38 3475
8 31 8113
10 17 7925
5 61 3099
3 12 8091
9 97 9100
5 34 1533
9 4 7881
2 12 7778
4 94 9092
4 90 9714
1 56 7465
1 78 468
4 60 7458
8 84 9596
3 30 4777
4 59 6287
1 6 5496
3 95 9137
4 30 6801
4 79 765
9 69 2520
10 40 967
7 3 9314
8 83 8714
8 3 6631
8 64 8578
7 16 8840
10 51 6369
5 90 2870
6 47 5523
4 47 8267
6 89 4081
2 28 6741
4 49 1532
10 63 6874
8 23 9123
2 31 7546
6 33 1473
4 32 3819
10 25 2117
3 13 4067
9 8 1262
1 61 8592
4 31 2068
9 53 1528
1 1 5555
10 9 8953
9 28 8454
5 94 5177
6 46 6089
10 53 5706
1 79 7754
10 78 7593
5 11 5521
1 12 6147
7 71 2404
8 83 3846
9 84 5942
1 68 7354
3 99 464
3 17 4538
6 22 3639
10 49 6132
2 79 5196
6 19 6645
3 26 2442
5 28 3702
3 68 860
8 92 8621
4 2 7489
5 50 7088
10 9 7935
9 79 9729
10 74 1344
2 2 3006
2 60 5731
4 69 668
7 77 3340
4 11 5381
6 76 7020
6 99 8943
3 44 819
7 55 5381
4 74 5644
1 69 851
2 44 4578
1 34 2588
2 7 8903
6 3 4772
8 6 8410
1 62 6816
2 87 171
6 91 6455
1 49 8088
6 1 7341
10 30 4736
1 48 9826
1 10 8653
10 86 2765
10 38 2780
1 38 222
10 32 3611
6 88 2789
5 29 4784
2 97 4552
9 41 7040
1 51 3611
10 8 5536
7 63 1443
4 9 2746
2 26 7551
6 64 1641
7 15 5188
3 100 9003
4 33 8023
6 46 755
3 72 8977
4 29 8884
8 41 2649
1 54 5082
1 52 3533
1 79 8066
7 1 264
5 8 9678
10 59 3969
5 46 186
6 50 9364
2 56 672
9 57 7862
2 19 2946
1 44 5145
8 62 9642
3 17 6262
3 40 4119
6 29 2181
8 57 9729
7 31 5441
7 97 64
4 79 8661
6 4 9788
6 76 7103
8 78 6075
5 57 4052
6 65 2937
6 56 387
6 97 3851
5 32 4053
10 60 6502
7 76 8989
5 14 4502
5 90 5404
6 18 1042
6 44 4551
1 34 7194
6 28 995
3 50 1370
9 2 2956
10 72 6608
4 13 2473
8 81 1639
4 18 2395
2 42 341
2 56 3306
3 56 7794
6 70 3258
4 27 996
3 30 8016
9 86 7739
9 45 8566
9 2 8146
8 29 7318
10 56 1172
7 71 9971
6 24 5599
3 27 3780
1 18 4884
7 51 5043
4 42 1334
5 85 7582
6 92 9993
2 47 3428
8 10 511
3 2 837
1 76 8984
3 26 3140
2 70 5788
5 15 5280
5 49 473
9 26 8816
7 61 311
7 28 655
4 37 9515
7 20 7516
4 59 8533
6 45 73
3 55 4814
1 88 8170
8 40 616
1 57 9114
2 41 1886
9 47 5001
2 18 44
4 79 4353
9 27 7198
9 67 8742
9 19 9988
5 59 5310
5 52 4883
6 74 6753
10 77 7215
5 87 3764
1 42 508
8 5 574
3 4 1352
2 24 9113
4 27 7020
1 60 4573
1 88 5964
7 86 5056
5 83 1258
10 94 381
5 77 8483
4 91 8345
7 24 7495
2 33 3344
2 76 4965
5 64 7358
6 17 2830
1 66 773
2 19 3648
7 35 5263
8 32 2225
1 13 7205
8 4 673
6 68 6068
8 17 4135
8 32 9984
8 63 184
1 1 1347
1 35 9561
3 88 7171
4 21 3977
8 14 5172
7 4 9889
8 17 5089
5 27 4024
5 15 5537
8 7 2578
1 83 4976
7 7 9772
2 17 2170
2 62 8224
5 24 7769
5 55 1915
10 62 1594
4 11 9651
10 79 5039
10 30 4330
4 62 4963
1 7 3523
4 47 105
7 86 3669
7 66 6467
4 75 1979
6 19 7253
2 23 6975
5 4 8118
9 94 5306
9 28 160
9 27 375
5 99 8911
9 58 719
3 93 413
1 77 3007
10 62 8472
1 36 8883
7 62 5679
6 88 4024
10 48 7666
9 30 1825
2 86 5725
1 29 5440
5 50 6582
4 57 3214
6 20 1011
8 32 7237
4 13 7527
7 46 9168
1 39 4707
6 83 5210
6 5 8325
4 6 6086
10 80 1447
5 42 6039
4 37 7177
9 67 2125
7 45 4134
3 18 1315
3 45 4081
10 37 9537
6 94 9706
5 80 6656
3 87 5554
10 61 8071
5 41 8955
9 13 4408
3 66 3260
10 68 3151
6 61 7888
1 24 655
1 24 3535
6 81 5252
2 43 3103
10 87 8773
8 84 1477
6 6 7131
10 70 5784
7 49 5019
2 42 5036
3 51 5324
8 35 91
8 58 6241
5 35 4898
5 51 2189
9 50 8103
5 40 3921
9 43 8029
8 75 1865
3 36 5338
8 68 6489
10 63 211
5 24 5245
7 52 5316
2 74 9047
2 39 7552
8 32 5495
8 28 1747
7 59 9550
9 45 2541
9 92 7394
2 35 8966
1 48 6016
1 20 9623
1 98 4420
2 17 1808
10 54 1945
3 35 7729
1 75 9463
9 94 9719
3 60 8619
4 47 1917
7 31 5495
2 13 528
7 66 6418
6 27 1872
6 12 6990
2 14 5413
3 91 8601
4 49 4623
1 21 7140
9 49 1494
3 21 1941
2 71 7776
10 15 1923
5 57 2188
9 70 2957
5 30 992
2 52 7978
1 65 9983
10 72 4283
4 47 5974
8 49 5218
1 96 9448
3 63 6393
7 26 7988
4 41 9773
1 98 7968
8 26 1719
4 26 3818
6 17 3549
2 49 5199
10 1 6123
9 67 2701
6 45 8655
6 70 6985
4 98 8490
6 43 1924
2 18 7717
5 94 6578
1 1 5982
5 29 9804
3 98 7055
3 4 5826
8 9 2350
10 17 962
5 10 1854
1 79 7346
1 1 5946
10 58 5338
6 2 4816
6 40 1660
9 28 9949
10 32 4179
7 71 3460
1 45 4568
4 5 9792
1 93 3455
8 100 3156
8 94 3760
3 43 7590
4 92 9498
2 56 9149
2 9 892
4 68 4258
7 62 4999
5 88 1163
8 98 6415
4 36 9894
8 59 458
10 35 9861
3 26 7322
6 25 4926
4 79 2025
8 52 1033
2 97 4958
4 87 6413
7 77 9455
1 65 9300
3 40 1406
10 31 5380
4 85 8773
10 8 9673
4 43 3379
7 15 9547
3 15 9449
9 79 790
9 94 669
10 51 2075
7 82 6426
1 87 6460
1 54 2552
9 16 2717
2 92 108
7 93 2642
7 18 5291
3 54 2306
2 64 3523
6 27 3562
5 13 6274
9 74 7846
6 33 8069
8 9 1128
3 33 3916
8 22 2680
2 43 742
9 32 2732
5 86 5510
9 99 46
10 36 2083
4 40 1561
2 31 8898
3 63 2259
3 54 4778
2 43 3774
3 43 1652
5 2 1532
6 74 5685
3 3 9055
6 19 8806
8 6 2198
2 16 236
9 56 2637
1 1 5492
7 10 8970
1 25 8162
7 91 8066
10 27 953
8 95 8209
7 40 5376
6 45 1600
5 73 9856
2 32 5703
8 15 1772
1 13 8779
6 78 8096
6 4 2758
4 57 2620
4 6 5694
8 32 7305
2 83 3729
10 99 6605
8 97 2539
5 62 1718
6 44 7607
1 100 9561
3 12 3808
2 69 9207
6 1 4188
6 68 7963
1 15 8568
9 27 1006
5 91 1493
8 39 4696
6 15 4271
3 47 6408
5 20 6052
3 11 9815
2 70 6083
2 49 2058
6 45 3836
4 87 9843
6 4 8437
6 18 807
8 94 4086
4 17 9885
1 93 1280
8 60 2328
8 96 3790
7 59 5342
3 12 7891
2 21 840
8 49 3349
10 75 7554
8 57 4531
8 49 915
8 36 1443
9 30 1652
8 60 6848
8 60 4111
10 39 863
4 58 306
6 2 6992
2 6 1395
1 54 5216
6 97 7665
1 63 9766
10 84 5472
7 35 8181
9 11 5441
5 2 1856
9 61 3769
3 48 4324
6 52 5906
10 29 9197
2 10 4477
5 39 8807
2 92 8160
5 57 2329
5 98 8518
7 90 9128
8 19 9027
6 58 3827
5 2 3498
1 18 100
5 68 9556
6 2 581
4 9 3202
5 5 3162
2 83 8691
2 100 7478
6 52 891
6 81 3054
7 1 8073
5 48 7331
7 16 6081
7 93 1237
5 94 8268
1 95 1833
7 73 2746
8 47 713
3 34 259
9 53 9229
9 84 1082
2 87 2469
4 27 3199
9 18 9622
4 49 7553
8 76 5528
6 81 2001
1 43 1413
5 66 2938
6 77 6239
8 5 7178
4 7 8758
5 51 9022
5 9 2393
2 14 4675
6 21 74
4 89 1903
4 64 9199
6 74 6707
5 62 5996
3 78 1778
4 81 7746
5 32 2399
7 27 1562
3 52 2043
5 70 585
4 10 7307
2 83 2655
3 68 6247
9 90 6160
9 20 9543
1 26 2551
6 5 9875
4 33 8229
3 65 1957
2 87 1591
10 66 1261
10 18 9952
4 21 8918
3 68 7590
2 86 8347
9 12 1126
9 75 3070
1 47 9617
3 27 7251
6 70 1188
10 52 4074
4 8 8050
5 48 4574
5 83 3551
6 36 1759
5 21 2736
10 22 6822
10 30 5503
2 75 9289
4 11 7645
2 86 4201
1 29 9786
1 14 2692
5 33 527
2 35 8913
1 76 487
2 54 2465
1 70 2908
7 87 631
7 18 3286
2 21 8973
1 69 3007
6 63 876
10 50 2528
2 78 1994
3 96 5977
9 79 5709
2 84 7453
6 43 5426
4 35 7896
3 35 7120
3 52 1321
9 83 7998
1 12 7628
3 94 5419
1 29 1486
9 55 268
6 2 4544
7 27 7814
2 1 2058
2 31 9301
6 73 8431
5 84 2137
8 21 5732
2 27 7240
3 96 4252
6 95 2219
10 97 3128
7 74 3805
7 54 7446
6 65 7494
2 90 3035
4 92 818
8 86 2549
3 79 1666
3 56 4496
2 26 7811
2 46 4685
10 3 1967
2 90 7781
1 31 6119
3 58 9665
6 17 2927
3 23 1408
9 63 4874
8 90 1356
3 93 8666
4 83 6388
7 28 8964
5 55 4372
7 85 371
3 7 9921
4 8 9454
3 86 7511
7 34 468
7 37 5856
6 99 1606
10 38 9400
5 85 144
2 70 3602
1 40 3849
10 8 6753
4 86 6776
10 8 4055
1 27 3959
9 36 6548
3 37 9513
5 89 3243
3 93 2414
1 85 8623
9 86 8019
6 12 4918
6 22 1997
9 32 8687
6 62 650
4 80 4939
6 63 5572
3 93 1430
10 77 1046
6 87 7071
8 55 678
3 26 2467
6 66 2711
5 37 3443
2 25 9609
2 76 9869
10 100 3375
3 56 9887
10 18 6932
3 25 2124
5 89 7284
2 28 4217
10 24 9051
5 16 6199
7 85 1355
1 13 3996
7 82 6004
5 55 3036
8 38 8877
6 92 465
6 80 9758
3 89 6595
6 26 526
9 80 8937
9 87 4433
9 40 7787
7 78 3524
1 84 8223
4 95 4445
2 53 816
1 59 7145
5 5 1819
3 75 125
9 90 2427
8 11 7076
7 26 5092
1 41 5038
3 14 9021
10 57 139
9 80 7479
7 5 9129
3 87 3553
3 85 6780
1 65 1437
8 95 5949
10 100 4483
4 66 2405
9 65 1926
2 86 2064
8 15 866
4 11 9952
7 9 8661
5 10 642
8 58 4164
10 22 4336
10 41 9854
9 16 7413
9 13 4334
9 31 1316
3 34 6033
9 97 2240
1 6 5733
10 95 1957
8 93 7222
9 87 4306
2 5 5185
8 87 4136
8 8 988
6 38 8297
1 24 7948
3 95 2840
6 84 7760
10 46 5828
1 82 2841
7 92 4166
9 100 1716
10 98 4075
7 84 1559
7 50 9216
1 43 8498
10 49 9663
1 91 582
7 39 7531
1 23 1859
4 10 3167
5 64 6611
7 94 2665
7 49 3022
1 38 1675
4 60 5063
3 42 8703
6 44 8121
2 78 8284
9 4 7048
4 91 7578
9 99 4986
7 92 9316
3 58 7875
10 22 6317
6 60 7604
10 88 2660
10 6 3269
8 18 3569
9 52 7706
5 39 3636
4 51 888
8 74 754
9 39 9156
5 37 5946
5 87 8057
5 53 93
3 28 1529
7 20 5254
2 74 8758
9 86 4572
1 9 7050
1 43 8276
9 75 6908
9 39 9073
3 72 2821
8 22 4012
5 100 6593
2 6 7338
6 70 2326
2 87 7528
7 6 2810
8 35 6025
9 89 132
1 97 1547
4 98 8376
9 99 8355
8 53 6737
1 16 1517
10 24 5701
6 43 8370
2 64 4957
7 1 9044
6 73 8218
8 68 9683
4 53 9729
5 22 9849
1 31 553
3 47 9813
1 91 6972
6 80 1815
5 23 5392
6 33 491
7 27 5124
7 82 6191
4 39 8316
5 14 2705
6 5 63
7 13 9982
10 10 9946
6 8 2367
10 54 2074
3 80 1389
2 65 9385
7 42 6950
2 47 3752
1 67 26
3 6 8106
4 85 7853
9 76 8378
1 84 6940
5 60 9529
8 30 8659
4 66 4628
2 32 1540
3 51 816
10 71 2662
4 67 6583
4 45 5171
2 23 2731
5 86 4784
7 2 5872
2 95 7902
8 89 4619
7 68 5869
1 38 3783
2 89 1084
7 8 5507
3 12 2380
5 33 979
9 32 3522
4 99 3433
9 29 4268
9 2 7844
5 11 4438
4 54 9758
8 3 6864
6 95 9542
5 38 8716
5 70 8125
1 98 9447
6 19 1636
10 98 3352
4 53 1504
2 61 7087
1 21 4858
4 88 4124
1 81 3804
7 92 1877
6 63 4246
5 12 5268
10 28 6774
4 45 2665
10 80 5390
3 68 2931
1 65 7618
8 73 7018
3 2 9520
2 50 4495
4 52 6560
8 4 8621
8 4 5985
9 9 8052
5 51 9438
9 85 9694
7 5 723
2 92 2144
5 64 6506
10 38 1823
10 80 5949
8 49 1108
5 84 7631
6 24 1128
6 74 3301
6 68 1474
2 35 4040
1 74 8339
7 98 2415
10 64 5047
5 77 9848
3 32 4740
2 47 6724
5 55 8792
8 51 3747
3 61 2228
9 84 9580
8 58 1002
5 1 151
7 24 3917
2 72 460
2 9 537
6 73 5519
6 78 7869
4 81 2388
1 4 9894
7 47 4776
5 24 2959
9 87 9691
4 14 8472
8 34 2916
4 82 7901
9 75 5138
2 41 3140
6 33 983
10 49 4823
4 39 5821
7 68 7638
6 69 608
6 27 6463
3 77 304
6 74 4986
5 100 6558
10 77 3719
4 63 2120
3 75 2173
5 51 5584
1 68 8641
4 68 9787
2 52 8135
4 38 4342
3 81 3540
2 65 6730
8 96 2764
1 97 7871
9 53 3284
7 89 7071
4 8 9243
6 18 9715
10 48 5007
6 20 2741
1 9 5194
7 47 7251
4 20 6318
2 26 4358
10 10 720
2 96 4491
8 97 2343
7 21 9793
6 69 115
3 17 1602
9 1 8671
4 100 396
3 80 6510
3 77 5824
10 75 3102
5 19 7034
3 24 8782
10 6 2463
10 79 4445
1 45 1661
7 1 1214
2 78 1575
8 69 3625
6 18 3907
2 26 2970
7 71 8957
7 18 8466
6 69 3744
1 28 1925
8 67 8979
9 25 9283
4 27 369
6 18 1994
4 72 7263
8 19 9566
5 91 8731
10 7 9552
7 38 5582
4 7 2296
5 7 6252
9 89 9469
6 54 8029
6 9 2943
10 10 1514
10 92 2304
7 3 7019
10 86 2954
1 58 5465
1 85 7842
4 56 1269
5 8 7662
1 49 3627
3 49 9547
7 20 6518
2 31 6722
5 83 4841
3 100 6820
2 6 6249
1 90 5245
4 14 3339
10 95 7541
8 17 9737
4 52 4466
6 32 7371
8 19 3686
10 2 6710
1 100 5430
4 77 631
9 17 2384
2 99 3605
1 85 2312
6 32 7616
10 6 9700
4 35 4379
7 77 7663
4 18 9215
7 9 9575
7 71 3895
4 1 5976
10 20 4284
1 52 7353
6 98 2115
10 20 779
4 16 174
3 30 8337
2 27 3680
6 22 6283
2 37 7250
4 32 6001
2 10 7150
4 45 3154
4 81 6053
7 29 9688
6 65 1937
5 14 2174
9 2 2220
4 63 6975
2 37 2265
6 95 5008
7 46 3639
1 29 792
6 13 7524
9 46 4667
8 39 1421
8 79 4319
7 19 8203
5 95 4451
6 8 8076
3 60 2964
5 20 3031
2 7 1068
1 23 6834
1 2 7119
4 10 2265
3 49 6624
10 84 3779
4 8 243
7 22 9331
1 81 6949
8 94 9018
3 12 6598
4 35 8920
10 89 4841
3 51 2845
3 19 8181
5 38 1824
10 82 460
5 15 2959
9 46 3408
7 4 4035
4 77 3348
3 69 1330
9 33 9679
5 1 7934
7 60 4533
3 24 3661
8 4 3139
1 75 3990
8 63 1869
1 87 6972
2 8 910
7 26 5247
5 13 7793
9 28 2000
6 25 5426
4 70 5351
10 39 208
8 10 8428
6 70 3585
8 72 6250
8 21 1492
2 21 6768
3 24 4162
3 28 6515
3 79 5561
5 60 2827
4 45 9705
9 81 1204
7 40 8200
8 6 7251
4 82 9967
3 44 18
1 56 4360
3 26 771
3 26 7113
4 89 5603
3 30 2036
9 64 5933
3 24 7642
6 6 3360
7 37 4739
3 71 8970
3 18 5791
6 31 2145
3 94 6403
3 29 3896
4 74 7684
4 23 350
8 43 5947
9 49 8401
1 54 6912
4 10 4752
8 56 1204
6 29 3444
6 67 1206
9 91 3261
4 32 6740
5 70 7227
6 80 2770
6 17 4468
6 3 8578
1 32 4784
5 42 7862
6 14 8102
8 71 1758
6 8 5977
4 21 129
5 50 755
4 23 1492
5 37 9288
6 41 6792
9 96 9119
1 16 7878
3 97 9259
5 48 452
10 34 4964
6 2 7961
3 28 8972
9 88 7660
10 20 4428
6 12 5845
5 18 1734
7 34 4741
10 26 1188
5 41 3933
4 3 5967
5 51 4058
4 49 2155
6 41 8916
10 74 7204
7 32 1962
6 21 3405
4 28 6292
5 38 2122
1 21 8514
8 77 1818
5 5 5799
5 95 7739
3 99 8303
2 31 3194
7 16 2082
10 6 3216
10 16 9544
6 20 4103
3 48 4735
8 64 170
4 82 3845
8 13 7559
3 79 4950
3 31 5752
10 80 3087
8 25 9602
3 6 4920
6 27 4819
1 61 6170
8 59 6617
10 11 1449
5 58 3892
1 4 3839
6 52 4514
4 38 2046
1 77 7510
6 90 163
6 46 7570
8 20 3409
3 68 875
5 87 6463
3 17 3739
8 49 7093
9 91 852
3 42 2550
4 47 451
1 54 1451
6 5 2365
1 46 6348
3 7 5763
4 63 6501
2 8 3601
4 55 522
10 37 9881
2 80 7825
1 28 9275
4 21 6390
7 33 1692
7 88 5436
5 94 1826
4 23 1768
3 67 3569
7 69 8613
2 50 9426
8 47 1463
7 53 3632
6 70 5589
1 39 3467
1 93 3096
5 30 4066
8 57 2393
5 26 9150
5 52 1224
8 5 783
10 19 3294
6 43 7951
5 29 5573
6 27 5604
8 51 7936
5 95 4765
4 70 2853
1 44 2563
1 68 3971
4 77 2018
4 81 5925
6 32 3608
1 50 9490
9 68 1431
2 63 7405
10 81 6448
7 36 4111
7 69 5291
3 12 3710
10 12 8002
6 92 2967
1 42 5847
5 71 9689
5 60 7894
10 5 8501
6 31 6070
9 61 5549
5 39 7085
6 34 1908
1 57 6144
4 11 4221
1 39 7706
8 33 8195
9 78 8237
7 22 9925
7 7 5884
7 94 1450
5 65 8911
9 72 9693
9 64 9597
7 45 5789
3 38 4878
3 16 5367
1 26 5677
6 83 4893
9 64 1938
5 36 5239
3 7 7238
10 78 8188
6 59 1206
5 49 7328
7 46 2843
5 47 4271
4 26 7791
3 60 7042
4 32 937
8 14 4261
10 67 5751
4 20 3408
6 45 6516
1 13 9743
5 9 888
2 10 6329
9 97 5692
9 41 6232
3 13 1230
7 44 7724
6 23 8335
5 90 1896
5 50 2032
9 59 4171
7 14 626
9 79 3942
2 63 682
5 41 6853
3 45 532
5 53 6453
4 30 8147
7 14 8701
8 60 2752
1 36 8363
1 11 9667
10 78 9851
5 32 3870
5 47 6507
4 23 8024
1 56 5181
7 89 5530
5 45 9563
5 32 2343
6 84 8654
2 32 2291
2 90 4186
7 72 5898
2 60 3627
4 79 5507
2 34 2899
6 32 8132
4 88 6553
6 59 6890
3 93 2751
7 56 9284
6 66 905
3 53 877
5 77 1096
7 4 7224
9 2 6189
6 64 4417
4 84 1102
8 51 80
2 18 8428
5 11 207
10 24 65
4 30 5841
6 39 5646
2 68 4220
10 28 2569
10 72 8902
3 96 3049
8 95 2943
6 15 7468
6 83 2822
7 100 1453
10 35 4755
4 32 816
3 37 7786
2 65 5980
10 48 7813
9 64 8752
2 41 9595
9 12 5667
6 52 2844
9 86 130
5 98 6427
6 47 749
10 87 4689
5 72 546
6 66 139
1 93 8119
1 39 3693
9 19 1985
1 36 7380
2 65 1436
8 62 6632
1 3 5268
9 70 7172
9 85 6453
9 6 838
10 70 7398
8 35 1729
7 46 6257
3 12 980
7 89 2465
8 34 8845
9 69 523
6 81 3319
1 80 9567
4 58 4716
6 49 514
9 85 9695
2 31 2974
10 99 1520
5 33 1843
6 13 2266
9 46 1553
1 5 9451
6 70 5871
3 66 9413
2 64 4854
6 89 820
10 48 8499
7 99 358
3 64 2501
7 16 4350
2 64 1802
3 59 626
4 13 6529
5 7 5230
5 72 5852
2 51 6438
1 69 4897
1 23 8349
3 38 9940
4 88 4147
8 52 1912
10 97 4412
2 73 3348
5 15 1178
8 95 6581
6 11 3855
3 80 4556
2 86 5914
2 61 6268
4 9 94
6 88 3941
6 37 404
10 30 5049
10 51 7369
4 15 8085
3 20 1514
6 28 720
10 71 1563
7 34 9318
2 1 4253
9 11 7955
3 10 6156
6 7 8854
8 50 936
3 2 9637
5 89 7011
1 54 1042
4 36 7667
5 40 7916
2 19 2343
8 59 2199
9 56 336
8 42 3351
6 3 4199
4 33 952
7 48 2147
5 30 1673
6 15 4877
6 16 9962
4 34 8094
4 68 7689
1 76 1145
3 64 1920
9 93 9828
2 24 4188
9 4 9936
6 75 2423
6 73 7836
3 84 1457
7 22 721
2 7 2059
1 53 8788
5 88 6417
4 69 2303
3 66 6875
10 9 6759
7 44 5981
4 59 286
8 71 4714
7 54 5288
3 34 6697
5 33 2710
5 11 5981
8 62 4076
4 89 2080
3 32 7068
10 52 4821
4 88 9443
9 86 263
10 96 4333
3 53 7370
7 24 4877
2 94 2682
2 27 4847
1 65 1438
9 77 5182
3 66 4533
9 97 4111
7 35 3575
8 57 5901
4 33 2935
9 20 2008
3 73 8808
6 88 2957
2 26 9896
7 55 769
5 28 4108
2 68 532
7 5 6279
8 9 9609
4 76 8249
4 12 6830
10 43 3432
8 78 1590
5 39 3634
2 83 9889
5 97 8230
4 84 7554
9 77 9585
2 86 8284
8 47 2387
2 47 5683
2 79 633
8 54 2246
1 10 1585
2 19 7634
2 73 7887
4 45 5568
3 76 7641
9 93 3829
5 87 8514
7 55 4654
5 25 3597
10 69 1455
1 84 2704
9 25 910
9 15 1976
8 21 2526
4 69 5505
2 74 2597
1 35 3950
3 85 650
4 46 8453
4 88 7397
6 45 2822
10 67 2506
1 49 717
4 51 2987
7 87 1841
7 3 2857
5 18 8036
3 24 7933
8 95 7399
5 8 9545
1 84 6456
6 38 8189
4 8 9231
3 15 8830
2 82 6827
3 20 5163
8 33 9758
9 87 1469
3 67 6939
7 1 3124
2 16 9357
5 44 2583
10 51 3592
1 16 8872
5 37 9515
10 53 7347
10 6 4879
6 19 7893
4 23 6405
8 3 853
1 99 2462
8 94 6899
5 81 4108
10 27 2107
4 41 6277
3 45 6223
6 61 4464
2 41 2795
3 62 3418
8 96 105
3 13 8576
10 62 3774
8 95 7309
5 49 1265
10 75 584
8 61 6343
8 32 6641
10 33 940
9 7 340
4 69 147
8 23 5627
2 90 1790
5 83 2545
1 56 7518
10 91 8511
7 56 7057
4 8 3382
7 25 7013
5 37 6912
5 99 1798
6 24 9052
10 20 2090
8 50 962
4 42 5508
10 24 5446
5 57 258
8 49 6694
5 18 512
10 67 7480
8 64 5384
1 22 5900
4 13 9613
1 46 2796
8 52 3043
8 76 5935
7 35 8270
3 33 9377
8 84 429
9 72 7334
9 73 7192
10 38 7742
8 35 2806
4 15 8384
2 20 4009
10 59 9088
7 12 1398
4 20 6084
9 45 1356
6 17 5638
6 47 6143
4 35 8038
7 37 7879
1 7 2072
9 81 2772
3 86 8723
2 10 2691
10 83 227
2 45 8030
7 92 4850
3 99 8263
2 16 259
5 49 3850
7 24 3186
1 95 8988
1 46 4212
10 72 5321
1 91 818
8 74 3892
6 3 842
6 7 9656
1 16 1692
3 38 775
2 90 8282
5 58 5476
7 86 7691
10 30 9557
3 40 136
8 74 143
10 30 4959
8 28 9468
1 25 1578
6 87 7483
7 42 8181
9 82 9634
5 15 4329
8 79 7844
1 46 4669
5 8 4856
4 8 8540
7 70 2455
8 68 4773
5 37 1515
8 74 6253
9 37 3469
2 52 8807
8 88 9996
2 14 8440
6 50 8379
10 5 8888
5 29 7311
3 87 1306
4 71 827
5 45 8102
10 38 1799
6 36 8367
5 70 7849
2 100 3833
10 31 2071
5 10 4972
1 18 6748
1 57 4728
5 11 6922
5 82 1565
8 1 5537
5 10 8552
2 76 4245
10 67 4633
3 3 2656
10 69 101
10 88 4689
1 25 7561
6 88 3676
10 87 7596
1 29 1360
7 89 3220
5 70 2496
10 73 7807
6 89 4178
9 87 1121
7 84 8685
10 35 5874
10 48 248
3 83 8968
6 16 4558
10 58 2709
8 44 5831
9 77 7528
8 75 3183
2 65 4909
6 49 2614
4 77 1850
7 84 1413
8 5 1850
8 16 7299
5 27 2504
5 48 3126
9 90 147
5 80 3106
7 33 8175
2 46 5535
6 13 1966
6 91 1352
1 7 2759
7 59 9536
3 15 9962
10 78 6898
7 80 6467
5 51 7351
2 56 4791
2 100 2939
4 23 4564
5 70 9581
6 72 7588
8 43 1808
3 12 8680
1 63 9987
10 38 6256
6 62 5763
3 83 3364
7 87 4809
8 53 8543
6 91 3898
4 95 4533
10 58 6737
4 80 1919
1 62 1468
2 53 498
1 33 9883
8 93 8460
7 47 3337
4 4 4817
2 28 1857
9 34 1366
6 50 8701
8 79 3940
7 98 6092
8 55 6764
6 51 2127
2 97 7147
10 77 7502
6 22 6718
1 2 3729
6 41 5385
2 16 2582
1 76 5209
6 78 8368
2 63 497
4 77 5697
8 92 2036
10 11 2072
1 68 7162
10 50 418
6 65 4547
2 57 3342
1 12 3864
2 50 886
2 70 8435
3 25 7864
2 85 2732
1 45 4124
4 82 3227
3 18 1141
7 42 9073
7 32 8183
7 97 487
10 82 5469
5 86 8199
5 43 3196
4 93 7480
9 55 2713
7 2 7503
7 86 1275
9 69 6003
1 51 8716
2 45 2712
9 37 4103
3 57 7630
5 63 8603
9 62 8459
3 10 5999
7 69 6476
10 20 1991
8 94 8549
3 51 4189
4 53 5917
6 54 8540
8 19 301
6 98 9520
6 93 9431
3 7 2609
4 95 673
6 9 7164
10 72 570
5 98 7136
5 86 2035
2 22 8417
7 92 2534
6 89 6128
8 19 2347
6 35 7194
6 85 6990
1 46 9891
7 86 173
9 97 5454
2 50 4613
7 12 7036
8 75 4307
2 30 2087
5 94 9899
7 32 618
2 24 1518
8 47 771
3 34 99
8 74 6245
5 81 4212
9 16 3286
6 5 9093
9 65 1410
1 73 4530
6 20 9915
10 26 688
6 55 3336
5 88 2488
7 50 6755
5 57 2764
1 86 284
2 3 2185
3 53 7615
1 47 4388
5 74 215
3 93 8128
9 43 1973
6 65 3239
10 25 5491
8 68 7064
10 95 6923
1 23 3604
1 2 6677
10 35 8722
7 20 9511
8 62 3576
7 69 5434
4 13 9709
6 14 2153
1 88 603
2 81 6002
6 17 1660
1 20 862
6 86 4285
8 52 8852
10 93 224
7 1 2744
7 24 6392
1 53 8285
8 48 9057
8 95 4473
1 47 7621
1 9 5692
4 78 5775
1 17 8584
1 79 1396
6 13 4244
3 78 7284
7 13 8351
7 19 438
9 95 4868
4 93 6543
3 94 4692
6 47 4760
10 92 8397
8 23 7450
3 28 2756
5 100 6823
1 63 2800
5 23 5739
8 8 9672
4 99 9498
8 22 6756
3 96 4567
3 56 699
6 15 4112
5 28 9708
4 11 6293
6 40 7684
3 1 5920
6 86 3159
9 77 6552
4 71 1871
7 73 7737
3 72 5891
2 6 3125
8 19 4407
5 10 4156
4 77 8878
7 15 8447
1 25 7945
7 96 5621
9 60 8232
1 24 8093
5 30 6723
7 44 4798
9 94 7692
2 5 7581
8 98 7160
5 84 1600
1 20 3345
2 19 5607
5 96 3834
10 17 2333
9 90 74
7 16 4491
7 51 4573
4 23 7460
1 14 2135
8 38 1341
4 70 5443
4 10 374
1 48 2876
3 56 4821
8 18 8657
6 47 264
3 41 141
6 70 650
7 54 6509
1 77 8307
7 26 2426
3 54 6684
3 54 7024
1 90 9105
7 30 9859
6 15 5926
3 40 7607
5 68 7015
5 2 7766
1 53 4766
1 95 7020
6 70 802
6 57 2837
6 98 923
9 91 7979
10 44 1710
8 19 7044
1 87 7634
3 98 5877
6 41 7543
3 23 7776
10 16 7118
3 23 1660
9 25 8736
3 93 6766
3 69 6417
7 35 2483
3 94 1825
5 13 3650
2 28 2193
6 73 9695
9 70 4231
2 41 6883
4 44 9734
8 95 8873
4 33 1947
5 54 7357
1 67 2461
3 93 6418
5 9 4467
5 72 2802
6 3 9766
9 5 7776
1 46 4689
9 22 2601
6 70 2600
1 17 1880
10 95 4128
7 65 8546
7 64 4651
1 24 8217
9 84 7003
2 31 9063
2 26 2175
6 66 6272
4 56 263
4 33 8293
1 50 9714
3 77 2551
9 67 9747
4 91 6272
3 39 2389
1 82 5568
5 26 5631
5 15 9566
5 19 4749
9 73 4155
8 20 9869
6 93 7905
5 70 9668
1 14 9111
5 63 5774
1 70 6198
4 65 3821
9 58 3198
6 38 7104
10 63 6997
4 73 5814
7 39 755
1 6 5605
9 8 6608
2 86 8337
1 34 2299
10 10 1939
8 92 943
2 81 2062
5 62 7750
7 5 780
1 30 7016
10 73 1693
5 82 4824
2 82 5358
6 93 5901
10 44 4164
9 75 9037
10 55 8522
9 49 8337
6 27 4889
8 48 3788
6 36 7290
1 87 5065
7 41 435
2 42 7200
5 61 788
4 27 4625
6 46 1259
2 90 7796
7 7 7287
1 91 9187
1 40 1176
5 23 1523
3 5 8646
10 72 1477
6 72 8130
1 76 3035
1 65 1147
1 73 1058
6 76 2992
1 33 4422
8 91 1149
6 90 663
1 27 676
6 80 7145
5 51 9734
8 68 7097
4 9 2092
2 47 6726
5 85 2685
10 61 6058
6 11 3111
7 6 3186
7 21 6840
5 40 2669
2 80 3630
1 11 1473
1 6 8123
2 7 117
6 76 9479
9 96 2280
9 1 9707
5 20 4030
1 91 1161
4 23 9188
2 6 9507
2 65 5807
4 10 6825
3 18 6540
6 93 7297
1 90 488
5 45 2957
1 73 6982
10 12 6158
6 30 7675
8 60 39
1 31 3716
4 71 7402
4 46 5275
2 54 2006
1 59 4642
5 25 6531
1 85 8016
2 97 2653
4 71 8274
3 91 5635
5 42 7225
1 1 461
1 39 2238
7 60 4251
8 70 3875
1 73 217
5 15 5750
9 29 8523
3 81 1365
5 76 3615
7 43 4979
5 42 1326
3 49 2264
9 4 8208
6 57 238
4 58 7912
9 72 7896
1 88 7317
10 62 5663
2 70 4513
3 68 9211
1 98 3340
7 69 922
2 71 729
9 34 6705
7 55 5179
9 86 5962
4 24 8395
4 14 5836
7 36 7923
7 59 1250
7 80 5691
9 33 6642
6 99 1450
7 97 2611
1 19 7587
9 1 6052
7 26 3686
10 54 2663
3 86 6824
2 66 4459
5 83 4663
1 80 7151
10 87 9473
3 95 6888
8 6 2898
5 95 340
9 35 6138
9 63 4157
1 16 1395
8 97 3301
4 70 6041
6 79 7774
5 53 2883
4 51 5070
2 72 8297
1 56 9991
10 35 500
4 32 2872
1 47 3833
7 57 7883
6 22 4517
1 16 6308
10 58 9190
1 62 7445
1 66 8063
7 9 1926
6 10 4585
2 41 3472
9 30 1424
5 40 243
4 13 6769
4 24 5469
9 44 2771
10 24 845
3 27 6236
7 38 195
7 84 6564
1 89 8433
2 54 9972
3 37 3676
7 69 9216
2 35 5231
6 29 3765
8 38 2491
5 4 6426
10 98 1971
4 67 376
6 90 3411
1 87 9048
4 28 9745
3 88 7749
7 10 1979
8 27 2057
2 33 735
6 9 4418
6 55 6675
2 20 8720
8 87 5466
2 11 8905
1 99 3675
10 17 6168
9 62 4200
9 68 8187
10 19 4362
1 20 2282
1 89 7017
3 98 4171
6 50 7459
8 41 4118
6 71 2363
5 10 6780
2 68 1501
7 97 1697
5 75 8927
3 27 5463
8 52 1143
3 97 1201
1 42 8107
10 94 4011
2 64 4602
2 27 3125
7 36 763
7 61 3471
7 62 6767
5 24 581
4 82 6719
10 62 2641
9 62 2290
2 3 5882
9 88 6146
1 87 7187
2 21 7112
2 41 8699
2 50 503
3 30 5902
5 77 722
6 11 2649
5 73 7771
4 30 395
5 79 7427
4 82 8073
2 57 2278
6 93 5041
5 50 2981
4 33 2127
8 4 1956
1 1 9768
8 35 5930
9 20 3539
9 87 405
7 9 2923
1 61 1942
7 48 8894
6 75 5072
7 26 4733
1 91 5074
1 98 1008
6 85 9086
3 45 5377
10 74 4606
4 89 7167
9 79 1796
6 99 9652
4 5 6011
6 88 6533
3 43 1994
8 86 1510
6 67 9175
8 81 7410
6 89 9257
5 74 560
8 82 8832
8 20 5666
2 36 5724
4 97 4041
6 89 5938
2 54 395
8 3 7209
5 75 6033
10 32 8210
5 63 404
1 57 3932
3 6 9931
3 75 4360
1 46 985
3 60 2961
9 51 133
6 40 8046
8 41 7857
9 69 9172
1 6 9333
9 98 4586
2 78 7642
10 51 1972
2 45 8433
2 5 6548
2 96 9530
2 38 9185
1 59 1799
10 7 1737
8 49 9219
7 49 5298
10 26 3344
9 47 4277
4 54 8603
6 48 6972
1 42 6227
2 31 2566
2 83 6697
7 55 9878
3 53 5570
6 22 1460
5 89 4935
4 71 9101
9 97 8602
5 48 9396
10 100 9318
4 8 1975
5 84 8704
1 85 2067
8 16 8970
6 76 6943
6 92 2234
5 85 1820
1 68 9549
8 24 6530
4 36 1091
6 85 4128
3 89 475
6 60 2422
8 28 9569
9 86 7088
5 82 1063
1 80 5587
5 72 8853
4 98 3493
4 15 9335
2 70 3322
1 45 7943
1 7 7328
5 9 7696
5 63 3686
3 6 2690
6 7 7708
1 18 2937
6 62 9554
7 48 7325
7 53 9706
1 91 5791
4 25 311
8 99 5403
5 22 785
10 40 8252
2 62 7108
2 83 6303
3 63 1043
3 48 6989
9 51 8468
1 43 3501
9 9 2352
2 83 6907
9 66 6150
2 75 8762
7 44 5029
8 19 9498
6 80 9916
6 70 5732
5 4 319
9 4 1701
9 5 1994
8 26 8006
3 69 771
9 85 8393
1 89 4961
4 52 8906
8 93 7990
9 24 958
1 35 1427
1 80 2229
1 71 3899
2 29 1189
4 28 2006
10 17 7112
8 35 9037
10 93 2969
9 35 5126
9 16 4167
7 57 3939
3 43 7700
3 81 7157
1 76 2582
7 61 1579
9 60 188
3 24 2045
1 28 1947
4 85 2885
6 84 6853
6 2 9354
3 47 3908
1 62 1359
2 16 9616
2 44 4132
4 61 139
7 41 9056
6 13 5103
2 29 2625
2 44 1731
6 52 8949
1 85 9672
1 29 8360
1 54 995
3 89 3444
8 4 2612
7 40 9420
4 38 265
4 73 5040
10 88 1656
6 7 1315
3 77 8205
3 33 8080
1 21 5796
10 44 2130
7 90 4819
2 50 2487
3 32 2462
6 34 5788
10 16 5900
8 83 5203
6 26 659
1 10 8885
10 95 6197
7 17 926
3 2 6251
2 10 2760
2 67 9177
1 65 586
8 48 4075
2 14 2493
3 93 5907
9 89 1595
10 22 9034
5 91 4707
9 16 6659
10 81 8434
10 85 8630
3 52 4723
2 90 7985
2 38 9443
2 50 6958
10 12 8059
8 8 8300
6 83 9011
7 87 4991
9 22 7928
7 62 774
9 25 1630
1 4 4837
3 65 3285
9 90 9505
8 86 6190
5 83 2815
2 74 4881
9 91 530
2 13 7239
8 30 6769
3 100 4845
9 47 6277
5 81 1405
2 80 9926
9 98 1864
2 54 6667
6 86 9149
8 71 983
8 86 6741
10 85 4167
3 1 2199
2 34 1688
10 24 4179
9 23 8582
3 42 3922
8 73 9318
10 93 4531
7 8 2302
8 40 1009
5 88 8824
3 92 1319
8 7 4195
7 79 9051
4 50 7516
4 80 6272
1 84 6333
2 49 11
3 40 5382
2 68 5350
8 59 185
6 70 662
2 87 3772
9 70 8554
6 72 8813
5 37 7796
4 20 1794
5 55 7062
3 19 7450
1 12 9355
10 30 7037
2 43 347
4 56 2089
5 64 4175
7 77 4628
8 99 2662
2 16 4218
1 70 4169
6 40 960
3 22 979
4 95 2567
1 26 4853
6 5 956
3 2 6742
7 57 2735
8 88 1076
7 47 2665
4 16 3302
5 78 4157
8 83 4501
2 71 6388
6 45 6640
6 33 5726
10 4 2949
2 76 8802
1 48 6965
1 93 2979
4 96 4415
2 30 5147
7 33 136
1 57 1869
2 60 8586
8 8 2496
8 35 8771
9 76 7285
9 3 4973
3 32 9238
5 83 4719
9 53 6304
7 87 253
4 67 1513
7 53 1748
3 30 1536
6 88 2423
4 24 4916
1 19 3719
4 33 6650
1 83 2622
6 11 9360
6 55 8195
1 90 6921
7 100 1871
7 44 2878
5 84 339
6 23 4729
7 55 5688
6 54 5694
9 66 1285
1 14 8602
2 26 5744
9 57 2235
9 68 6569
1 65 8476
9 28 178
4 75 3943
1 42 3954
2 79 4249
4 77 4559
1 48 5421
8 21 5013
8 94 9534
2 13 3298
3 5 4606
2 97 765
8 92 8232
2 10 3409
2 52 6562
4 76 9570
6 67 1731
7 13 191
9 4 6572
10 99 1416
3 68 7763
5 79 2036
7 72 5394
5 44 5206
7 54 7931
5 98 4347
6 69 9717
8 61 7665
10 63 4299
10 20 4495
3 82 4569
10 56 6785
8 44 8444
6 61 9722
9 99 5508
1 60 1963
8 12 1608
9 22 7404
8 35 2177
10 26 5796
3 43 2381
3 33 3044
6 89 676
8 57 1762
6 37 3603
5 40 4166
2 55 9683
4 39 8776
2 77 403
9 24 4671
9 22 9783
8 8 8193
3 78 2265
1 52 309
5 25 8727
1 91 6001
9 65 8435
8 62 5050
5 67 1608
4 41 3264
10 6 460
9 15 680
5 98 9874
9 6 5040
6 46 3159
2 4 5650
3 83 6464
5 59 2161
5 30 8832
5 27 9870
7 54 2756
1 49 9886
7 34 5744
6 53 4122
7 51 3929
10 71 2187
7 96 1817
1 13 8161
5 39 2445
8 14 2768
10 10 9064
6 67 6930
2 83 2455
6 16 1157
2 52 8930
7 40 6505
10 61 5480
9 38 1652
4 53 8404
9 42 1319
10 28 1198
5 3 8112
6 96 8634
9 98 2789
2 72 892
4 33 7124
2 37 9137
1 69 4716
6 47 1623
8 81 5220
6 37 1075
4 24 4521
7 77 775
5 64 6562
8 60 7039
2 86 7698
7 69 4647
9 1 6619
9 60 9806
4 73 3369
6 12 9176
4 15 1152
6 77 5778
8 43 7874
5 99 7833
5 79 6859
10 29 206
1 98 778
9 96 812
10 87 4881
4 98 9330
3 50 3872
9 62 3773
7 70 3235
2 64 1853
4 74 9152
7 81 2690
7 94 9561
9 19 5945
9 26 9660
2 39 1708
3 51 5578
1 15 4013
1 64 1503
2 19 2609
10 26 2484
8 45 7448
2 40 5486
10 68 5513
3 57 1476
10 2 1463
2 17 6423
1 1 9431
1 55 9096
4 92 1535
8 98 5497
8 17 9054
7 48 5789
5 67 689
9 11 50
8 14 7976
4 22 4580
5 89 7416
10 4 8294
10 40 3746
5 31 5954
10 99 2817
7 29 9526
9 32 4854
4 66 6048
8 5 962
1 55 8255
5 96 4448
3 89 9412
3 28 1082
9 25 7543
10 3 9961
4 56 3997
7 54 8510
5 70 2747
1 99 7164
9 31 6992
1 99 5225
6 48 6548
4 7 8639
8 88 9085
9 57 2850
10 33 4904
10 50 9611
2 8 3119
8 99 95
7 77 7898
6 51 8210
4 1 4821
1 91 2610
6 64 4234
7 45 6798
5 69 8064
6 40 5851
9 2 4284
3 38 2868
5 88 2959
8 69 2000
10 36 4007
3 19 4625
10 37 7367
3 3 4964
7 99 9032
3 68 785
8 77 5470
8 87 1886
5 69 1061
3 50 1544
2 24 5897
10 74 3011
6 93 9397
8 88 8916
8 3 3331
8 35 838
7 8 9194
1 37 6645
1 68 6128
4 5 4634
7 17 8265
6 98 2226
4 22 1758
9 69 4539
9 46 2852
5 69 2847
3 26 4770
6 54 2303
7 62 4056
1 8 3957
8 29 9634
4 61 7157
10 11 3499
4 84 1277
2 92 5518
7 62 5368
10 80 8349
2 13 2919
1 84 3258
1 40 9998
6 77 5943
7 77 8534
8 42 6358
6 26 5903
2 5 9552
3 3 1119
1 87 4612
7 24 577
6 100 1704
3 41 3679
5 80 9274
8 31 7405
9 70 6682
1 58 8290
10 56 9564
8 48 1743
10 46 8161
8 17 2009
10 24 6634
2 98 2716
7 2 4004
1 51 3315
10 94 6919
8 25 706
4 62 1634
6 28 7650
10 23 5789
8 53 1920
5 45 1996
7 82 2980
1 13 4743
1 96 7800
2 31 5819
1 41 1777
6 67 1490
7 33 4586
4 94 8240
6 65 7893
3 71 9284
8 69 3331
10 22 5075
4 49 3620
9 24 7478
9 91 4175
3 4 4940
4 30 9039
7 69 8780
10 79 3961
9 56 1095
6 25 6313
2 50 769
8 27 485
10 38 8185
10 35 4897
10 54 9507
3 76 2360
10 19 9090
3 10 3986
1 41 2224
9 4 5616
8 40 2164
10 80 5063
8 69 5969
3 49 6288
7 13 8685
1 83 5405
6 38 6716
9 4 5179
10 6 6426
2 35 6295
5 30 9648
8 76 2521
3 31 261
8 79 2307
10 62 4107
9 56 6387
10 11 1833
10 31 3132
9 27 7378
1 68 7900
6 35 7844
9 85 7706
10 9 2537
4 57 9553
9 8 5146
3 38 3034
10 46 6319
6 6 1810
10 24 2162
4 80 7329
1 88 9300
1 79 9587
5 33 2149
7 73 6826
3 44 3694
3 15 1238
4 21 5598
6 57 6580
1 86 1681
9 69 4576
10 16 8181
9 13 2091
2 53 1320
7 84 4290
5 7 2972
3 91 2773
5 90 9868
4 6 8145
8 77 5815
6 33 6406
7 10 3538
2 27 7416
3 51 8483
10 32 1374
2 28 1599
7 53 8479
8 28 736
8 42 5235
3 27 6467
9 34 4746
6 42 3788
2 44 7946
8 36 5446
10 3 3218
4 23 348
1 21 8059
4 12 8137
10 1 1300
9 76 987
10 61 3151
8 56 625
4 91 1299
4 64 4255
4 53 3006
3 98 6318
1 79 5380
10 26 601
5 32 6364
10 47 5388
8 42 7590
3 66 2729
4 32 6768
4 91 861
1 75 6483
8 29 1978
8 92 2982
10 75 8786
3 69 9642
3 35 611
10 44 8334
1 19 6897
3 90 9271
5 4 4342
4 7 4886
1 44 2814
1 98 1066
10 12 8474
2 80 845
1 26 8921
9 29 5581
2 31 70
4 27 5825
6 66 6350
2 81 3703
8 77 3997
4 29 456
10 11 2827
6 75 2373
2 73 7438
2 42 6478
6 96 8531
2 21 9640
10 93 1149
7 94 8907
7 8 9194
7 68 3237
6 32 8330
1 45 4736
9 9 8714
2 18 37
4 83 9824
6 33 2706
4 65 9653
4 99 2498
6 22 7832
5 55 3346
10 35 2582
2 12 9879
4 42 1049
6 73 6772
5 14 7356
8 74 5757
2 27 9183
7 58 9850
10 14 8652
7 74 192
3 1 384
5 53 8442
7 90 4791
4 46 5769
6 56 937
8 39 7011
5 94 8033
2 2 2887
4 44 2977
4 81 2200
8 31 5908
6 38 5856
2 29 6246
1 99 9809
1 79 2197
4 16 2601
6 30 3637
5 82 3947
5 33 8040
9 59 241
7 89 2061
4 11 7135
8 82 548
3 42 7287
9 40 9409
6 67 3869
7 85 1047
10 72 2495
7 14 9489
3 10 2277
5 81 1774
7 40 3646
5 30 1965
5 13 5839
10 26 1887
9 37 13
4 81 9597
9 75 8403
10 70 4139
7 66 3939
9 8 6872
1 35 493
8 18 1067
8 56 7628
9 27 2158
3 13 2200
5 20 5118
10 46 4515
1 65 1400
10 41 8973
3 12 5178
3 45 646
1 25 3121
6 93 583
2 24 6010
3 14 2466
4 92 7031
9 71 6640
1 22 1611
5 11 2863
1 32 4559
9 96 1737
3 32 5120
3 24 6924
6 31 6795
9 43 5271
9 28 953
4 37 4521
4 29 6430
7 48 6995
6 29 3660
8 42 6669
3 72 1302
10 14 4404
8 92 2710
4 7 79
8 33 7685
1 90 9972
7 74 5366
10 53 5763
9 53 830
9 58 3325
9 94 8221
7 28 131
3 99 5863
8 80 7456
9 62 900
4 70 9708
7 22 2376
4 31 2664
4 39 6514
7 26 9118
3 29 2794
6 78 8619
1 26 1708
8 67 4854
8 100 7356
7 47 389
9 72 55
8 22 9032
6 51 7277
9 35 1509
5 64 7073
6 77 7470
4 78 742
1 100 9026
1 8 3180
4 3 4131
10 33 7086
10 24 554
8 80 2517
8 54 6983
7 13 7921
5 8 80
1 74 1062
5 99 8487
9 71 596
1 54 9571
6 6 3901
7 27 8955
10 91 6090
7 70 4514
1 95 5694
9 28 239
2 40 8087
2 79 1667
9 15 6400
2 65 4463
10 59 8040
1 12 6215
1 20 1699
5 87 2439
5 94 7004
7 3 3401
1 59 4723
4 51 9442
6 33 5085
10 59 8934
4 41 4035
10 24 8942
5 99 3477
7 23 2233
1 56 1653
7 57 1825
2 48 5619
5 42 5690
10 78 325
8 24 5169
7 53 8657
1 83 3336
2 53 5895
2 51 5448
8 43 4269
3 83 4492
7 3 8057
10 68 7649
1 64 3895
7 50 6207
1 13 548
5 15 466
6 66 6437
4 88 3832
8 58 836
7 43 7465
9 93 5050
6 92 785
6 100 1876
7 7 7294
4 76 512
8 73 619
2 80 75
4 6 7154
7 76 4107
4 40 6233
8 97 7751
6 4 4800
6 71 5237
6 87 6620
4 35 7996
3 95 1427
8 25 163
4 32 8702
6 42 7954
7 76 9091
1 28 2537
3 3 6143
3 66 3104
8 92 7657
6 87 5571
3 23 6832
9 42 3860
7 56 8963
4 68 7375
1 46 9286
7 77 5737
8 19 3566
2 97 119
3 36 5526
9 66 359
9 71 2551
6 49 4137
8 2 7896
4 74 1616
6 16 2668
10 61 8029
3 61 5350
5 53 2614
1 55 4102
8 13 2377
6 87 6429
2 24 6520
1 58 2144
4 61 3483
1 47 4971
9 69 9008
9 64 778
10 37 3138
2 58 9450
10 24 7126
1 73 3535
8 45 2905
3 3 5667
8 22 6132
10 34 525
1 19 8648
7 12 932
2 18 3397
5 53 7287
10 7 2016
7 17 8045
1 91 1135
5 25 2082
6 63 7497
6 78 4804
1 14 9542
5 48 6488
5 44 8119
1 78 4550
6 86 2849
6 65 6544
7 28 9779
2 79 744
5 5 3263
7 85 8438
5 46 227
8 64 5274
7 99 1198
8 18 2221
7 98 1737
9 36 4175
1 17 1169
1 93 2121
1 43 2275
4 67 7011
9 35 281
9 74 6038
10 7 9145
5 73 8731
6 3 4207
6 68 439
8 98 8445
1 81 5745
8 87 6131
9 52 8774
8 84 8081
7 16 843
1 13 691
5 76 6042
5 13 3025
8 57 6584
2 18 8225
3 14 2568
5 81 1709
8 80 5790
6 48 8586
1 44 7812
8 14 6674
1 98 97
2 74 4895
3 49 5179
1 26 1317
1 70 6686
1 30 3998
4 81 6819
10 58 3872
5 29 2042
9 28 6982
8 90 940
4 91 5725
1 63 5377
8 20 7541
5 52 433
1 11 8710
10 4 8956
3 92 5202
2 81 4390
9 40 4608
9 58 1195
8 53 2554
5 1 3296
6 79 4835
4 7 333
5 20 6048
4 57 7371
4 26 7121
6 41 9259
1 78 826
1 83 1594
9 61 7691
4 62 6158
8 68 8349
8 82 2435
4 16 2449
2 39 6945
6 93 4879
7 55 3663
4 11 2654
9 41 576
4 54 179
6 17 1213
7 3 6473
3 48 1919
4 43 8132
1 23 4472
4 56 6180
8 24 7241
2 74 7260
5 24 9712
9 2 5502
2 34 5322
10 52 3087
3 98 4387
2 95 8930
1 7 4658
3 27 3305
7 23 2137
1 66 589
5 8 7060
6 3 2572
4 70 7997
9 11 8166
1 45 5472
8 61 3189
9 12 1304
3 69 5707
3 72 8922
3 80 6320
10 71 8306
4 24 3589
5 91 1863
7 30 6480
6 33 5408
9 45 2763
9 42 3608
7 19 2888
1 20 9071
6 16 3396
2 91 6581
5 83 791
10 98 4061
8 94 9436
4 66 5073
5 89 5471
6 97 2005
1 94 7449
10 10 7246
1 60 7704
8 13 3625
3 81 1855
7 5 7707
10 17 407
8 29 9701
10 19 764
6 8 4559
2 93 46
2 51 9230
6 8 2031
6 89 7002
8 47 8152
6 73 6653
5 16 8820
2 46 1952
8 13 8291
6 54 1828
1 16 5071
10 92 6691
1 58 7668
6 76 7436
7 3 4819
1 87 932
6 40 3168
8 26 2330
10 35 5178
9 59 2813
4 16 8666
6 86 4608
9 77 9573
5 35 3153
8 78 1794
3 75 3147
2 3 1257
4 81 5454
5 72 2093
9 2 3102
1 48 2730
10 58 948
10 71 1455
7 22 8136
7 44 2745
1 15 7198
3 78 8514
7 52 8177
3 24 5006
7 66 3248
8 43 5246
7 27 7037
3 70 9491
7 69 6591
5 18 7552
1 74 3389
6 24 5178
8 53 4294
6 52 3515
7 10 6513
1 86 1732
3 86 2628
3 1 5086
3 100 6691
3 29 4109
7 28 1861
4 15 4621
7 73 3579
3 99 1485
4 29 2006
3 87 6389
7 83 2373
5 20 5376
10 59 466
5 2 7963
2 88 5415
5 81 7073
3 85 8928
5 40 221
4 15 3364
3 90 8719
2 59 1583
9 9 8630
8 9 6501
6 3 3203
1 81 6145
9 10 3409
7 61 9946
9 42 5603
7 67 7763
8 98 1711
7 15 5693
1 2 2321
8 66 4545
5 49 3011
2 8 7115
2 22 1431
5 61 4867
3 84 5923
3 58 1904
2 68 3006
9 74 2386
5 88 6158
3 59 1363
8 81 1439
2 5 9246
6 46 3244
2 24 9404
1 70 6721
4 15 5647
7 44 2405
7 29 1144
10 9 3639
3 52 1337
6 83 2221
4 26 8971
10 27 170
1 31 9093
4 48 2951
8 6 9032
10 26 2548
10 34 1559
4 16 5026
3 5 2286
2 38 5934
1 91 1979
9 81 7924
5 54 8319
7 56 8981
7 78 3659
5 75 5308
2 42 8345
1 87 4052
7 61 4631
1 64 6949
9 27 6832
1 59 6807
1 8 3467
7 22 1962
1 71 8324
6 72 6523
8 78 537
7 91 9007
5 4 7164
8 36 5066
7 52 2481
8 18 7635
1 71 8129
5 34 9552
5 75 3236
10 2 4066
3 44 8273
5 99 5518
5 30 5243
3 17 5555
3 75 7172
7 82 9365
4 28 2458
1 22 8602
3 27 397
4 69 6873
10 54 4436
3 23 6197
4 58 4882
7 16 5192
5 55 5925
3 40 6025
9 12 6669
8 85 677
5 1 3180
10 88 8100
4 10 9153
3 46 5503
10 8 3794
10 93 6887
4 28 4699
9 92 9093
3 26 7644
7 87 1631
1 32 50
10 68 5958
5 91 2228
10 71 5174
10 15 3379
4 62 1983
6 39 3461
10 8 9702
10 21 2585
10 36 3605
4 61 1802
5 40 1713
6 41 6302
3 21 4303
5 68 7581
6 65 9799
7 25 5028
7 7 6469
6 32 8891
5 13 7269
8 84 8515
8 33 8879
6 33 7343
3 90 1707
4 82 1822
3 85 7640
4 86 8938
2 45 373
1 88 8021
10 69 2076
10 72 6216
2 91 4345
5 22 8830
9 12 2017
6 69 8961
8 7 4330
5 41 5034
5 18 2685
9 73 8757
5 67 9752
1 21 8990
4 4 9168
1 75 9086
2 43 9309
2 51 3888
2 6 1712
4 35 6301
9 73 2745
9 71 3778
9 94 5786
10 100 7109
6 71 2417
10 83 4939
7 92 6546
2 84 6343
5 21 6625
5 85 7262
7 36 7210
3 77 6368
3 92 1876
3 33 7031
9 27 9445
6 72 3285
7 85 8417
4 38 2285
5 15 5288
2 38 5742
10 57 8557
8 2 2800
6 29 4584
6 49 1190
6 93 8671
5 27 4674
5 35 730
10 64 1229
2 58 9754
6 88 2865
5 23 7669
1 15 740
6 20 8888
1 29 9960
5 45 3547
5 95 6799
9 73 5570
8 99 6272
10 36 410
6 76 5412
4 34 1568
6 4 3498
1 91 8280
1 48 7958
1 43 2782
7 49 3553
10 88 5697
10 10 6639
5 41 8600
7 58 5464
9 22 6641
1 28 5320
7 31 5330
1 55 2843
1 51 796
4 94 1126
7 16 8514
9 26 4271
2 21 1698
9 59 7518
2 8 9447
9 61 3726
8 28 8577
8 27 2060
3 54 8940
4 69 9221
10 93 6254
10 39 8392
8 41 7891
2 24 1630
6 44 2773
2 2 9692
8 83 3258
1 14 6183
5 87 7120
9 21 3464
6 49 5082
4 49 5909
7 41 9730
1 93 5553
4 6 4882
3 18 9160
3 61 5153
3 15 5828
9 24 83
10 64 5560
1 96 3863
10 47 6374
6 52 3029
10 39 7876
2 14 2346
10 52 7433
2 39 9038
8 94 2796
3 16 6650
6 19 6311
7 94 1845
6 55 9355
7 17 1257
6 88 2840
9 100 1499
9 69 7997
3 36 1453
3 53 8765
3 9 5848
3 31 5524
8 41 5498
9 7 2879
8 65 3905
3 89 149
3 62 6131
7 37 3954
1 59 6679
3 70 5011
3 91 4269
8 57 5107
10 48 9295
7 64 5772
6 98 8184
6 4 7506
4 15 8352
10 81 3855
4 28 920
1 5 6393
3 85 185
1 50 4683
2 49 5418
4 1 2984
6 82 3132
8 50 7077
8 40 3388
4 19 5045
8 26 7258
6 75 6458
7 88 4454
8 66 7176
4 57 9402
6 56 1804
9 5 6711
7 82 8936
10 5 5817
4 60 4955
8 31 3624
5 1 5233
1 58 2773
2 83 8314
9 39 6263
8 15 7442
6 15 9488
5 41 8936
7 78 7456
8 87 1820
8 12 5108
7 65 9392
7 63 8621
10 8 9753
3 58 8608
3 29 9587
10 1 5364
5 67 7263
8 47 4456
3 47 2370
5 93 530
7 83 5997
8 26 5312
1 74 9647
8 50 7031
9 8 4165
5 15 7454
10 36 138
6 63 460
4 40 2371
10 69 5976
2 51 1192
1 65 5401
1 44 5549
3 76 4551
6 75 4537
9 86 9252
1 17 7377
2 59 7295
10 72 3398
6 6 4859
7 51 9077
3 12 4092
1 98 9327
1 4 2466
8 88 7019
5 58 2321
6 53 7850
4 27 3609
9 80 8082
8 22 4269
2 38 6082
1 68 2865
4 83 6748
10 4 8986
7 49 3978
6 84 2221
6 8 1683
9 97 7473
2 8 5074
9 32 1924
3 2 5298
7 13 8442
6 6 5635
9 22 8805
10 62 4275
1 57 4565
1 67 5889
3 62 9874
1 8 4233
6 33 5972
4 78 6240
10 45 4291
2 16 4287
8 29 859
1 29 9150
10 10 7000
6 89 9958
9 43 3498
4 10 3749
1 72 9440
10 56 510
9 83 4565
9 36 6938
2 94 7569
8 1 5198
8 71 2396
10 57 800
8 32 9578
9 18 7859
7 53 1345
5 84 4689
1 55 7904
1 98 3122
4 1 6050
5 29 4696
8 90 3481
7 24 958
1 16 3695
8 50 9752
4 69 8030
9 52 4166
10 80 3981
3 64 4877
4 8 1547
8 25 736
1 21 8654
3 13 1605
9 97 6644
4 76 5351
9 10 1475
4 72 4115
2 1 1421
8 68 8294
6 23 2669
6 12 5995
3 37 7533
1 44 3726
6 77 4371
5 80 8809
2 33 7653
3 97 9444
8 58 1675
7 61 9047
3 67 9351
10 42 8805
1 68 8530
9 47 1320
8 34 4171
8 84 5717
2 51 2628
5 92 1622
9 64 5449
1 15 3602
10 11 670
10 11 2112
1 23 4150
6 64 9822
3 46 2469
3 78 3300
7 64 549
5 23 693
10 82 4358
10 25 6965
2 94 8855
3 18 7435
2 53 8415
1 36 1115
3 71 9228
3 79 6991
8 38 7246
1 16 2755
8 40 2969
10 70 4425
5 2 4761
8 49 4632
6 86 8722
4 6 4179
4 52 6933
9 81 5170
7 44 4764
8 14 5595
4 23 7885
9 22 2509
2 13 3737
1 73 8550
10 58 8216
1 25 4689
9 42 5318
3 29 8868
4 63 7758
3 3 3894
8 46 1101
10 31 3632
8 50 4961
4 65 2751
4 55 9688
4 61 391
10 35 7350
9 14 9825
4 97 5589
7 57 4178
6 99 6292
5 100 602
2 91 158
3 59 1920
2 19 4457
10 6 9305
1 45 1292
5 20 5667
2 13 5931
1 81 9345
8 14 4811
10 97 2455
8 63 2600
6 64 1636
7 4 552
6 62 5085
2 5 1521
9 45 4552
1 50 6342
2 2 8557
6 99 748
10 45 2208
9 10 1946
8 58 9004
8 66 7522
2 18 8826
10 24 819
10 48 1725
1 20 6359
4 47 1652
8 31 7020
7 64 9600
5 33 6607
8 71 4356
1 27 9694
2 49 5337
2 15 3410
6 24 3955
10 24 8242
10 30 5974
5 3 9693
3 34 6437
1 67 6007
6 62 4152
2 3 1753
7 81 4932
3 15 5829
7 42 8118
2 69 5491
9 36 4041
8 49 1868
8 75 1238
6 32 1328
10 85 3388
2 10 238
9 3 9207
1 96 7796
3 12 8534
7 1 2998
3 86 9305
3 86 470
9 32 2340
8 30 6936
10 44 5712
3 81 1106
5 49 194
8 92 2846
5 62 2053
4 52 3036
6 41 7361
5 88 1780
7 89 2834
9 100 2155
7 1 6978
3 17 9075
10 35 602
6 31 6399
3 50 7320
4 44 4390
8 44 3303
8 89 6565
3 56 153
9 23 5383
8 51 4583
4 60 5638
10 13 1969
7 42 4534
10 73 1412
5 94 1380
8 74 9208
4 56 8653
7 14 9401
3 26 3231
2 17 2203
8 88 2677
9 68 1519
8 1 493
3 21 6778
2 63 9350
9 94 2180
5 83 6285
1 91 1470
10 2 3409
5 85 336
9 11 7181
2 59 3717
9 40 1704
6 72 8236
8 37 1191
5 8 6454
9 27 1608
1 12 8127
1 19 2427
4 28 6543
2 70 3649
1 32 8439
9 9 7021
4 7 6322
1 50 2965
9 57 521
2 14 3736
1 38 760
9 6 5099
3 87 9943
10 57 7198
1 100 7067
6 1 1243
3 37 4423
3 72 270
2 7 2107
3 10 9619
9 98 6110
4 21 2407
5 85 8011
8 99 4807
7 12 4578
3 2 7688
6 93 301
10 58 9951
4 70 2877
4 16 7832
8 37 7155
4 97 5947
4 73 3538
6 78 1857
6 17 7818
10 66 843
1 96 2674
7 64 3182
6 7 7330
7 68 2101
10 42 9293
7 24 3329
9 88 3281
9 84 7183
2 26 1132
2 63 5364
3 3 2348
2 65 4398
6 38 9560
1 50 5010
3 2 393
9 93 5384
8 78 3958
7 95 6345
9 100 2751
3 42 9174
4 46 1805
2 74 6080
6 69 5517
8 74 1328
6 88 4217
5 93 6811
10 51 3215
4 14 3553
5 31 7841
2 10 7185
2 76 6017
4 6 9726
6 7 9591
10 87 3029
3 90 8478
8 16 8364
6 21 8402
4 72 7792
3 13 7376
9 93 530
7 86 2235
3 7 9270
6 76 866
9 11 2373
6 39 5359
5 95 1794
5 61 6497
9 14 8379
4 13 4873
1 83 6698
9 38 5799
8 7 349
1 62 6890
5 40 8238
5 7 3409
1 58 4387
3 32 7503
8 63 6962
4 57 6501
1 92 904
1 17 1914
6 60 5308
7 34 746
4 43 6367
2 44 6983
2 17 6992
5 41 1883
6 13 6311
10 38 5673
7 17 230
10 74 8619
7 99 538
9 68 8793
6 74 9217
1 100 7522
2 27 830
4 40 3800
4 93 5300
4 99 8924
8 53 3549
4 14 8105
8 50 5121
7 3 5229
9 81 8627
3 42 942
2 79 2091
3 84 8776
7 47 5682
7 41 3009
6 6 4718
3 49 6214
2 53 559
3 5 2863
4 51 895
2 11 5742
2 29 8062
10 85 2090
9 28 7912
3 80 9454
2 6 176
4 74 6228
9 75 8187
2 31 5164
2 99 2784
6 59 2767
4 87 4640
10 47 9985
2 20 7556
2 81 3723
8 44 5257
5 72 7963
1 68 7111
6 42 4664
1 30 2543
2 24 9017
6 59 1434
4 3 5915
9 47 3669
2 52 554
4 35 7167
7 81 2923
10 96 4299
5 66 5525
3 1 5720
9 14 7089
8 89 5137
8 94 4524
5 91 4113
4 10 3482
7 14 2053
2 37 7218
10 81 4779
7 35 6812
1 10 9413
4 99 1618
6 18 5408
6 36 7391
5 61 8102
4 30 6203
9 51 5584
10 82 2707
1 80 8246
7 42 393
6 67 4780
2 80 2082
10 76 4499
5 43 8875
10 74 2984
9 98 8123
2 79 7125
2 6 7190
3 25 3442
7 35 8238
10 44 3041
3 29 4317
3 11 356
5 76 9257
9 20 3208
3 16 2091
8 14 3954
5 66 6362
1 32 5285
1 34 2874
1 48 6137
4 46 4533
9 32 9172
7 94 5734
4 20 5566
2 36 426
1 95 1217
2 28 1499
7 61 2352
7 5 4371
4 66 9514
8 12 4948
7 82 6289
6 39 8567
2 92 6852
2 49 2212
2 21 4624
5 51 241
8 64 8911
9 5 3449
10 64 7215
8 17 9176
7 94 729
5 15 4402
2 17 926
7 87 4229
5 83 3305
9 62 815
10 82 5503
4 40 1440
2 59 1450
4 23 6708
2 12 4501
7 3 5119
3 46 3546
10 40 5716
6 95 5120
4 81 3743
5 67 2098
5 16 7989
4 93 2738
5 89 9386
9 81 1440
5 66 1207
10 91 4323
2 98 8096
2 51 2538
7 8 8939
8 76 9127
4 59 9281
2 68 4291
3 62 6991
6 22 9038
8 77 8578
4 98 3381
9 69 3488
6 26 5142
7 58 8592
3 24 3333
8 17 6681
1 18 4572
2 4 3631
10 29 601
7 28 587
5 74 5978
10 95 2373
9 85 1261
7 90 8810
7 80 3660
5 11 3823
10 50 6465
10 57 8510
3 80 3809
9 56 4834
2 83 2608
3 84 500
10 50 2238
9 86 2881
5 1 4228
1 93 656
5 93 7931
7 71 489
2 77 1209
8 94 3072
4 35 377
6 65 4552
3 50 4857
9 27 6222
6 95 2125
7 59 2183
2 16 5890
3 73 4246
6 77 8316
7 58 4873
2 15 4746
3 18 8256
5 98 7018
9 48 27
1 74 6701
6 51 9142
6 76 7353
10 25 5835
8 8 8162
5 100 5522
1 87 7571
7 72 4834
2 47 8185
6 51 1801
4 24 8778
1 75 9094
7 76 5465
1 22 2261
8 3 5785
10 96 3672
8 47 4669
7 77 6492
1 4 3883
9 100 6810
10 87 3854
1 6 3334
4 60 7850
1 82 3307
10 48 609
9 93 311
2 9 3902
9 27 9619
10 22 910
8 93 590
4 33 9776
2 48 3859
3 74 3394
4 92 1819
3 28 3677
5 35 7619
4 83 2803
6 91 3876
6 94 3371
9 38 2620
2 98 3721
1 14 6215
2 81 4679
2 11 2699
10 87 315
2 79 5029
10 7 6625
2 72 9583
5 58 6917
6 35 6225
4 65 9078
1 20 2782
7 66 2209
6 97 90
6 72 2507
10 21 724
3 16 2773
1 97 1095
5 73 3328
6 99 7315
3 59 7061
2 61 7790
3 30 4363
9 61 2480
4 51 3860
8 22 3669
9 54 7270
5 57 3562
7 80 6833
2 58 4644
6 34 9927
4 10 4578
3 26 483
6 84 9694
9 97 7899
2 14 9315
9 35 7177
7 94 8426
6 85 1168
3 52 6955
3 64 3647
1 89 6914
9 50 1179
1 54 1345
7 65 5039
7 21 5670
5 31 1423
5 34 2218
2 58 7972
7 79 8649
4 84 7966
9 9 3921
2 10 21
10 80 4455
6 18 8124
8 15 8512
10 91 1112
1 55 9012
1 49 9045
1 84 2058
5 61 4277
1 1 1934
8 84 496
10 45 7251
9 63 8255
1 6 8228
1 89 4497
7 43 5127
10 37 3260
1 87 7560
8 56 8633
10 60 8699
7 50 1201
3 65 9623
6 25 203
3 93 246
8 56 3588
1 12 5511
2 17 1182
6 46 9674
6 52 8925
9 7 4107
8 10 6761
1 66 9368
7 100 570
9 82 4057
5 56 2327
7 25 1985
8 79 102
5 57 2538
10 90 3874
9 48 8814
1 37 2097
5 19 5918
4 72 5971
3 67 4100
5 56 7066
7 87 6418
6 51 837
9 32 4538
5 45 976
8 28 7558
5 44 8484
4 36 6729
2 6 1388
10 38 1275
2 96 8946
4 36 6717
1 54 4485
8 67 7761
10 46 3147
1 39 8805
6 44 1762
2 13 2559
10 14 731
4 90 7644
3 26 7239
1 64 1518
4 26 4935
2 58 6494
8 29 4860
6 76 363
2 64 4631
3 63 2632
5 97 8563
2 90 1953
1 30 8709
6 25 8333
7 97 8890
1 12 975
9 7 5086
1 76 9311
9 100 7556
3 75 8728
8 21 3517
8 94 1685
2 45 9224
5 45 1963
4 4 9233
5 47 2742
5 6 3714
9 42 510
7 10 26
6 50 9481
10 13 1616
6 5 7622
7 44 5659
5 8 4765
9 20 835
9 45 6767
1 38 4593
3 13 3241
8 24 4131
2 64 5285
10 52 8845
3 6 4187
3 82 3826
6 76 2802
10 43 57
9 79 7057
10 81 2278
7 60 5966
2 26 6960
10 37 9756
5 90 9012
6 56 4800
8 67 853
3 90 9695
6 41 8366
1 51 3684
10 40 717
1 20 8504
8 47 4036
6 19 4383
9 21 3422
3 100 643
10 59 1359
1 11 829
10 47 4529
1 40 2151
8 92 8673
8 80 6885
2 72 9273
6 8 9131
9 33 9465
7 61 3829
3 7 8603
8 85 9433
10 94 6951
6 53 4929
2 84 4240
7 10 3339
5 11 3018
1 34 6242
9 85 699
1 20 6138
4 92 1714
7 55 5108
7 12 1148
1 73 7511
4 25 6766
2 33 1032
8 4 7021
5 79 7420
5 77 2605
8 13 6719
3 84 4888
1 96 2769
10 26 7602
8 53 8569
3 95 4429
6 39 376
8 95 154
7 25 6863
5 87 3070
2 23 1510
2 52 7346
10 90 8363
10 51 1176
7 1 5495
9 45 3621
2 63 7084
8 80 8447
1 42 8259
3 30 8917
9 70 8675
10 36 7862
6 59 4294
5 8 9851
1 74 7092
7 54 3403
3 41 1013
7 67 2165
3 2 268
6 18 1511
8 20 3978
1 77 5217
1 38 3020
5 26 7666
5 67 3113
2 34 3191
8 16 3832
10 47 1939
4 22 7097
3 1 4815
4 8 9881
8 43 2701
6 80 9174
3 24 7771
1 26 6522
8 18 8556
4 34 6745
1 20 8890
9 12 6084
9 47 8613
3 80 9839
6 26 6964
1 50 873
7 49 1142
10 23 6006
3 46 4200
5 89 9461
1 75 510
3 10 9868
10 51 1025
2 88 7025
7 40 7851
8 1 8352
6 30 9912
2 97 2107
2 22 8403
2 79 9436
8 31 8214
5 21 5604
9 30 5339
3 88 3288
8 73 9000
2 59 5380
8 49 8029
4 42 1291
5 39 8155
4 46 1018
8 94 1929
7 10 2108
9 3 6400
4 44 6679
10 8 2916
3 41 7829
2 78 1238
3 48 3809
5 4 367
3 79 4711
10 82 2690
1 11 7874
3 75 8500
8 59 7613
2 26 3986
1 60 6014
6 61 2467
5 58 1852
5 17 4146
9 93 1740
9 87 2336
6 89 1373
5 76 1633
3 43 3788
5 42 8396
10 32 9094
10 34 2190
6 14 4178
6 5 1643
2 27 2734
3 70 6905
8 27 5278
2 5 5988
6 15 6110
2 3 3817
4 33 5083
3 27 6028
5 95 2196
10 43 3726
1 93 2881
8 8 6396
4 30 5481
7 23 915
6 45 5595
3 85 8189
5 44 2834
8 80 843
2 24 3977
5 36 8899
3 48 7248
1 47 9860
3 3 8838
5 30 1772
10 84 1819
2 31 8315
7 66 4599
10 42 2745
8 21 3693
8 63 8896
4 9 4332
8 96 703
7 6 6685
8 55 9841
1 1 6550
8 30 6346
3 95 6312
10 19 6616
10 41 7495
8 100 2434
2 11 1113
7 81 5131
5 99 9907
6 38 8773
1 16 3724
10 71 147
9 15 922
10 22 4898
7 55 890
6 57 6605
8 27 7279
7 93 7784
5 14 9891
1 24 450
5 44 5175
9 49 3888
7 62 3756
9 29 7208
4 39 5223
8 60 4502
3 28 1940
8 31 664
10 69 9800
3 38 8284
8 30 407
1 83 4835
6 96 4292
8 75 4543
2 57 7302
1 38 5949
7 33 6042
7 85 8076
2 47 7621
2 8 8794
8 90 6899
8 53 9814
3 68 4055
8 88 4100
1 97 5566
5 68 2051
8 39 4504
9 43 929
2 29 2395
10 70 4888
6 4 9948
3 6 9268
6 5 4115
7 22 5670
8 79 7881
8 89 2935
6 93 7515
4 67 1747
9 84 8409
5 21 4473
10 4 7498
2 49 2689
6 62 2867
8 72 3608
7 39 3207
8 15 2302
9 100 2887
4 12 9636
10 18 588
10 37 7311
9 41 2079
7 12 9065
1 15 4672
5 31 9138
8 47 8113
5 16 429
2 38 8435
7 78 4879
6 8 583
8 66 545
9 32 34
9 79 148
4 17 9256
2 48 4590
6 7 2987
9 97 7475
8 71 6834
2 43 1655
8 82 2587
7 88 3481
4 18 594
1 46 2957
10 100 8530
1 22 7628
6 37 1502
1 72 4124
5 37 9315
1 95 4648
4 33 5947
10 31 1719
1 68 132
5 19 3927
6 48 1839
7 43 3110
3 69 9130
4 99 9223
1 46 4400
8 55 6141
6 52 9983
8 56 2947
6 77 145
8 28 2909
4 43 665
2 44 1908
8 23 4580
2 18 6035
4 19 1382
7 75 7012
8 52 4557
7 61 7418
1 4 3441
3 42 3802
4 70 8503
1 54 1664
3 5 9278
6 63 8662
3 88 5858
4 15 3751
1 51 3106
6 84 7628
7 62 9155
5 41 9473
10 35 5992
6 70 8423
7 42 9334
4 78 1562
7 58 3918
1 66 8498
6 25 3582
6 99 9880
1 47 6512
3 54 3676
10 97 2846
10 34 1090
4 29 8765
4 77 750
6 86 5741
1 35 1325
3 97 9905
7 2 7015
1 48 7786
4 46 8682
7 62 9954
1 91 6562
3 42 3081
6 94 5622
9 75 7797
9 77 1472
8 55 7644
3 31 9444
2 40 8381
4 6 6598
3 5 6481
2 13 4233
8 8 6597
3 87 3071
8 76 1358
3 32 3849
6 71 5489
9 73 9441
9 94 8165
3 40 5698
3 48 857
8 68 9306
6 25 6296
6 16 7316
3 16 8640
6 51 5933
6 50 3518
10 27 1974
7 79 5198
1 13 2114
8 72 6945
2 42 6002
9 89 3841
7 74 3152
8 38 2151
8 54 1166
1 74 4676
5 4 8682
10 21 2735
7 65 4968
10 18 6093
7 46 4160
3 27 910
4 4 8363
9 68 8279
10 97 9960
3 93 1334
6 28 3374
4 82 5903
3 7 8942
2 35 3048
4 30 8273
4 29 61
10 36 4225
2 21 42
1 13 1476
5 13 1962
1 34 4810
6 58 6148
2 3 8844
3 45 8220
8 23 2379
4 48 1057
4 33 4707
3 99 251
10 12 9436
4 36 9049
10 77 8282
2 69 252
5 66 6681
3 29 9114
10 94 2788
5 59 5988
7 15 3972
9 57 5892
3 15 663
4 52 655
8 23 2964
7 84 227
5 19 2232
7 13 1234
9 84 1716
6 86 4980
3 73 2470
4 93 406
4 91 6290
9 27 5476
8 28 430
7 60 3653
1 25 8321
2 6 8667
6 60 3232
2 89 5675
8 17 4788
10 42 5079
7 57 2066
2 44 2066
4 77 830
2 99 9852
2 74 3423
6 54 2426
8 58 1904
10 88 5465
7 59 6598
10 65 590
4 22 3970
9 27 6613
1 50 1294
9 82 7334
6 35 4332
9 12 7615
9 67 858
5 28 6685
5 51 8839
6 75 3945
1 6 4864
7 100 2695
6 83 3849
4 83 8181
7 5 2996
10 3 2791
5 75 4553
5 89 1743
3 72 2835
1 67 2878
2 49 1322
10 80 2011
9 50 6993
7 62 6666
1 27 5520
9 85 4623
8 97 8735
7 12 4677
2 81 956
1 95 3826
2 37 2058
7 19 5820
6 82 5920
5 7 7367
4 65 9655
7 57 897
8 66 9779
5 35 8112
8 63 4790
4 28 9317
8 42 3488
5 91 5913
1 12 8713
8 17 5823
3 7 7465
10 85 2287
8 47 5673
9 2 3577
4 78 4957
5 19 7000
4 42 3291
2 27 6329
4 68 5023
8 6 8568
5 35 9493
3 24 9915
8 80 2817
6 31 9748
4 17 3954
8 10 9119
5 65 793
1 44 2952
5 10 5550
10 74 7840
10 3 8844
2 50 6173
7 22 8534
3 16 3471
4 98 9257
10 100 7030
4 37 9519
7 1 6638
3 95 8841
2 3 1571
5 3 3837
3 83 2552
9 40 2887
4 63 1867
8 42 3348
10 88 5503
10 49 3597
4 61 5360
6 54 5691
5 2 3692
5 78 5125
9 63 689
7 7 5882
3 65 9838
1 47 3565
4 40 470
10 76 3440
4 100 6404
2 35 1222
6 48 5751
2 10 6656
8 25 1025
4 58 3989
5 84 4044
9 3 2702
10 49 4149
7 88 4751
10 22 8452
10 77 8915
2 96 6302
3 15 159
1 45 3431
3 98 1182
6 70 7756
3 75 3891
6 10 3734
10 46 1106
3 40 138
7 80 3479
10 91 1220
2 88 9474
10 74 2897
10 44 9148
4 12 4160
3 74 8448
10 31 5561
1 28 5178
5 73 316
8 94 6016
4 15 7889
10 79 7456
8 14 2279
9 95 6701
2 73 3804
3 87 7858
6 36 5262
4 97 6461
10 80 6774
1 60 4263
4 29 1024
8 27 5817
2 51 6611
3 88 3794
8 5 4322
1 48 3195
3 49 4676
7 2 5564
4 51 5972
6 13 5507
5 79 5657
6 24 2656
8 63 3804
6 20 1707
8 42 349
3 21 4364
8 50 1828
10 71 459
9 22 2135
1 17 3009
5 72 3229
10 52 1418
1 47 3285
3 1 7686
2 61 6535
10 18 2686
9 57 8977
6 31 3947
10 83 1462
3 1 4661
8 84 9229
4 60 2920
2 86 3335
3 72 7526
9 100 8161
5 50 1255
3 3 3310
6 8 8339
6 10 1696
3 57 88
6 14 4498
7 40 1182
6 4 4338
9 24 5955
8 95 2366
9 36 3820
2 89 7619
7 14 1647
10 72 6279
8 40 254
5 50 4524
4 11 5864
2 90 1584
2 92 1125
9 86 1276
7 73 3087
1 63 7188
2 38 8435
7 40 9916
8 30 310
4 55 9502
2 22 5691
10 79 6436
2 23 2765
10 95 7458
3 53 5655
4 100 3098
2 68 4516
9 84 8776
8 7 9090
9 9 1739
7 45 6566
1 100 3252
3 90 4323
7 11 6394
2 78 5529
4 45 9946
7 30 4337
9 74 7949
9 78 8029
5 77 6559
10 7 2994
4 45 755
3 56 9015
3 51 8687
3 63 6832
5 90 8223
4 82 2530
1 3 5417
3 60 8160
3 97 6090
7 87 7814
8 8 9125
2 91 1347
4 68 1411
9 47 45
2 78 8422
4 46 1634
10 54 6045
10 55 1273
1 19 8676
5 16 1007
4 85 9032
9 8 3843
8 98 6657
2 45 177
5 32 8701
1 23 3220
1 94 4924
2 75 5580
9 98 419
4 58 8094
10 72 8365
1 11 4205
3 66 3906
8 96 9629
8 36 820
10 99 1162
8 96 662
5 88 1170
4 2 4175
10 29 2933
6 27 6926
4 91 4531
9 59 1559
8 39 4303
10 57 6735
8 83 1563
9 35 30
1 24 376
9 100 930
4 2 5246
8 85 3707
6 44 5807
7 84 9865
5 69 6115
6 39 1243
5 55 1688
4 87 4881
4 10 7902
5 86 4452
10 45 4936
4 80 6186
9 27 1103
4 61 4379
1 15 646
7 76 3425
10 72 6630
1 22 7562
5 87 7817
7 48 7608
2 15 1842
4 92 5198
7 5 6759
1 87 5168
1 59 222
6 54 7957
10 38 1533
2 3 2531
1 79 2101
7 72 8489
8 35 918
6 71 5183
10 28 5440
1 67 9978
8 18 8262
2 40 7429
7 47 3512
10 49 905
5 28 7288
5 78 1349
4 70 3086
2 22 5963
7 8 5467
6 85 4138
1 61 5374
10 80 6032
1 43 9726
6 29 174
7 96 6144
10 14 927
2 82 6915
7 35 554
1 64 9649
3 23 1008
9 27 9738
2 73 7750
1 6 6017
4 26 7689
1 47 3608
8 13 8873
3 73 5016
4 17 9127
6 8 703
7 21 6834
10 11 3935
7 72 1771
5 59 7219
7 11 6950
2 57 7549
10 40 4384
9 86 6052
9 56 1843
5 7 7610
9 63 8871
8 37 2524
6 51 6526
5 93 593
4 14 5827
3 94 5415
5 99 6458
4 41 5481
7 94 1490
8 13 7454
3 16 9863
4 98 1429
10 24 5268
1 29 6535
4 54 7349
3 13 5259
3 100 9047
1 70 537
8 73 265
8 9 9742
2 21 4951
9 72 4776
2 51 174
1 26 8036
1 90 1668
7 82 283
4 2 5926
10 93 9326
8 46 2926
3 39 7290
6 55 7848
1 11 451
1 84 8473
2 69 1398
4 43 801
1 46 357
2 60 8848
4 85 718
6 85 583
8 5 4458
7 56 9505
6 88 3479
7 9 767
7 100 6243
9 52 8998
1 98 5273
10 65 3283
6 54 8840
3 96 1016
7 68 2100
5 37 9460
6 20 2729
1 81 627
1 76 4903
1 5 1699
8 20 1752
4 37 6613
8 37 5329
8 23 7031
7 67 7884
1 88 1602
10 36 7403
1 47 9895
7 60 6241
5 17 6379
5 4 2918
8 18 3728
7 28 9108
1 75 7656
9 90 6317
2 75 7891
10 78 5723
2 18 5343
4 28 3734
6 64 320
8 95 9369
9 18 3039
6 21 4253
4 9 9327
10 64 1067
3 69 8806
7 67 4465
1 27 7727
5 16 3303
5 64 1031
2 40 1070
1 79 1795
8 97 3165
8 76 377
8 16 9661
8 83 8223
3 70 8436
7 57 5866
10 63 5846
7 24 2098
1 42 1636
6 62 459
10 81 3121
1 80 8272
8 74 8533
2 56 6897
2 75 6392
4 70 9815
5 16 2184
8 48 6907
7 24 3288
10 94 9764
8 32 4777
6 12 5322
5 91 5608
2 93 3512
10 34 5576
2 32 1024
4 52 7337
6 6 6728
1 68 6897
9 30 5857
8 61 7297
6 21 9854
8 87 4467
3 92 2784
8 83 7061
6 59 1721
5 68 60
4 79 995
6 60 3727
3 88 9795
10 58 8785
5 54 390
9 66 5131
1 24 7489
6 25 3474
2 4 2466
8 85 2601
8 23 3055
1 92 9225
6 41 4895
10 29 8881
9 84 5977
4 46 6632
6 81 1679
3 89 5595
5 57 5045
10 39 2461
6 68 689
10 1 1756
3 38 1137
6 55 3075
5 76 8330
10 17 5693
1 27 5645
2 57 189
5 43 113
8 74 2052
10 8 7244
4 47 2097
8 80 3096
4 72 9146
7 86 9273
5 56 7533
3 46 9523
5 32 5835
2 20 6224
2 84 4887
5 4 1929
8 59 8552
4 74 120
9 71 1299
3 94 2015
9 66 8162
7 95 9386
1 65 9240
6 75 8282
2 15 6531
9 32 4781
5 5 4291
7 47 6101
2 86 488
4 10 4389
7 18 2927
4 86 2839
7 27 1807
8 84 1098
7 84 2308
7 95 7134
8 58 598
4 86 187
7 78 1670
9 56 7676
9 48 4502
7 42 1876
7 77 3199
9 60 6692
10 3 627
4 68 4712
6 13 6741
6 60 3048
8 24 9661
3 47 9495
10 56 3117
3 5 8563
4 48 4012
3 40 5436
7 90 2380
8 59 8174
4 81 8715
2 10 3119
4 96 1576
3 82 3551
3 11 8601
5 77 6030
1 50 6264
9 87 8570
3 78 1783
4 3 286
2 90 9455
4 54 2997
10 93 4771
8 90 3348
1 94 3148
9 58 2206
10 83 116
5 70 4170
8 42 6461
9 30 8921
1 64 3734
2 51 4651
1 68 8323
9 91 6387
5 60 7616
9 79 1689
9 36 8886
10 61 9976
5 43 2166
10 18 3115
4 91 9211
9 85 700
7 18 990
10 71 1872
10 71 1167
3 53 9785
4 75 2005
9 72 4434
7 89 4768
8 1 618
10 64 6211
10 26 632
2 22 4431
4 9 1186
10 43 3276
5 15 4404
10 45 2003
1 22 273
1 58 2307
10 9 9995
2 27 1648
7 65 3032
8 39 7873
4 44 9844
2 29 3431
3 67 214
9 36 1658
10 65 6163
4 48 9067
9 27 9985
9 92 4847
5 66 5023
9 20 9492
3 98 4253
3 34 7048
10 2 152
9 40 3168
7 18 2473
1 47 2778
3 67 7315
7 19 569
8 61 1885
3 39 3888
4 81 502
10 81 99
3 21 9729
9 96 7182
5 46 4945
8 74 6721
2 6 6049
3 12 8036
3 49 1261
9 70 8473
8 44 9605
10 18 4986
1 4 2803
6 37 1712
3 75 5753
6 54 6937
5 51 4915
4 14 5848
10 96 6526
9 36 8634
6 15 1837
5 58 3707
4 31 7173
1 39 3386
2 92 7511
10 88 5732
6 9 1079
6 87 176
3 26 9216
8 59 8370
4 59 5706
4 60 2119
8 6 3141
5 65 2059
4 1 6683
6 58 9575
9 95 5144
8 94 5286
4 38 5816
4 80 4979
3 93 1813
4 4 1378
2 71 7766
2 60 7209
6 16 3656
3 31 8232
2 54 4208
5 54 3652
1 9 7620
4 82 8073
7 92 7603
9 86 8023
7 75 6519
2 30 3614
1 90 9758
7 16 4034
1 70 3728
3 67 4556
5 50 5332
3 8 3773
3 78 7408
7 22 2712
10 95 2456
3 34 9893
9 52 8749
10 14 7836
8 40 7627
7 31 1999
1 97 8800
10 50 51
2 39 7839
7 48 5006
1 17 2098
6 5 1932
8 6 415
9 82 7615
4 25 1930
9 80 1641
5 60 627
7 17 5688
7 69 5465
3 99 3277
2 31 6853
4 99 2425
10 99 8532
10 3 6281
10 29 8161
8 44 2773
3 30 9139
6 88 1334
2 89 3384
1 68 2803
2 90 2768
6 90 1865
1 72 5095
8 42 3472
3 84 577
10 81 269
4 24 1634
3 19 4566
9 26 6012
7 32 4977
8 44 3371
1 62 8900
9 47 2226
10 48 387
8 15 3607
9 5 5954
6 79 7890
10 57 6283
7 98 873
8 35 9858
3 46 9975
4 52 7199
3 1 4644
1 4 8896
4 78 2403
2 58 3319
9 95 7523
9 20 4413
10 73 3345
10 13 6641
6 65 7596
1 73 1433
8 77 2101
8 54 4513
2 56 4687
9 25 2378
3 89 3684
3 21 7527
5 54 1054
8 40 3045
7 93 2143
1 66 8863
4 34 1038
10 53 8866
2 34 8872
3 76 3890
9 53 6642
6 46 8219
1 77 835
1 25 2789
8 81 8829
2 66 7117
2 7 2998
7 32 9013
6 11 2974
3 16 5060
3 9 3972
8 69 4569
1 87 2874
8 27 7351
5 42 853
2 39 3711
2 39 6564
9 60 3903
3 54 1538
2 39 407
3 3 786
6 81 1153
7 5 5772
6 14 3408
8 3 9947
7 48 6802
3 17 6943
10 17 1100
9 62 5766
1 94 8740
7 52 2116
1 93 6771
2 30 9788
10 58 8324
10 63 6217
1 65 8492
3 24 6981
7 4 3854
4 86 1555
4 2 4841
1 82 1642
10 72 150
9 98 6231
9 21 6058
1 35 9420
1 82 1404
6 31 7950
1 34 880
2 52 664
4 38 1513
6 81 9062
7 96 6715
9 55 2762
2 51 6780
5 83 202
9 22 2435
7 27 1692
1 24 265
4 100 8017
2 30 4655
8 3 7449
4 89 4046
2 72 2056
7 60 6677
7 74 1239
10 97 4723
1 15 9377
8 19 6759
3 88 432
10 73 7100
4 60 1408
8 86 8980
1 82 7283
3 65 3547
8 64 9654
7 70 404
7 69 8982
3 97 9687
2 74 4544
4 35 7007
8 99 7798
5 97 7087
4 74 7986
5 52 6448
1 74 876
7 96 7261
10 88 6800
10 25 9879
9 9 9726
6 64 4228
8 73 6545
6 22 4785
4 94 5030
7 44 2486
2 45 9764
10 54 4928
9 90 2671
7 11 1720
2 21 8115
7 82 8369
1 78 9264
4 65 5882
10 12 2979
8 6 1378
8 61 3813
4 77 2663
8 56 4543
9 38 282
10 7 6868
1 46 4610
2 35 542
6 3 8155
4 55 4853
4 26 945
8 51 5662
1 85 6279
2 93 5910
4 90 3222
1 12 6663
4 72 4875
10 55 7062
2 46 7383
6 79 9076
9 22 2950
10 40 9227
7 92 2466
3 16 5175
9 25 4493
4 12 2142
8 25 9858
5 40 3733
5 14 7051
2 13 149
7 49 6491
3 82 8852
3 74 7692
6 37 8837
3 94 3406
4 63 7093
1 9 696
2 30 2303
9 94 373
7 67 8369
3 29 387
10 7 1244
2 3 6997
1 91 5720
3 94 7607
10 38 2975
10 66 8576
8 15 4694
10 65 1935
7 32 6520
9 40 628
10 4 2591
4 16 6594
3 40 5142
9 78 4313
3 71 484
9 1 7290
8 41 3086
10 96 8350
2 74 3700
8 68 5254
6 37 7222
9 31 8107
7 60 3137
9 61 5510
9 49 3701
4 16 7034
9 70 3602
3 57 393
3 18 4936
7 65 6972
9 58 1788
6 9 6156
4 74 2639
5 8 9984
3 87 7158
7 87 2062
1 15 4940
4 6 8567
6 55 4252
3 21 8863
8 46 4557
2 9 7546
8 80 2571
4 68 6583
9 64 2878
4 58 2553
8 26 8768
4 41 9166
9 97 8470
10 71 2954
8 84 9418
1 7 4323
10 98 6724
4 58 6213
6 67 7781
9 72 8649
8 12 3418
6 40 3075
7 38 8002
8 32 4667
9 97 5552
3 75 524
3 37 8495
7 56 4945
9 54 2101
7 96 6648
4 81 1538
10 18 4951
2 9 3182
2 26 6491
10 41 5388
5 72 1441
6 17 3621
1 78 8746
2 29 5364
7 44 491
4 55 7486
3 67 1027
8 41 492
4 41 9824
2 75 832
8 12 2261
3 12 6105
4 17 8086
9 2 4354
3 84 2232
6 32 6586
2 72 2458
3 80 3361
6 44 4777
4 67 5795
8 41 9664
4 5 5236
8 64 7281
7 42 4978
9 45 5784
8 70 5010
5 85 6515
9 77 2556
7 49 5063
5 73 6749
3 55 7733
4 53 4445
10 47 7061
2 86 1381
8 18 7180
6 61 6622
1 15 200
6 16 4670
3 76 8330
9 29 5021
3 30 4992
4 96 2140
5 71 7482
6 100 5541
7 69 1598
8 37 3353
1 76 6860
2 85 7038
6 7 4246
6 55 6499
2 33 9533
8 49 2982
2 46 2423
6 76 8541
8 40 4713
4 15 1403
3 93 7255
1 64 1267
8 73 6711
6 87 7183
1 18 4463
2 36 6721
1 70 3585
1 20 5855
3 15 3425
2 79 8355
1 92 6168
2 30 811
7 74 8509
10 97 2783
8 85 5302
3 65 658
9 75 6435
4 74 7587
9 95 9531
2 64 3775
7 52 5776
1 67 2446
6 48 6642
3 43 3367
7 5 3075
5 100 9689
1 17 7240
8 27 412
1 13 7734
10 96 9413
10 70 5016
2 96 9099
9 9 5421
8 61 5328
1 12 730
7 44 3417
10 73 9852
1 20 130
8 33 5847
4 88 5702
6 3 848
8 87 4974
1 81 9430
8 78 9408
5 61 2556
3 30 5828
10 70 5252
2 26 5818
6 12 1786
1 4 9718
10 12 9190
9 20 5958
5 97 826
6 99 1614
10 19 7870
7 87 9064
7 55 2935
1 40 8875
4 49 2134
8 27 557
9 2 2899
5 27 3705
9 59 3957
10 73 2798
5 84 1193
8 52 1756
8 2 3215
9 63 4479
3 88 3328
8 41 6568
9 39 6909
5 2 8345
1 55 4893
5 44 5751
7 37 248
10 89 9644
2 43 1543
1 47 3823
1 13 4035
1 28 144
8 88 7447
7 19 8808
6 3 5967
1 64 2677
4 50 605
7 88 2509
4 51 1759
6 21 1920
5 84 5958
3 33 1018
2 68 865
4 56 1753
4 98 1378
6 30 3507
5 85 7502
6 71 9463
8 60 8318
1 51 9326
2 72 8033
1 2 3958
10 32 2852
10 94 4973
1 60 2614
7 25 285
1 89 7392
9 55 7307
8 1 1953
8 94 7955
2 42 6788
5 52 4695
8 45 2271
2 2 4135
4 79 5922
5 97 5378
9 81 1600
2 90 9462
5 43 5890
1 2 7666
9 47 7724
7 66 1360
3 73 3561
4 36 9287
4 33 5739
1 69 1416
7 34 8636
9 91 8490
5 75 4356
8 44 9340
10 61 8039
5 1 7056
7 11 2508
4 65 1258
8 82 4091
3 20 8555
4 35 9618
3 18 2859
5 6 9253
8 25 264
10 56 4408
5 52 7886
4 64 9716
1 90 2853
1 81 7870
9 60 1687
8 52 3273
2 53 4435
1 64 3166
5 63 3879
2 35 1362
4 56 5033
7 78 3071
10 9 1194
8 59 8637
10 43 1684
8 69 1228
4 81 3520
9 81 3214
8 24 5473
10 48 6020
2 84 7931
9 33 7495
10 66 8437
4 83 8822
10 94 539
5 19 2242
10 73 7999
2 88 4132
2 82 2671
1 48 4248
5 34 578
8 89 4742
9 5 1785
9 10 2503
5 56 6333
3 75 2136
6 5 9301
8 62 4469
8 78 9119
8 22 805
6 82 5026
10 71 7594
4 35 1383
4 25 5414
10 16 9442
3 27 7073
10 96 9199
6 65 5129
7 93 718
10 13 7880
9 87 6028
5 19 8835
7 53 1532
1 47 5773
1 8 6188
4 85 2219
9 100 6601
4 43 1762
6 23 627
5 87 6355
8 60 3587
10 100 6848
6 29 6174
3 79 5796
4 46 9464
6 75 7143
6 86 5230
3 34 1985
9 92 6693
3 95 4655
6 21 4750
4 49 3444
1 53 2643
4 22 6410
4 77 5940
9 50 2293
1 12 2964
8 23 383
6 74 68
6 73 3417
7 71 9432
3 7 3379
8 88 8397
5 29 7533
9 44 6612
9 53 5187
9 61 2913
4 34 9765
1 84 911
8 98 8165
7 49 4095
5 93 6810
8 41 5445
1 96 7471
5 15 6375
7 79 7815
2 85 2635
4 59 1790
10 81 1620
5 7 2071
1 67 9711
2 19 5013
9 90 7404
1 24 6617
7 81 8839
2 9 8458
6 95 8620
3 27 341
3 52 1351
1 18 5369
10 48 5602
3 84 2587
9 78 3589
6 88 8976
1 48 1683
6 55 3547
3 33 5467
7 35 7400
6 38 8859
9 44 9068
7 81 1460
10 43 750
3 67 2441
8 78 6188
4 21 323
1 85 4898
7 28 1015
6 58 2646
9 6 7698
4 21 785
5 45 2683
9 70 4328
5 29 3616
1 12 5296
6 1 926
10 44 9585
7 99 6296
7 93 7376
1 51 5305
2 91 2020
8 1 7697
1 34 2414
6 76 9347
7 36 1989
1 98 7469
5 7 8099
10 33 3472
10 45 6802
8 92 4606
6 4 6582
8 94 3239
9 15 1580
4 82 9888
6 63 5228
7 76 4326
2 27 7197
4 53 203
7 58 5930
3 31 7777
2 16 556
6 71 3002
10 42 8760
8 40 8543
8 8 9234
6 44 8778
5 5 1651
9 100 1579
9 26 1804
6 21 1378
5 4 7431
3 45 1911
10 60 1723
2 44 1100
1 19 3806
6 84 8220
3 93 1670
4 91 3513
6 90 9972
3 52 9906
10 99 5409
2 37 7231
1 89 6201
7 75 1968
3 68 3742
4 10 1421
7 70 8103
5 89 6657
7 86 7768
4 40 5746
4 87 7806
8 96 8259
5 82 4123
6 12 7137
5 68 7451
8 47 4969
10 45 2472
5 43 8984
7 76 5939
8 86 6795
7 7 6963
6 71 8295
3 48 2863
10 19 4782
6 22 4012
1 28 5534
10 8 4252
10 93 3664
3 32 1925
10 26 1470
10 59 5774
8 93 5384
2 55 4411
8 75 1929
2 21 3873
8 72 3780
10 93 5214
9 61 2253
2 74 1119
3 38 967
1 18 3541
10 72 5337
10 78 5946
3 21 3540
6 2 2405
3 98 5609
6 53 7955
7 24 2554
4 83 6269
10 96 44
5 30 5537
2 66 4943
2 7 9159
8 30 4605
8 1 7087
3 57 1336
3 14 5581
10 61 5793
9 78 5483
6 30 6597
3 45 2669
2 34 740
9 72 4331
6 55 2181
10 46 2401
9 49 7406
9 37 1568
1 93 8045
9 29 202
1 51 7357
8 51 1215
8 75 5285
5 77 732
9 66 336
5 70 8804
1 7 9363
3 100 4421
3 60 477
4 4 6458
1 87 8522
7 21 9206
9 43 7453
9 98 9774
8 61 946
9 27 455
1 35 8995
9 37 6125
3 12 6862
8 46 8643
2 77 1057
5 25 4956
9 2 6063
5 50 8308
2 95 7344
10 70 4096
5 27 626
8 21 1015
7 31 8826
10 79 6746
3 45 7003
6 12 3641
6 95 6472
9 60 4610
4 52 1811
10 38 3842
7 84 2178
7 26 1736
5 90 9109
7 13 3375
1 88 3411
7 86 7291
2 38 5364
1 19 1828
3 36 80
3 81 1734
8 61 6597
1 26 8577
1 24 3186
4 59 9455
7 87 1661
6 61 7302
4 6 8330
6 6 1362
7 68 158
4 56 2960
3 87 8437
2 55 5869
5 17 6585
10 27 6561
10 26 5047
9 94 8273
10 13 2739
2 85 6474
1 81 3922
5 45 7553
2 43 931
3 57 8773
4 75 3435
3 76 8131
4 57 2259
10 52 3277
6 85 8157
2 68 6160
10 13 2704
7 95 9832
5 47 717
10 38 1941
1 61 4597
1 12 7435
9 71 8303
8 73 5574
3 30 6395
6 81 8182
6 86 3406
5 96 1044
5 44 6556
10 40 9072
7 28 7004
2 70 6377
6 85 8755
5 34 3456
9 15 4156
1 47 2517
4 44 4992
3 31 2820
5 56 213
2 22 4095
2 36 4520
9 22 7807
9 23 7722
6 98 8160
8 11 9203
3 100 4992
8 53 7820
3 93 8434
9 69 6757
5 43 4069
3 86 6631
1 38 2136
1 64 5195
1 15 2512
1 67 6768
1 49 7974
4 34 8979
1 22 1128
2 63 5389
7 63 8770
3 30 3249
6 82 9567
10 74 894
2 40 8046
8 44 2127
3 3 1819
4 84 7398
1 4 1265
2 45 7940
3 94 1984
9 49 3157
7 25 9424
7 10 9701
4 39 7941
7 44 4057
7 42 5713
6 96 9258
6 13 971
4 62 8994
5 76 8518
1 92 342
5 89 831
2 34 2554
2 85 1695
7 49 4025
1 68 9570
4 64 1232
8 30 9779
10 58 5641
7 6 4001
8 79 6488
7 64 5413
10 31 8329
3 43 5917
10 39 5463
7 88 7868
10 32 339
8 48 6861
7 84 4244
1 40 3506
10 10 8699
3 26 7413
4 93 8607
9 98 9863
8 1 4103
1 53 1989
3 85 4763
4 69 6996
10 11 582
4 36 7185
3 7 3465
9 82 1373
3 13 6952
1 2 1457
7 1 5560
8 7 6176
6 21 6007
8 93 6223
3 91 7481
9 77 1996
6 17 9177
5 51 8961
8 48 5429
9 75 3010
7 28 8748
9 82 3017
4 7 9229
5 78 4526
7 72 7085
7 31 6455
6 98 5925
8 15 5036
10 99 5075
1 45 9625
2 7 1920
7 7 5577
4 94 1977
5 12 7955
3 8 6095
8 39 8466
6 93 3549
3 88 5629
6 90 6716
1 2 2478
8 38 8294
5 4 8978
9 54 2978
3 71 502
9 54 1593
3 98 4596
2 3 8930
3 43 5494
3 77 8560
3 1 967
6 30 1580
2 6 5367
2 38 2174
8 80 8599
7 81 2497
4 48 8229
3 17 1418
8 78 5228
4 11 1506
1 10 5189
2 19 6636
10 30 2542
4 25 3747
8 27 3883
6 51 9780
6 51 1472
2 58 9461
2 58 8823
4 51 3954
6 64 6205
4 50 4944
10 90 9934
1 20 1681
4 45 8116
1 83 6437
2 8 4844
8 50 3510
6 92 7621
4 35 6319
4 92 7836
4 39 7843
10 13 9329
8 78 4360
8 20 4131
8 95 9310
5 77 8585
2 3 61
6 39 481
1 10 8709
5 90 2065
2 4 1270
10 18 2007
7 84 5965
10 1 5948
6 19 2010
5 74 3625
2 93 3254
7 51 3932
1 41 3787
6 26 7136
7 43 7953
1 95 2369
6 45 4065
3 61 4145
1 8 2502
10 93 8850
6 65 1593
1 64 8461
4 42 6108
9 54 2673
10 72 4311
1 70 6131
3 43 4571
6 55 2406
1 98 9856
8 77 9921
7 2 7227
4 60 3306
8 49 1946
2 65 4749
2 33 8605
8 76 6819
3 13 6666
7 3 5239
10 80 8197
9 52 5916
5 84 26
7 22 2736
6 27 2179
10 68 2058
9 82 1811
3 17 3487
6 14 8152
7 21 7613
5 15 4121
7 43 7906
6 10 7441
3 95 5524
7 5 682
2 23 2356
3 47 9370
5 91 6341
10 28 8682
8 84 1790
8 86 5699
1 32 4428
5 78 8154
2 61 1158
7 91 2139
1 19 3654
5 56 9328
2 31 8519
2 47 6866
3 39 984
2 39 8567
7 4 9591
4 86 3501
8 60 6785
10 65 4125
3 44 9980
9 15 207
5 57 232
2 91 1133
5 60 2211
3 48 7158
9 9 1999
8 19 1953
5 65 7290
4 4 7206
2 63 1345
9 93 9091
7 48 8359
9 14 4079
5 90 5574
10 50 4008
5 11 1997
8 15 3575
8 88 3860
4 24 3557
3 33 751
2 2 7574
2 73 8205
3 16 4542
7 22 3002
10 37 6258
6 51 1249
8 87 4299
6 58 1317
7 94 4330
6 66 239
4 26 2057
10 97 6567
4 46 337
2 77 5958
2 42 4837
3 60 4398
10 91 4912
3 67 4273
2 40 8181
2 16 2539
10 92 7059
7 65 6428
2 60 895
1 78 4911
9 41 1124
10 28 5456
5 64 2186
6 89 1997
7 78 5233
1 68 3072
5 79 1777
8 66 4764
2 11 9255
1 62 1835
2 18 6281
10 82 3648
2 39 2294
3 49 5873
4 85 8632
10 25 4269
6 46 6084
7 54 495
9 4 1722
4 76 1520
4 54 4582
9 92 2678
2 72 8578
3 79 8877
3 42 8304
5 23 4183
3 42 9649
5 75 3812
7 61 4152
3 72 7693
5 53 5973
10 99 7659
7 8 4358
9 16 166
1 86 6828
10 11 78
5 34 221
6 56 9430
6 29 9289
3 8 5373
2 98 9372
10 68 4952
4 42 7858
9 59 5370
10 41 6023
6 36 5260
4 10 9840
5 52 3800
10 15 5265
6 47 250
3 49 6245
2 98 3423
2 57 6304
4 52 1275
3 98 2151
8 35 8743
1 76 90
10 24 6144
6 16 2691
7 4 4495
6 71 4206
4 31 3029
10 29 3907
8 88 4531
7 56 2824
3 46 7022
7 69 7256
1 72 2041
5 23 1589
10 38 6185
1 75 1553
3 59 245
3 65 7228
9 67 8054
9 96 5862
6 12 5844
10 20 8554
2 24 9207
9 18 3944
8 68 4190
7 11 5585
3 99 9062
9 35 3657
8 14 6669
6 98 5467
6 1 9013
8 41 660
10 29 2121
9 94 9807
4 15 3811
4 76 6955
9 96 5570
4 27 9288
7 43 9536
1 61 7552
3 6 4370
6 10 4395
8 78 4232
7 43 3646
6 15 2144
2 98 5692
4 96 6575
10 45 3644
10 25 1070
8 26 7675
6 25 6916
8 100 9705
3 24 4055
4 45 6447
10 49 3605
7 48 7300
8 19 1431
4 71 7438
1 56 719
3 5 5310
8 13 7372
7 80 5148
3 100 8959
6 96 7040
5 90 6179
7 35 8952
7 97 9637
9 24 7564
3 24 3593
7 12 9164
3 80 5742
7 21 1454
9 46 3315
10 31 7459
7 97 8063
