10000 10000
5 90 2669
8 1 2810
3 8 4208
10 90 3290
5 62 8248
5 45 9145
1 37 4569
9 86 1935
2 71 4643
8 71 3232
8 26 5416
8 13 1116
2 65 7859
9 34 2256
10 33 5171
1 92 2046
10 62 9932
6 37 8187
1 41 8407
2 4 5625
1 35 1980
10 17 6005
1 70 8045
1 27 780
5 96 5341
2 64 339
1 50 6299
6 45 6810
5 15 6509
4 19 5514
6 5 4046
1 30 9993
8 21 2769
8 75 4424
5 67 7604
9 66 1828
9 97 5963
8 73 9603
9 2 2143
2 63 3254
6 51 3983
4 41 518
4 30 329
3 63 3115
8 65 4052
4 47 3425
4 60 8663
2 67 2185
1 91 8322
4 6 4007
1 10 3364
1 97 4608
6 59 2335
10 85 7379
2 48 146
5 77 7990
5 97 205
4 22 1567
1 7 6075
7 70 9692
9 59 5865
2 35 2461
2 41 5550
6 46 9381
3 100 7480
8 65 1760
1 59 7025
4 8 8494
5 89 219
4 87 5664
4 47 596
9 57 4347
4 86 3286
10 87 8140
2 25 9917
8 29 1660
1 93 2407
6 26 3271
10 89 1347
6 28 8364
6 93 5206
8 79 1077
3 94 3396
10 33 5220
10 49 2139
5 42 8239
1 2 3887
4 21 1851
2 37 8099
8 50 1427
5 71 4764
5 64 6458
9 60 7257
2 63 2126
5 86 6884
9 7 5168
4 95 6787
4 60 9417
4 44 7441
6 74 2980
8 6 9654
1 49 3407
6 48 1548
6 86 1763
9 59 3648
10 71 7941
10 64 1317
9 41 7113
1 57 5396
2 57 1631
2 48 3660
8 76 2667
8 3 3730
9 7 3499
1 28 6748
8 48 4869
4 79 5817
7 2 3836
7 27 5261
6 69 3919
5 76 1319
3 75 4698
4 33 1817
2 3 162
9 64 6318
4 49 1497
1 80 3554
6 57 8027
1 64 3603
9 29 2964
10 41 3984
1 96 3650
1 81 211
5 32 9626
1 92 2325
3 14 1514
9 6 3712
8 87 5304
1 37 5193
7 44 2939
4 99 2079
10 22 4466
1 96 6402
9 75 5055
1 83 2097
4 40 2068
10 81 5842
3 19 9412
2 26 9498
8 42 1413
8 75 3513
3 42 4352
8 9 9004
4 53 525
5 11 7899
6 20 518
6 8 764
6 41 3039
5 70 680
5 60 6527
4 80 7533
4 83 3017
2 77 7731
10 10 7981
8 9 1743
4 10 9147
9 34 3272
5 3 2762
10 32 7913
2 5 5054
10 100 6935
6 34 9642
6 28 1846
7 20 7885
7 53 5122
6 87 2591
4 18 646
8 19 3114
9 98 9940
4 47 9588
6 82 849
8 94 4622
6 59 5805
3 3 1068
3 24 5966
7 77 7235
4 19 6990
1 17 1096
2 53 5600
8 97 6866
7 4 9306
3 53 2697
1 30 2329
1 40 8929
4 68 6148
4 80 5891
5 50 5525
10 62 9981
2 10 5337
2 61 2842
2 19 5108
6 44 9496
9 55 5189
4 88 7423
3 77 1642
3 76 6777
4 57 2387
3 61 1456
8 5 8783
3 32 3651
10 47 5924
10 47 4062
9 39 7756
4 91 48
2 98 8324
2 6 9520
8 52 2254
3 57 7675
4 55 2267
8 99 1844
8 64 8499
4 79 8638
1 15 8043
9 72 8141
4 25 6734
7 74 5958
8 90 973
2 53 2690
4 92 3418
7 16 8909
1 91 5766
4 61 236
10 4 3203
7 53 9388
10 19 4988
10 4 4392
8 16 1130
3 88 1662
4 29 9707
4 4 7816
8 95 7804
6 35 4889
4 98 8275
1 2 9056
8 12 5068
1 4 3627
1 2 9739
5 65 4536
7 97 521
9 19 5908
1 87 9548
7 89 1300
7 93 2047
5 21 8615
6 98 9081
6 56 9196
7 71 2833
4 10 2864
5 3 729
2 13 6078
6 10 3056
5 76 783
10 23 2371
9 24 1073
9 86 7812
2 28 1223
1 99 122
3 39 6753
9 87 567
2 31 3292
3 6 5952
7 8 9337
4 96 53
6 93 3981
3 17 6418
10 90 6295
1 99 1368
1 12 299
2 62 1240
1 32 8715
9 67 9719
1 64 37
1 12 5966
3 41 4249
10 81 5264
4 3 9299
8 41 8962
3 80 7670
4 73 5572
6 47 3903
1 46 5234
9 73 9382
2 13 8385
8 80 4719
6 4 6831
7 54 4704
10 20 4844
7 10 4264
3 50 7870
8 50 1551
8 32 1472
6 72 4037
10 95 2068
10 46 9146
9 39 6901
10 63 2586
3 44 3172
8 48 2240
3 62 8131
8 78 2457
9 16 1527
5 5 220
8 29 3040
8 35 4261
8 59 1536
4 47 954
3 10 391
5 61 1263
10 2 2984
8 83 6544
5 55 1430
8 96 1443
9 65 7094
10 25 5737
8 89 5786
7 34 8195
8 27 2902
10 68 2261
6 85 3943
3 92 8521
9 15 433
3 24 5722
9 90 1086
10 76 9826
3 93 8629
5 72 4300
2 28 3134
3 41 4816
2 48 704
7 12 5639
4 43 511
10 45 6180
2 93 3907
8 20 4412
4 79 431
7 73 3938
2 62 7755
4 25 5891
6 15 7211
4 84 6791
4 91 4176
10 85 9407
9 42 413
1 3 4303
8 41 119
1 9 103
6 9 8125
2 37 5109
2 85 5688
8 57 5192
7 11 6330
7 73 2473
9 59 9230
2 35 9056
1 51 9340
5 73 5650
5 22 7973
3 33 8462
4 49 1718
5 74 1456
1 66 3875
1 6 6653
5 6 9012
6 46 4503
4 2 3894
10 25 9996
7 61 6102
3 21 9831
5 67 6293
2 11 4632
7 44 9376
2 57 7667
1 61 6640
3 42 7481
4 20 5089
7 15 4811
9 83 6401
10 83 5850
5 94 7046
1 84 2289
9 95 4458
3 90 3215
8 93 343
1 47 2835
7 50 376
5 1 2918
4 6 2642
5 92 401
7 33 1510
8 40 5288
6 10 6492
3 65 5081
9 97 3625
2 99 5437
1 99 4
7 68 1
10 17 9024
1 50 793
3 41 2613
2 84 8297
2 26 3990
9 17 3249
5 71 3021
8 15 1355
10 47 2679
3 91 7216
5 87 9867
8 69 225
1 100 5061
10 84 6401
9 80 7633
1 48 2034
5 47 7830
5 58 7249
2 89 7379
1 46 5806
3 34 5464
3 13 2712
5 38 2065
4 74 7359
7 91 48
6 11 7128
5 47 3530
5 14 5406
4 20 2734
9 37 873
4 22 5386
9 91 557
5 86 8102
5 44 6287
4 51 2006
8 62 8274
4 50 4924
1 29 3984
8 70 7471
7 53 4813
5 81 5562
7 97 5201
9 82 7885
10 84 8698
1 32 3010
5 24 277
8 90 9482
2 9 9390
2 60 7216
9 96 3776
7 68 3684
6 71 2061
6 59 5732
6 25 4384
4 71 6342
10 26 9674
3 42 2307
7 100 384
2 28 3018
1 20 3030
9 26 6483
10 42 8674
2 29 228
7 80 7490
8 56 8109
7 53 138
3 33 3106
10 19 8431
4 79 9781
2 26 798
2 95 1149
4 26 8421
7 7 8313
9 24 5601
9 94 479
2 99 3168
4 42 1260
10 38 7543
6 93 7757
1 91 733
9 81 2602
2 3 9944
2 50 552
2 23 2552
4 61 3216
5 35 6327
10 49 6636
4 54 997
4 44 9426
7 92 3829
6 43 6407
1 89 5865
8 76 9838
3 6 3207
5 57 4481
3 65 4181
3 58 3692
1 16 7538
6 48 1812
6 41 5477
1 20 8982
7 92 2442
1 31 2866
9 81 7641
8 32 6216
1 49 1333
8 94 9325
5 91 9595
10 8 1365
9 90 9066
3 97 317
9 10 7392
10 93 2108
7 9 7675
8 29 1372
3 16 3829
5 69 6634
10 28 5655
2 85 5472
4 16 327
2 73 9353
5 78 3959
5 7 3264
9 12 3006
2 94 5494
5 37 2432
10 63 4523
6 67 8450
3 61 6851
6 18 9526
1 80 1448
2 3 1781
2 83 1374
1 9 3350
4 3 2003
5 90 6698
2 50 3963
10 12 4435
6 77 1923
9 63 7461
9 77 129
8 4 5566
9 85 4880
5 86 2401
8 35 535
9 19 8343
1 20 4390
2 39 7349
6 54 7195
4 4 1373
10 74 4323
8 4 6610
6 6 9462
6 49 2728
6 15 9164
10 11 4850
6 61 9469
10 85 9071
9 86 7952
5 3 5380
9 94 1304
7 45 5430
3 16 5654
5 58 6173
2 52 6788
6 23 5302
1 12 9230
9 36 5721
6 5 4997
7 77 840
2 51 8793
8 46 3649
8 70 9145
5 83 5030
2 41 4976
5 31 1876
1 68 2200
7 83 5972
8 71 5253
4 56 5098
5 75 1422
1 36 2540
8 40 5681
10 75 9910
5 9 503
10 53 1151
3 59 687
4 90 8630
7 71 8315
9 42 2344
3 54 8042
8 20 2996
9 68 7429
6 48 1496
9 81 9555
7 21 1978
1 39 896
3 69 6109
2 41 793
8 4 9789
8 59 8372
6 23 7763
10 31 6478
7 51 4531
1 43 8109
3 8 2887
4 22 316
7 1 6349
6 71 9398
6 15 6539
7 66 9748
4 45 4839
5 39 6192
1 88 477
3 91 3362
8 51 6251
8 3 4935
6 59 1018
3 43 7143
7 27 7810
8 67 7471
5 12 2758
8 46 5927
5 10 1873
8 57 4964
10 2 631
9 16 1922
4 92 8282
1 3 5891
3 77 9266
10 32 6237
9 37 227
5 84 2346
7 52 6314
7 29 2085
4 13 5863
2 24 7447
1 7 536
8 92 3091
8 77 4727
2 79 6277
10 86 3193
6 42 6636
9 11 6113
8 70 6258
2 96 4635
2 2 4196
3 81 1637
6 7 3287
5 81 661
10 81 2804
5 90 1666
3 75 1354
1 47 3736
3 14 5712
8 16 8193
6 11 3620
4 64 8479
6 22 9724
9 85 735
3 58 4322
6 66 3367
2 17 2875
10 1 5677
2 26 5530
9 51 2145
3 48 3754
4 76 9746
9 32 6419
9 75 2847
3 48 7452
8 50 1928
9 83 8050
3 62 4808
7 51 2928
4 45 6160
7 68 1340
8 28 8738
3 88 4311
7 87 9
8 10 4394
10 70 7865
7 24 9902
3 75 8910
9 48 4180
5 48 237
8 69 8531
4 20 6420
3 86 8378
5 16 7974
10 20 8143
5 84 2270
3 100 2121
5 32 8730
8 88 1671
3 71 19
9 14 7727
10 65 4941
10 53 3206
3 80 721
5 84 2133
4 68 9303
10 83 8222
2 96 7996
3 28 9639
4 78 6224
3 9 9659
5 78 5779
9 95 860
3 50 281
3 53 2071
4 91 8316
7 65 9063
3 58 4702
2 30 8625
8 41 6972
10 5 4958
8 93 6695
6 88 2726
6 58 7141
10 100 4844
1 55 3588
9 12 77
1 14 8432
7 67 7306
5 44 184
5 93 6835
9 28 9330
8 74 5959
5 36 9573
7 22 7591
7 50 3986
5 95 8388
4 8 7041
4 75 932
9 85 5097
7 13 9135
6 84 619
6 10 8683
7 8 6586
9 79 5211
10 52 5708
2 74 9525
7 18 9116
5 9 6783
2 37 1621
10 19 1214
10 93 8510
9 74 2868
1 26 9874
4 78 5499
3 4 2814
10 34 823
9 68 9178
6 41 1266
5 15 1223
8 10 4481
6 17 1829
2 89 3111
3 31 7948
8 23 4392
5 12 5637
8 41 7839
10 33 7816
8 87 9416
2 22 5293
5 6 1712
10 78 3189
7 23 4063
2 98 9425
9 92 7022
8 82 1283
6 83 6842
10 37 5288
10 14 583
3 84 4545
7 68 4922
7 21 807
1 56 6655
2 44 7491
5 5 1403
7 50 4805
3 44 6663
7 6 1106
4 83 8302
3 5 4566
8 97 9202
3 3 5770
1 59 8523
1 100 8515
3 71 838
6 17 521
3 100 7513
4 26 8142
8 26 8888
1 17 413
9 42 8688
2 16 9853
4 67 7230
4 38 7786
8 43 6091
10 18 7320
8 44 1320
10 86 4783
7 13 4281
10 49 1189
2 98 5972
6 83 6415
9 82 3270
4 63 7849
8 98 8832
8 71 8241
10 2 7046
5 15 9758
3 97 7657
7 88 7906
4 100 8061
5 26 7548
2 8 957
1 86 5516
6 39 1930
1 7 6131
5 5 5409
7 84 9247
3 29 7046
3 65 7784
5 54 2762
7 99 4478
7 100 498
9 29 5508
6 4 5266
3 55 8422
6 13 1044
9 52 6765
7 67 7523
1 73 2949
3 57 8738
9 78 6980
8 80 5579
4 41 8728
1 75 5491
7 49 9080
3 48 705
5 65 6959
3 51 8308
7 77 9675
1 70 8751
2 36 5484
4 6 3876
5 53 5403
4 74 2901
6 49 1496
2 78 8474
3 46 8165
8 92 370
10 86 528
10 75 1289
8 26 6541
3 4 1624
8 6 1610
4 62 8458
3 71 9503
2 99 3884
5 35 3948
10 6 1751
8 40 7693
8 6 6714
6 42 3585
8 6 6787
9 73 2631
8 47 292
2 97 3211
4 28 4211
2 74 188
4 33 7440
2 37 9352
10 21 6728
2 12 8368
1 52 7465
8 51 4955
2 22 9551
9 100 2043
4 15 2529
2 62 6929
3 99 1541
1 70 4683
4 49 6577
1 18 9782
10 93 4980
9 41 8964
4 85 2292
8 89 6442
9 65 283
7 3 1361
10 9 4452
8 13 8158
5 74 1290
6 16 7480
1 52 3428
7 88 1245
7 54 5004
3 16 7620
8 80 8831
6 89 8933
9 65 9379
7 82 6207
4 7 4727
2 66 4186
4 38 549
7 100 4299
2 24 2092
5 93 4729
7 78 9007
3 98 5928
9 88 218
9 85 6104
5 67 9762
1 78 5089
3 94 740
5 3 1855
1 82 523
9 6 2877
7 32 7126
9 62 6602
2 56 4651
4 9 3472
3 79 7960
7 23 5155
10 33 9842
6 49 2368
8 69 7414
5 48 3077
2 84 4320
2 61 3250
9 8 4139
8 76 1697
2 6 2096
6 28 8207
9 14 5546
9 12 4892
5 93 1155
10 82 6615
8 44 6498
7 14 5950
6 100 2060
9 27 8146
8 49 611
8 65 9014
8 37 7402
2 96 3429
9 59 6595
1 48 2870
7 10 9912
9 83 7552
4 57 6976
1 56 630
5 13 6472
10 69 4164
8 23 1157
4 38 5908
5 34 7557
6 48 4356
7 23 4803
6 64 3616
4 62 8523
2 70 5377
3 40 3512
4 99 6039
8 13 4586
2 59 1700
7 35 8353
10 97 8802
7 43 4342
9 4 785
6 88 7630
2 5 6955
8 2 1324
6 51 1464
7 41 3620
7 93 9699
4 10 8252
6 24 4381
5 41 4852
5 55 3707
2 31 6677
1 53 5313
9 50 4340
6 33 9480
6 80 9790
5 37 2394
10 70 6404
9 83 403
7 61 6661
9 60 385
5 57 2093
2 42 1510
6 37 6775
7 29 6251
9 12 3431
10 85 2880
8 13 9303
9 100 7382
9 40 2259
5 80 9115
6 60 5035
4 10 4121
10 89 36
1 44 3631
1 36 3676
9 49 7718
2 35 5028
8 12 1523
2 6 4607
8 4 8113
8 73 9122
10 22 8901
9 86 4573
6 24 9210
4 64 6415
7 99 8217
1 33 7440
1 13 1983
3 35 8125
3 18 5345
7 31 5485
1 96 7625
2 5 5988
7 65 8002
5 87 2526
3 23 1164
10 41 5397
8 74 5499
9 36 6015
8 63 1756
10 96 3028
6 48 469
5 80 1593
8 80 2312
1 67 3698
4 62 2234
5 52 9437
3 59 119
3 25 3222
10 61 4265
9 48 8312
3 8 6068
9 32 6314
7 51 9819
9 88 8680
6 83 7892
2 32 6564
10 15 3370
7 94 7922
7 60 5033
5 46 4074
1 24 529
8 91 7171
9 13 2060
8 70 916
4 24 9041
7 64 4251
9 7 6709
10 54 5839
9 7 8718
2 57 8440
7 62 9689
6 35 1113
5 83 7826
5 12 5121
9 37 9175
8 94 7162
7 51 2689
1 23 6011
2 13 9433
4 62 8680
7 59 5
10 41 9979
4 73 3761
6 42 2651
9 9 4854
7 66 3424
6 55 6458
10 60 5081
1 90 8628
8 95 7598
9 10 1674
6 44 6782
4 35 3316
7 58 6443
2 92 2107
9 38 4909
9 3 3587
10 77 5655
2 88 6797
3 87 7422
1 86 9726
9 100 3729
7 41 2039
5 80 3470
5 19 307
3 16 5376
10 95 5948
4 74 831
2 20 4792
6 2 6990
2 7 5531
5 73 8618
6 62 3231
8 48 962
9 51 7275
3 59 2490
9 64 9515
5 79 9202
5 19 2173
4 23 7797
10 82 517
6 54 4616
6 53 2398
8 23 5794
4 96 7598
4 47 8631
7 9 4619
3 5 3505
3 27 6675
8 85 9948
4 59 1202
6 55 5387
8 18 7650
10 43 649
4 42 6891
1 9 3396
10 13 5212
5 100 5964
10 34 6533
1 33 3227
3 31 3198
5 61 1281
4 6 3804
8 15 7324
5 70 6475
7 45 4946
4 80 1615
2 30 7607
2 20 9850
10 86 3773
5 9 2622
4 50 3111
4 47 6287
1 10 6183
8 35 1536
9 31 648
7 18 4229
9 44 4476
8 33 8055
7 3 7632
2 12 8142
10 37 730
5 43 9257
2 88 9571
5 17 6457
10 4 2276
7 36 2887
8 4 2438
10 79 4942
8 40 4889
5 30 7338
2 63 5851
10 4 6814
5 80 3130
6 31 6482
7 2 6304
4 87 1243
5 3 3242
4 24 6203
6 64 2061
10 41 9363
3 2 4518
8 21 1554
4 87 9709
9 84 3935
5 52 9689
4 71 2363
5 9 1947
10 79 2697
9 55 7345
6 18 7284
6 72 4239
8 19 3396
5 84 7878
3 94 5678
8 94 2310
8 63 322
8 92 6954
10 25 9858
6 56 5371
2 82 8228
3 29 5771
4 57 8934
3 12 2063
6 74 9455
8 82 6014
9 72 3978
10 51 8279
6 14 6213
7 30 5232
5 47 7385
8 36 7719
3 57 5702
10 38 6952
6 39 7981
3 14 9615
8 81 2321
7 50 696
6 95 3602
8 88 6928
2 90 6067
5 2 4144
10 41 8179
10 75 6679
8 63 4355
5 54 2274
9 78 1453
1 40 8533
2 8 4525
7 43 5154
2 89 4297
4 65 5444
1 8 158
9 91 4780
2 13 3899
10 50 3571
2 5 2708
4 27 9207
6 21 1206
10 96 651
4 1 2419
2 92 2159
9 82 1638
7 31 3078
2 8 7741
8 10 6688
8 12 8499
3 15 8168
3 14 654
8 61 4724
10 87 9977
4 94 2073
2 75 7491
1 69 1118
7 66 3109
5 49 7049
10 32 8779
9 88 7971
2 51 3397
6 46 5702
9 86 5803
1 85 2796
9 36 2366
8 11 4009
6 85 2589
5 41 1866
8 7 5317
2 94 6205
9 9 5696
8 26 4032
5 78 8423
5 78 2092
1 1 9333
4 74 7544
9 62 6222
7 90 75
2 86 2113
10 39 6720
5 27 223
4 72 3590
1 45 8548
5 3 1057
4 49 5033
4 68 5746
10 69 8293
1 72 757
5 80 1956
6 49 2252
3 64 7212
9 29 4361
7 86 1535
6 98 6077
8 1 5005
1 87 2932
5 47 705
1 32 4992
3 30 9532
6 21 1804
3 42 4010
7 84 8453
6 15 5444
10 68 7796
1 61 783
6 100 4326
6 78 2500
2 25 760
1 65 6347
1 39 3273
4 77 931
10 86 1282
4 19 4227
3 87 2194
1 100 8930
1 9 4368
3 95 6520
2 27 9287
7 71 442
2 89 8959
3 49 6340
8 83 9123
3 1 3500
3 29 3497
8 15 2014
6 55 1779
9 47 1811
2 24 4694
8 30 9703
7 20 4276
8 37 217
7 99 387
3 100 5383
9 31 8789
3 8 8007
10 84 7567
1 7 6451
6 93 5049
10 67 5993
5 25 4265
9 66 1280
10 28 6720
7 28 827
10 5 5681
5 99 3015
6 62 5979
6 38 7165
7 65 2744
4 14 3015
1 69 9606
6 62 4199
7 80 7631
3 40 1862
1 100 814
5 66 7171
4 43 9479
7 41 637
6 38 4600
6 58 6989
1 98 6089
10 25 230
2 50 5020
1 77 6532
7 36 2329
5 19 5331
1 80 4116
2 95 4980
2 59 8549
7 7 4597
2 16 3137
6 88 4430
5 39 1707
4 38 1610
4 56 3534
8 69 3147
7 66 2750
1 7 757
8 51 1197
5 29 9254
7 6 26
1 35 4671
1 7 3590
3 98 3217
2 61 127
6 12 4711
5 19 8797
5 42 5932
6 86 5248
4 100 2134
4 8 2432
8 43 6912
1 32 6253
8 22 2254
2 46 8835
10 72 3952
10 10 5507
8 70 4847
2 19 2690
4 11 2603
8 74 6246
3 26 9760
8 67 4858
9 6 1447
1 42 7493
6 60 9040
1 22 3724
8 65 6554
3 18 9929
1 32 5848
7 64 2901
7 11 7515
1 2 2871
7 1 8830
5 4 9760
2 82 5563
8 10 6081
9 96 829
3 71 329
6 39 1452
4 18 6867
3 87 8802
7 41 8368
1 74 6189
3 16 526
1 25 1759
4 8 9871
8 88 1724
4 96 4715
10 7 4824
7 77 2208
8 78 5381
7 82 9858
8 1 7343
2 80 5885
5 50 9258
2 32 4536
9 4 1941
5 61 5224
10 54 8860
6 86 4844
8 69 6445
5 7 4824
1 9 1434
9 16 7595
10 98 3634
1 24 4924
9 24 7863
10 57 6364
6 34 727
1 95 9672
5 45 3909
4 15 3893
5 80 4424
5 92 7445
3 49 6676
9 17 9957
8 73 6233
4 70 7748
5 64 8053
9 3 8852
7 21 244
5 94 475
5 88 2972
6 32 7652
10 99 5867
8 33 2499
10 26 7554
8 81 3913
9 84 6000
5 73 8912
6 70 3068
3 20 7252
7 62 9326
4 8 899
5 89 3408
8 70 7081
9 58 1461
4 62 5480
5 72 6117
8 83 8343
3 62 9840
8 27 7018
2 72 9715
4 77 6104
3 89 9946
7 6 1231
5 26 2434
6 78 4327
4 77 9670
3 79 269
1 80 8
5 23 7362
8 68 3359
9 18 2902
3 88 5718
10 52 478
9 99 6308
10 6 6450
7 9 4702
9 41 3075
4 91 9605
5 100 1435
4 71 8267
10 86 228
1 77 4972
7 82 5279
1 30 8764
4 17 1774
6 83 4382
2 8 179
5 65 9470
10 100 2628
2 12 2722
5 14 350
1 24 7555
8 24 1942
7 7 772
8 18 9388
6 45 5163
6 43 5956
9 84 9088
8 67 5445
8 70 5559
8 52 8781
10 38 1917
1 5 2035
6 10 4359
4 26 3242
2 66 3115
8 13 9163
4 92 9076
2 46 7776
10 20 506
7 29 6426
9 74 2669
2 60 4117
9 81 4391
3 65 6347
1 17 2696
10 93 8909
2 82 9027
6 75 4468
7 36 1556
9 14 7209
2 94 1563
5 23 1090
9 75 1663
1 94 628
4 97 9603
8 9 1801
7 85 7172
3 93 6312
6 78 5143
7 87 4819
9 62 202
5 88 830
2 6 5494
4 36 685
4 22 3781
8 79 4111
3 2 5027
4 67 9983
7 63 5737
3 87 692
3 42 9806
7 1 5105
5 53 297
8 17 3408
2 56 7473
1 62 2050
3 78 6325
7 53 5572
1 78 4788
7 58 8779
1 73 7973
4 34 5100
10 21 4744
2 90 7746
9 92 7442
3 45 1202
3 4 7600
5 71 760
1 44 2944
2 38 1341
6 72 9931
6 11 5018
5 8 5604
9 77 6968
7 81 9011
4 43 7415
7 87 4268
1 33 2797
1 16 5096
6 96 552
3 28 6468
4 14 3339
1 79 6958
2 3 623
7 60 6132
8 30 6710
1 71 1137
1 21 8191
3 76 1815
5 88 5357
9 89 8507
7 35 4548
3 48 6475
6 85 1936
1 43 5588
2 53 5516
4 63 1677
9 80 7878
6 56 9310
10 87 2244
6 88 3662
10 62 2162
2 74 2270
1 36 5422
5 18 4690
6 55 135
3 87 9274
4 60 309
1 46 4479
7 55 4263
1 100 7407
6 92 4366
2 10 5510
6 15 7941
2 7 2303
2 93 6401
5 61 7509
6 80 2998
1 73 9748
5 12 5020
2 39 4087
10 97 2551
2 46 7219
2 69 3275
1 7 5116
1 8 4320
6 71 3468
10 19 1226
10 1 2638
10 39 3597
7 82 2705
5 89 2544
1 11 2175
4 39 5333
7 88 5323
4 66 5936
3 87 3909
5 82 1931
3 70 2005
10 5 7567
1 72 4739
9 7 4201
10 60 2495
10 82 2335
4 49 5769
4 31 5716
9 96 2606
10 58 50
10 64 6305
9 25 8232
4 61 4531
6 86 7963
5 90 3463
4 27 3925
3 46 7713
4 20 121
1 54 4403
7 87 3760
4 60 4155
5 45 9587
6 77 7476
10 89 5108
5 63 8476
1 52 5884
4 82 9876
9 22 1792
2 2 5729
7 27 5692
3 25 8397
8 25 2281
2 66 2616
9 53 194
4 99 79
3 39 9902
1 90 8440
8 15 4140
3 49 3989
3 42 2246
10 43 9665
3 64 9492
8 40 9570
2 5 6244
8 39 8762
9 79 5200
1 14 9988
1 25 3008
5 99 6257
8 75 2271
8 88 617
5 52 5568
10 77 3066
8 29 8571
10 51 1977
7 59 7742
2 29 1629
9 56 433
1 64 2221
6 61 4335
9 14 3998
2 74 2112
5 100 9245
10 53 8126
6 79 7778
2 37 5291
5 23 7573
6 28 5068
9 4 5948
6 18 348
7 76 3948
7 62 691
4 13 9932
8 99 8991
3 85 5802
5 26 544
4 97 6447
8 70 4109
3 15 7814
8 8 5217
6 30 7875
3 22 4609
6 89 6164
10 68 846
5 40 4886
1 87 6252
6 70 8152
3 95 3579
1 40 6688
2 69 8052
7 20 1225
7 23 7620
4 37 5987
2 73 5562
6 67 8179
10 85 3351
8 79 7546
9 51 476
5 89 1085
2 89 1846
4 82 2529
3 30 6648
9 90 9192
3 44 9069
10 16 520
3 44 5773
3 3 3644
8 54 6528
10 25 8146
6 5 273
6 11 4041
8 47 197
9 4 4954
10 29 5544
2 70 4569
2 22 1422
7 37 7382
5 32 1369
1 17 7947
5 72 7171
10 90 3265
6 28 1326
10 16 9804
7 69 1195
1 9 7079
2 14 583
6 52 9957
4 97 4180
1 2 4884
8 39 7207
8 55 496
3 70 5220
10 81 175
2 43 5264
4 25 7784
8 30 8829
3 29 8625
9 46 2149
2 91 9254
7 92 4528
4 31 152
8 14 7332
3 94 6295
3 61 1699
3 6 8443
4 58 3338
5 21 5054
2 76 8675
2 20 393
3 35 714
1 3 6153
5 75 3400
9 22 3293
3 93 7118
8 53 994
10 30 5407
5 15 7076
1 22 6490
8 31 6875
8 45 4813
1 83 4537
6 66 6917
7 80 2087
7 44 5156
8 52 7302
8 42 9335
9 19 5166
9 69 1976
8 45 4086
2 59 5430
2 60 4452
1 91 6002
2 19 7541
4 12 1524
7 35 6309
7 97 4311
7 54 7155
9 40 8423
6 57 3983
3 71 7863
5 5 9661
1 47 6036
3 49 8597
2 30 3543
9 24 8437
4 99 9243
2 96 9052
1 80 7979
7 17 4522
10 69 7080
5 13 6303
5 56 6588
9 46 7072
5 54 1109
5 83 8312
2 2 7194
5 51 7844
8 45 6563
4 21 9540
8 92 8693
7 25 5346
9 80 8064
6 30 6954
3 20 3030
5 94 7325
7 10 5104
8 27 5165
8 51 2049
3 19 1522
1 100 9511
1 14 1105
5 19 3550
7 14 3577
8 34 3476
7 86 7393
9 61 2098
5 8 4438
10 25 6034
7 96 9046
9 67 8061
10 60 3985
4 22 2292
8 81 2568
8 8 5439
3 41 8431
3 83 2305
4 43 9967
6 41 2700
8 20 3366
1 42 2081
2 67 5556
3 14 1739
7 22 2586
5 57 4127
5 74 7447
10 87 9162
4 37 9892
8 30 8660
6 16 5739
10 15 9876
10 74 2218
7 100 3264
4 98 9172
6 90 6612
1 92 3774
3 17 2502
1 39 62
4 72 8678
3 76 690
1 39 1601
1 6 7526
1 34 4046
3 76 1089
9 28 8419
8 72 369
6 57 9623
3 33 4067
7 78 9160
7 67 8198
7 81 1479
2 1 5047
6 53 6321
7 25 2090
9 61 6822
2 61 4700
10 51 3780
2 49 4423
4 88 7964
4 98 2828
10 43 4690
8 4 5355
3 27 6915
6 7 3677
4 31 2736
7 52 7661
7 74 9008
7 38 8110
6 84 5754
9 18 4260
3 53 8034
9 100 4547
2 92 8356
7 15 3092
5 34 4291
7 52 9431
5 97 333
7 98 6496
1 90 7963
3 31 4683
3 59 7869
10 46 3879
9 45 8266
9 57 848
1 94 7049
2 23 9720
6 39 8375
5 53 5261
3 37 5255
9 14 4106
9 87 5401
6 32 2982
7 28 9170
9 86 6773
7 74 9322
5 97 3260
10 60 3613
2 37 5388
4 1 5351
4 76 3766
2 83 6659
3 22 9374
10 21 7281
10 7 940
7 73 9479
7 86 5354
7 16 8062
2 49 647
10 28 5719
5 57 7542
10 17 6747
8 38 4865
7 15 309
1 73 4327
10 94 1575
5 64 2277
7 96 9104
5 14 8970
10 68 4197
7 86 3683
7 48 2080
5 8 3741
6 4 4626
2 82 7866
10 98 370
9 48 6894
9 53 4969
8 9 7015
3 37 3511
7 41 8874
10 59 9599
9 80 8184
10 14 6956
3 94 945
3 80 9631
6 93 5719
7 25 7478
7 83 8020
9 78 613
3 50 723
4 28 3534
7 91 602
1 38 3494
3 56 3513
3 47 3905
7 89 6794
1 81 7425
10 4 5513
6 39 5257
3 76 113
3 89 5061
9 8 5358
8 43 7428
6 11 542
7 98 1366
2 78 3204
10 84 7750
8 46 6684
7 14 4761
10 86 3400
1 43 8933
4 5 3922
6 70 3712
1 52 2265
2 7 4160
7 85 629
9 63 9464
7 3 4061
9 92 4581
1 52 9993
6 5 7922
8 42 7760
4 45 4268
2 26 8325
6 8 2824
7 100 5552
6 91 9189
6 73 1461
8 69 1277
1 8 6190
8 57 1018
4 16 3013
8 81 161
10 35 5701
6 33 7097
7 46 8492
8 18 4458
8 21 5278
1 70 2885
3 29 3131
8 70 4470
7 13 8938
8 14 3069
10 63 3843
7 10 5143
1 41 7172
7 69 7609
3 61 2671
7 84 5320
9 62 8732
5 18 4933
2 7 7998
7 32 8252
9 91 6911
5 58 480
1 8 9002
6 89 7398
8 87 2077
6 88 3606
3 88 4380
3 81 543
4 72 1123
4 48 5819
1 61 9816
1 51 328
10 98 3176
4 82 8524
1 82 2381
4 82 4615
2 81 2444
10 69 2226
7 42 2339
7 81 6950
3 85 6012
7 70 3748
2 16 7139
7 8 6188
8 26 4496
10 1 3908
10 77 1127
9 4 6752
3 62 1322
10 8 3800
1 72 7762
5 74 9597
9 53 4172
8 20 7873
4 39 8465
8 12 6864
7 93 9886
5 83 6758
4 15 6656
3 95 5054
3 79 2262
7 68 4887
9 97 7558
3 15 9870
2 52 7768
3 10 7936
1 98 6801
9 55 1985
9 68 8116
10 34 5419
2 89 1362
2 63 7023
10 92 1185
1 71 3360
9 95 5876
9 62 3496
6 59 342
10 29 1832
1 46 714
5 6 7679
8 43 9351
6 86 4140
2 9 9989
1 7 1253
6 85 3239
3 18 8246
4 58 4350
1 87 1541
2 44 3864
2 28 7883
9 43 204
4 27 740
1 50 1924
7 92 6622
6 77 1099
1 34 9952
4 41 9753
4 49 7669
10 46 4133
7 95 2358
6 52 3727
1 78 3603
5 50 2782
9 55 9608
1 12 5833
8 19 4668
8 33 2121
3 94 8572
5 82 9564
2 47 9558
2 16 9799
10 84 9048
3 10 3516
1 80 766
3 54 9578
1 8 2333
1 40 4864
1 77 3445
1 28 1764
7 83 9936
6 75 7564
6 6 58
4 64 8545
3 82 376
2 72 5957
4 31 5750
5 56 6775
3 1 3339
9 85 7533
1 94 9605
9 11 393
5 34 2152
1 60 1625
7 77 1381
7 35 677
3 99 3074
5 74 6772
2 40 7971
1 12 4669
5 27 9946
10 50 6664
6 57 5046
4 41 2676
7 39 8193
8 74 5233
1 25 37
5 25 1796
4 69 6133
1 9 5740
2 27 6434
4 59 8872
10 2 7631
10 67 3750
2 41 6430
2 43 9657
1 18 3371
5 1 4469
3 59 5632
4 57 6999
1 80 2446
8 7 3780
7 77 6702
3 89 5796
6 45 6098
9 69 4633
1 8 5406
3 22 5228
8 43 6574
10 43 7118
8 87 8446
6 1 2
2 49 9749
5 98 3552
2 12 975
7 5 9460
6 88 5035
2 53 2618
2 38 1300
7 57 1404
1 43 6645
3 16 3562
10 63 9454
10 7 1419
6 9 5398
4 25 9308
2 36 6069
9 89 1917
10 22 4004
9 96 7168
8 17 8821
5 100 6443
9 16 5138
7 10 9664
6 60 2344
6 63 3411
9 13 2178
3 99 8674
10 60 1841
10 39 2963
6 43 831
8 22 4043
1 46 7555
1 75 9838
1 5 8302
10 98 352
6 13 8563
5 55 6849
4 82 2342
8 63 7638
7 44 4453
5 100 9770
3 96 193
10 14 1025
8 48 1013
1 49 9784
5 73 1165
5 58 6830
10 12 8951
2 99 629
8 5 1985
4 11 5250
7 74 6562
6 86 6415
5 35 7964
7 26 2582
9 34 902
2 53 2487
9 58 1983
7 24 6378
10 48 3406
3 66 7478
4 6 4193
6 80 8
5 94 5387
1 79 2118
6 66 4851
9 9 3104
3 63 7602
5 73 1175
8 61 5066
2 7 6129
8 12 9751
6 18 5275
2 67 7616
7 41 8107
9 75 9556
7 51 5209
1 99 3957
5 38 2121
5 76 4477
5 11 4637
7 98 5273
4 99 9060
7 83 9577
10 100 6564
2 51 8525
10 8 3096
3 1 4834
4 29 8107
9 23 872
1 7 1617
5 99 9686
10 84 5778
4 2 4620
9 16 2436
1 80 1180
7 91 3470
4 46 3812
8 28 9348
5 26 4265
10 35 2864
9 16 4591
2 92 2425
3 8 7489
6 38 8010
10 88 6262
10 94 4343
5 40 4858
2 88 2222
10 81 1944
2 37 3469
6 4 534
4 93 4269
5 97 5083
9 75 7072
3 61 7228
4 8 6539
10 35 9000
2 37 9375
7 29 1014
4 34 5799
5 19 337
9 83 5642
10 93 4479
9 98 7709
9 81 4023
2 39 8980
6 30 4339
4 92 7608
8 98 5890
7 4 9907
2 37 8800
3 53 4567
2 13 4705
5 72 4869
1 34 1450
2 96 5781
3 86 5903
6 32 5138
6 85 5205
9 75 8044
2 27 8598
3 62 2172
2 84 3373
9 44 5598
9 32 6059
2 88 346
5 2 6480
2 41 4369
8 74 121
9 21 9152
1 58 4550
8 69 3642
7 35 9085
2 34 2977
1 93 5210
8 63 2916
10 57 2836
10 20 6860
3 69 3888
5 84 5617
6 66 3731
10 95 6485
2 86 6319
2 51 2839
9 4 4120
5 10 4151
8 84 9714
6 100 3711
9 39 5919
8 49 8134
3 31 7170
10 42 5442
2 34 1361
4 47 1969
8 32 5599
4 16 7855
6 41 1799
1 11 9829
6 45 2799
3 13 1349
1 48 6998
2 47 3111
2 99 6667
6 58 608
1 46 3040
9 39 6218
5 3 5583
4 51 2540
5 15 1312
9 77 7962
3 56 5729
8 54 6929
6 82 8471
1 57 7718
3 35 9316
10 2 882
4 49 1036
1 34 8021
7 9 4420
3 92 6975
5 47 760
8 85 8913
10 91 1638
2 44 5147
5 100 6322
7 29 3836
7 23 344
2 36 2801
4 79 602
4 82 1741
9 27 6244
5 98 1237
3 98 8249
6 90 4172
4 42 2393
10 67 4907
5 65 561
5 26 8275
9 84 7761
8 85 3353
2 42 5704
7 45 9881
8 20 4736
2 3 8022
5 55 8676
8 3 3794
1 29 803
2 14 4229
6 83 4109
7 100 6594
9 63 6569
2 84 4190
10 95 1874
7 27 765
4 98 4161
7 6 5815
8 66 261
5 82 6323
7 70 4590
10 62 3246
3 68 373
1 63 6474
3 61 703
7 68 1377
2 21 1007
8 94 6658
9 24 6916
8 63 6918
4 93 4778
6 27 1993
9 18 1192
5 91 8898
10 91 8285
5 56 795
10 54 4134
4 11 8067
6 70 989
5 51 2946
6 20 5372
3 36 7208
7 84 2468
2 10 6604
6 32 9371
9 20 7606
1 24 2472
10 36 2817
7 77 6537
4 63 6655
9 44 6682
1 81 8502
7 65 6285
7 47 6735
6 2 386
9 30 8540
1 99 3367
1 40 9592
4 1 9837
1 9 8637
1 77 338
3 32 6069
7 28 644
1 82 2785
4 86 3410
1 9 8661
10 35 257
9 65 8027
10 60 2422
8 70 1256
6 25 6217
5 22 3354
6 59 4521
8 40 1688
2 53 3560
1 34 3921
4 33 7850
3 4 165
7 22 4835
7 66 8095
3 27 1153
4 62 1060
9 46 5778
9 76 8976
3 84 6189
1 98 2114
2 90 1522
7 40 5803
2 85 1142
8 50 3346
9 97 4221
3 70 1551
1 72 6669
8 1 7042
10 34 565
8 33 4221
4 7 710
3 45 7914
6 38 4236
1 36 7285
2 67 3031
2 24 5856
1 84 2393
7 78 3887
1 16 9162
7 68 4459
4 51 6854
9 94 8383
10 41 4780
7 68 3081
5 14 9997
6 17 545
8 41 8376
9 89 1328
4 38 3220
10 55 3103
8 16 7955
10 14 7543
6 48 9918
7 25 8201
1 3 5878
6 21 9777
9 84 5595
7 63 9675
6 63 847
6 41 5373
4 42 4321
8 47 793
7 21 4726
7 58 1306
10 77 5131
10 92 4795
10 66 2240
10 11 1059
7 61 25
2 80 8904
9 1 6149
4 84 901
7 100 1027
4 48 5955
8 4 30
7 42 7223
4 76 3902
8 68 6632
9 20 6219
2 17 3675
7 15 8516
10 90 7436
2 72 2881
5 55 8321
6 66 1513
6 66 7398
5 100 5126
1 12 4385
9 37 3319
6 50 4314
1 1 3232
9 25 5227
3 23 2971
7 86 1285
1 38 8281
8 45 892
8 11 7845
10 51 1565
5 17 3007
2 89 9403
3 24 7381
7 78 6936
8 22 6948
10 99 4808
1 3 6396
6 13 4374
10 62 9657
9 78 7844
5 65 7073
7 52 2126
3 12 8319
7 38 7608
3 63 7933
6 3 2497
2 77 1664
6 73 3207
3 45 7073
1 100 5534
6 91 225
8 97 46
6 90 2663
3 33 944
9 80 5663
10 26 5809
9 41 720
3 41 9112
4 2 8584
1 72 5140
4 77 3252
8 95 3081
7 20 1986
7 39 7975
5 52 6045
8 27 4720
10 63 2531
8 90 8468
5 28 3530
2 94 3880
1 15 3027
3 97 7437
4 31 874
3 74 2547
1 46 8834
1 31 7398
8 52 7265
7 52 696
8 54 2425
5 13 8040
7 29 6858
3 13 5450
2 3 7334
4 60 2081
5 15 5504
10 14 2038
6 67 6417
8 32 3174
9 24 9741
5 31 657
3 77 7458
4 69 6691
8 54 2730
4 96 4368
4 17 5700
8 34 9476
4 43 5983
5 96 8571
1 43 6147
7 94 4707
5 59 8975
2 27 2119
9 52 6912
10 95 3918
7 59 123
10 88 1715
2 89 2203
4 13 767
3 4 7090
3 96 164
6 73 2069
4 96 9793
10 23 9129
2 26 693
6 91 8571
8 33 7899
5 61 363
1 17 3462
1 33 1824
3 39 455
10 18 2421
1 60 5755
6 94 5078
9 90 2337
9 43 3898
5 82 2252
8 78 9297
6 74 3087
7 31 246
10 11 1135
2 100 3642
5 11 4523
9 45 1296
10 36 4389
7 75 4626
9 71 4930
5 55 4750
10 71 7365
7 95 9483
10 71 9598
8 24 1518
3 45 1975
10 28 4069
4 80 9064
3 82 9225
6 85 9152
3 19 4186
1 43 8977
1 19 5724
4 79 2784
3 73 5337
5 61 5951
2 3 323
7 47 210
7 16 4307
8 69 3341
10 74 2481
9 22 3383
10 48 5122
9 18 4515
9 45 251
10 3 4662
6 33 1115
9 21 7903
9 46 3778
10 12 4587
5 5 1193
10 43 6767
5 36 6399
10 43 4795
4 98 1094
6 58 7742
6 85 2012
6 76 3793
6 48 893
7 48 1697
4 46 2642
4 31 1654
7 60 6734
3 28 9102
6 36 6651
10 15 8692
8 95 1619
4 25 7402
4 35 6908
9 39 8528
8 18 5260
2 65 4803
4 3 8156
2 44 5481
10 87 7212
6 16 4086
8 53 7004
5 93 7643
10 33 8498
4 36 9638
7 93 6225
10 9 578
4 55 4065
10 46 8735
8 31 6407
4 12 3327
8 39 8839
1 99 9977
8 38 3108
2 72 6965
4 22 8915
3 29 3103
8 68 4693
9 1 7820
4 82 5747
6 82 7108
8 50 1480
5 16 7168
6 56 1184
8 97 4571
1 26 9523
8 73 4099
3 81 8175
2 50 4654
10 35 3346
2 33 8928
1 100 2747
2 53 8382
10 15 8869
5 39 1672
5 58 7530
7 63 3316
6 85 4167
8 39 118
7 7 8344
4 35 6308
9 44 9759
7 54 6291
8 45 9079
6 35 2494
9 50 84
6 94 4867
8 12 3431
4 50 7131
7 44 8498
10 15 8193
1 93 8468
8 82 7114
4 77 7268
10 95 8181
1 44 4614
7 31 1760
4 18 3772
8 92 2806
8 85 6461
6 64 5939
8 66 9719
2 32 856
1 12 768
5 24 8456
2 38 1579
2 60 5302
8 47 7289
8 13 1137
4 15 303
10 89 4491
3 53 1453
3 98 2125
7 62 3129
5 21 5520
5 45 4667
5 36 4042
2 31 2035
8 63 3584
4 92 4935
3 41 8555
6 13 6098
7 9 2086
5 75 9981
10 74 4863
3 76 8542
2 4 410
8 20 7676
7 28 1884
4 59 7134
5 34 6457
3 82 3181
7 34 4325
1 93 1760
9 97 4651
10 53 8389
8 36 2652
8 37 881
2 82 8073
9 88 1760
4 63 7369
10 7 4213
10 55 7532
9 91 6596
8 48 4697
6 28 5987
7 3 6287
4 10 8785
2 76 4363
8 37 8033
4 15 1950
9 52 6608
10 52 8767
9 78 5108
7 8 1438
4 31 2049
3 75 8244
7 17 5332
3 15 5079
4 66 8149
8 54 3869
1 60 5058
8 27 2657
9 51 9134
10 17 3183
9 64 8042
7 26 7232
5 21 6071
7 88 3502
1 37 7728
5 85 9369
3 90 4206
2 27 1458
7 98 6536
10 17 9497
5 41 4905
5 95 9450
2 16 1226
2 72 6947
9 80 162
4 50 5317
7 86 5434
4 68 8870
10 73 3304
5 62 8597
9 90 9858
1 92 3475
3 88 7060
6 25 6537
7 87 7854
3 17 4208
8 3 7228
6 38 8853
3 39 168
6 79 2120
7 48 111
6 50 3501
6 9 6776
5 93 106
5 87 2141
8 53 6360
3 60 9371
10 65 8043
8 55 7073
6 23 7358
4 18 2734
2 97 899
5 24 7792
2 12 5973
8 53 8687
9 50 6736
8 23 9878
6 97 6313
1 80 8712
1 21 9641
6 34 8337
7 3 1670
9 16 7717
8 16 7553
4 61 9993
5 44 4609
5 31 8568
3 40 1786
4 51 1939
9 43 152
10 47 7014
9 68 7155
3 51 8281
3 63 4319
7 10 1040
7 96 1196
9 81 8112
1 22 1307
10 80 7020
5 23 3759
5 46 5773
8 99 1610
8 58 5834
4 31 6095
8 19 3900
4 84 2437
2 99 5583
2 13 2503
4 76 5853
2 87 6697
7 64 5629
8 42 2724
10 56 5872
4 71 3702
1 33 9018
7 1 850
3 76 5490
4 62 5187
8 98 225
7 29 7701
6 94 2150
2 45 6153
3 74 9297
6 58 330
5 37 2721
3 17 8809
10 74 4657
6 85 3351
1 47 4945
7 12 355
10 38 1868
6 44 9463
7 59 7033
9 91 4148
6 36 7933
3 100 9858
10 32 8501
7 10 5965
9 7 932
3 97 7772
7 91 3314
7 39 2131
9 74 6391
6 53 3856
3 67 6387
6 44 3634
10 6 2849
7 40 8208
7 23 4836
4 74 4572
3 70 6672
3 56 5798
8 72 9531
8 50 1231
7 52 705
9 9 3829
10 72 1576
6 99 2784
5 95 6518
1 11 7088
4 49 570
2 72 8723
1 58 9644
2 56 9125
5 67 4907
4 41 4564
1 45 3511
10 97 4713
2 13 7647
8 77 6738
4 58 8275
10 96 7838
3 44 6971
3 4 1613
6 19 4156
5 55 1838
3 3 7472
7 12 298
6 93 6864
2 25 4287
10 73 9269
2 72 6455
2 14 7446
4 39 5556
7 88 1767
8 80 3949
8 43 3964
9 6 3783
7 90 4566
4 50 2500
9 24 5226
6 61 6413
10 20 9262
2 82 3504
4 8 9988
10 28 2890
9 71 2281
2 86 9378
1 36 3449
3 50 329
2 8 3959
2 17 1
5 66 1013
7 49 3250
3 8 5981
4 11 3649
6 37 8119
9 26 8995
10 20 960
10 2 6299
2 75 4187
10 18 9352
3 63 5375
2 57 8867
3 85 2893
5 62 9494
4 21 1623
7 91 7011
6 97 3100
8 1 1932
1 52 1657
8 28 7102
6 66 2808
4 13 6986
10 93 3392
3 23 2924
5 91 7444
4 42 5654
5 83 3301
6 60 5096
7 35 3637
10 46 5922
5 3 6361
1 73 5740
8 47 7781
1 85 3208
2 76 6127
4 25 2118
9 80 340
4 28 1932
10 75 7473
8 59 4685
10 8 8348
8 31 3807
7 12 38
1 52 1726
3 61 6818
9 30 8793
8 7 2924
6 50 167
10 68 6633
3 13 4964
7 78 9129
10 27 9073
5 85 1206
3 80 3374
4 54 9983
7 61 3098
5 17 8184
4 66 7956
10 29 1277
3 40 4432
3 57 6125
9 13 815
3 28 4517
6 20 8278
7 18 5068
7 14 7468
4 71 6183
8 18 7681
1 47 4226
5 19 1908
3 65 9797
5 85 9634
10 68 647
6 45 6878
9 49 830
6 66 9425
8 37 8988
6 83 7100
4 63 6709
4 36 6813
6 90 3423
9 5 9988
7 98 6132
7 23 7916
6 48 3723
4 45 190
4 71 1183
3 39 4626
4 52 7777
10 74 764
8 92 9341
10 31 2560
9 50 3113
9 60 1867
8 46 1247
3 55 2243
1 80 79
4 31 954
2 7 1104
5 11 1571
6 10 1265
2 79 9134
10 19 7488
3 76 9799
9 7 1386
10 85 832
8 70 2646
3 62 1567
7 94 1519
7 55 5807
4 5 3949
2 90 8303
1 80 8769
5 51 1221
8 98 8030
8 39 8122
9 1 4493
3 45 970
3 61 9330
10 63 1827
4 18 2040
2 96 7891
2 26 7280
9 48 2393
10 11 4074
7 83 5661
6 78 5283
4 24 9542
3 31 4667
6 32 7521
7 38 5930
6 60 1668
7 38 6721
4 59 531
1 39 2021
8 51 634
9 32 1151
8 92 2578
10 10 8675
3 93 251
2 57 605
8 94 6465
9 52 3601
5 29 6289
3 42 7158
4 66 2521
1 6 6219
7 14 5983
9 30 175
1 75 832
6 95 4163
10 10 4690
3 77 633
5 97 3256
10 60 8414
6 75 5983
10 73 7721
7 57 6285
3 31 5562
6 1 6879
4 9 6566
7 56 5182
5 17 1671
9 59 5525
10 35 859
8 97 8367
9 10 1392
3 39 7847
9 58 5593
5 1 973
2 49 9459
4 75 311
5 98 837
10 58 462
9 65 5601
6 14 1744
9 79 6011
8 34 2311
6 64 7929
5 76 2757
5 21 5400
1 36 7706
5 73 4485
6 38 7289
1 54 6352
8 22 6861
3 55 4064
9 95 9807
4 39 9736
9 75 3701
2 45 7624
3 19 3599
9 16 346
2 15 3901
1 89 47
7 62 8584
1 4 2194
10 96 5668
7 35 3011
8 31 1233
7 42 2546
8 32 7643
7 86 2334
4 77 8387
4 4 7307
1 16 9069
5 51 58
9 60 9703
3 89 7854
1 29 4255
9 24 3574
9 89 2130
1 11 3242
7 6 10
8 3 5435
5 33 6792
6 54 2423
7 33 5619
9 82 9614
2 38 38
6 58 8881
1 33 6144
2 5 7432
2 99 6470
2 76 3046
10 5 9384
6 31 5669
5 42 900
6 21 5997
6 28 2280
2 12 9451
1 91 1039
4 92 6930
7 91 5266
2 42 9017
1 3 9773
9 78 6220
2 8 8131
1 83 2763
10 24 3495
3 61 4828
4 89 7691
4 12 7206
5 66 917
8 10 8099
1 66 7103
5 69 5996
4 96 841
4 54 2479
1 83 9173
10 45 8533
8 49 5614
4 33 7804
9 72 9950
1 44 7356
3 73 4301
6 68 6637
3 86 4412
3 11 9677
1 76 2728
10 90 8254
6 22 9636
7 91 2405
2 3 2755
7 100 2749
8 63 4927
5 3 2176
1 21 4927
1 100 4596
3 92 5301
4 99 9486
6 84 6553
9 80 2895
7 45 8551
6 32 8040
9 94 7545
7 67 2679
2 41 4245
6 65 8642
10 40 330
10 32 2098
3 59 6332
6 90 848
7 6 5457
7 21 5443
5 63 3604
7 6 1145
6 21 9759
10 60 2581
6 67 5779
4 44 223
8 81 1404
2 21 5814
3 28 7430
4 54 9849
9 100 6276
3 28 9688
9 29 7080
8 16 2337
9 94 9975
2 48 1240
1 4 628
6 94 5285
5 71 851
9 38 8278
5 47 7752
10 1 5336
1 30 5666
9 63 740
7 94 9806
8 100 9361
6 43 9637
3 84 427
6 2 5002
8 48 1318
5 90 1438
8 74 2518
5 69 6800
5 81 3113
5 3 4162
3 29 9550
7 89 3473
3 82 2646
8 51 2723
5 55 8918
7 35 6238
10 12 4836
3 25 1388
4 88 229
9 89 9469
3 3 3898
10 57 342
9 30 7200
7 88 3557
9 81 9103
3 31 5299
4 2 9853
9 95 2614
8 55 509
8 78 5453
9 74 5019
1 62 2345
5 98 5240
1 7 1061
3 39 1687
5 35 6021
8 89 4406
2 50 3355
4 15 7389
4 14 2712
3 33 603
3 68 392
1 1 113
3 59 6085
9 71 1190
6 74 4121
2 83 5738
8 64 3200
2 94 5793
7 37 7363
10 71 1357
4 89 852
4 45 447
6 88 3747
2 3 7445
5 95 4911
10 6 3431
1 64 3173
6 15 2191
7 34 1135
9 21 415
5 34 3236
6 97 6310
5 85 265
8 29 7542
9 44 8612
7 61 886
2 3 3861
10 75 2783
6 65 6976
5 19 927
5 90 3299
1 23 6341
3 5 1825
3 8 4901
10 30 7086
4 69 5291
5 60 6360
6 51 7614
8 11 715
6 17 195
6 71 7445
1 49 4969
8 89 5914
7 70 1300
6 52 5357
10 49 7434
7 40 2400
3 5 3657
6 59 6811
4 58 3466
9 10 1471
7 32 920
8 61 4598
5 86 5738
9 100 2933
8 43 3256
10 97 158
8 34 8345
8 21 6694
5 92 1514
4 84 8011
4 39 5732
7 7 1895
1 23 4368
4 97 3053
7 18 3980
2 7 5022
8 70 7336
5 92 2982
10 44 9828
4 32 7810
10 64 386
7 64 6915
6 42 388
5 57 2993
7 6 1570
7 15 1243
10 45 2592
9 41 8157
3 76 8961
4 3 508
7 3 9445
10 39 2319
10 58 2013
3 51 4708
2 40 3079
4 24 9020
7 59 1954
8 89 9934
7 81 7599
4 53 7322
5 95 6951
2 43 5068
9 48 1494
6 25 8303
3 52 1681
5 41 1356
10 61 3355
5 12 8749
5 25 9289
7 53 5473
2 32 3148
3 99 7897
7 27 2525
4 17 5472
2 32 5169
5 29 4041
1 49 453
3 25 9768
4 83 3291
5 37 5798
2 14 7841
1 7 1801
9 79 5942
1 40 9147
9 6 2395
7 47 9983
8 77 8722
1 41 4505
1 18 220
5 1 3641
7 78 5342
5 47 1502
7 27 8656
1 46 5157
1 36 2675
7 83 8310
5 94 9173
1 8 2127
7 22 7353
7 42 1495
5 30 1980
4 56 1076
10 4 2121
7 88 2619
1 71 5182
3 28 9563
5 67 8084
8 81 3710
3 64 9810
3 52 8239
4 4 9769
4 68 2005
2 95 1324
3 72 4218
1 97 9003
9 77 1861
10 92 74
3 82 7845
7 96 2282
4 81 7877
4 77 8244
2 38 7441
1 33 5426
7 44 1531
4 16 9705
6 44 2402
5 9 8099
10 1 7877
4 65 1338
4 68 9343
4 97 1898
6 81 7579
8 47 2521
5 51 6783
10 17 5695
10 3 4892
5 28 6739
3 76 2567
2 31 6135
4 75 7
1 10 234
2 58 6426
2 61 6867
1 78 5928
1 57 7263
3 33 3171
9 39 692
10 48 6209
6 95 5213
4 20 8182
1 61 7182
7 36 6680
8 61 7014
7 55 3626
7 36 7580
2 35 9187
6 34 4597
5 25 4204
4 47 1661
6 22 8445
8 20 8782
1 73 1170
5 6 4188
9 20 8843
9 27 7795
6 51 806
2 81 9201
5 29 8391
2 79 4769
10 98 4247
9 18 8833
6 5 536
10 47 8609
9 28 1746
7 30 375
1 65 5526
4 25 3646
7 26 8242
2 82 6756
9 63 6060
7 45 9477
10 64 9120
3 100 9122
4 26 2264
2 65 6129
4 30 1863
1 10 1876
9 95 4025
7 62 4261
1 95 9742
6 15 4296
4 43 9263
6 40 8290
1 1 2722
10 93 4740
2 37 6274
9 86 5752
7 42 5330
1 53 4733
8 100 3253
9 66 8289
4 29 1924
3 49 5904
10 22 7950
7 89 7963
8 46 3057
10 94 4980
3 80 9702
4 53 8613
1 5 5932
10 46 4789
2 1 3726
1 16 9337
8 56 1535
5 80 5753
1 39 4752
3 8 5157
9 74 7208
10 84 8475
9 35 5793
4 33 4651
9 36 6462
3 61 2706
5 8 9628
5 21 1737
1 35 5003
6 4 801
7 69 7276
2 75 828
2 67 1081
10 35 6449
2 60 7175
6 57 5420
8 41 3468
6 85 6882
10 62 2209
1 20 8268
10 83 4422
2 23 4700
8 34 702
10 53 5507
5 82 2952
1 66 3295
4 90 3581
10 44 9996
8 37 1466
4 26 3372
2 3 6047
7 18 217
5 20 632
7 29 4538
5 58 5650
6 76 6966
10 56 3987
8 10 2943
5 53 2055
2 32 8012
7 48 8001
8 63 7134
8 2 7835
1 74 347
5 83 1632
3 53 535
10 23 4946
10 88 6950
6 88 4501
10 88 8545
1 95 2076
10 86 9521
4 7 205
5 43 4305
7 44 6658
2 30 3572
1 14 9398
5 96 7094
7 23 6569
1 48 3978
8 98 6861
10 94 7384
10 44 5707
8 15 6375
6 81 740
8 11 7357
9 41 7182
3 50 612
8 96 1871
6 78 5460
7 24 2987
1 93 2043
8 60 9709
6 39 9042
4 63 8800
3 27 5504
2 84 9374
8 79 4046
6 92 5969
9 2 7326
7 45 1876
8 20 6003
6 59 8831
7 24 5511
2 17 6132
9 98 8514
3 30 3020
6 82 1482
3 2 4965
6 3 2556
3 63 9475
4 69 4574
8 24 8231
7 17 9078
9 71 576
5 66 3212
3 68 8568
3 58 7769
2 39 3871
9 100 2595
1 5 612
5 34 1503
8 24 1069
2 62 688
7 54 1831
7 54 3874
6 4 9502
3 71 2774
5 76 1590
6 90 4159
5 22 5267
8 70 6650
10 45 3966
2 78 1663
9 81 2129
10 57 5277
3 78 3728
7 71 7826
2 33 6541
3 69 1411
3 97 3012
1 71 1241
9 65 8390
10 82 4113
1 95 1789
7 60 1215
5 66 436
1 89 4276
10 88 7380
5 52 8091
6 65 9918
6 61 2148
10 78 8344
1 32 7621
3 93 5002
4 72 8814
4 55 3242
9 56 9699
10 77 8339
6 48 4108
6 76 136
10 3 2895
3 8 5094
6 97 9887
10 83 4133
8 97 3401
4 56 2321
5 52 7191
9 47 855
5 63 5777
9 25 6409
4 44 2360
8 66 89
10 68 2110
3 22 5791
2 6 3622
3 58 7592
10 27 2545
5 44 7503
1 10 2512
6 76 9615
7 3 6078
2 41 3673
4 60 2706
7 41 6566
8 73 3999
8 78 1179
5 36 8090
2 96 8014
5 22 4224
8 24 9519
7 62 3006
2 59 2842
10 16 81
9 88 9305
4 57 9830
1 26 4134
8 69 6222
9 51 9997
7 100 697
9 90 9780
6 63 4326
8 98 6042
5 95 4208
10 47 772
8 62 9321
2 38 7854
7 4 7973
6 97 5672
10 89 4059
9 26 9945
2 92 2442
10 33 7579
5 42 8640
3 22 362
4 3 1106
6 49 7379
4 16 9569
9 21 9357
1 41 2117
4 11 4331
7 48 6298
7 36 8321
5 56 9525
6 81 149
6 60 1843
10 64 2501
6 84 2336
7 45 8791
9 70 527
1 47 1157
3 81 4633
3 98 8396
6 77 8672
8 28 6533
9 24 8548
9 14 7469
5 93 827
8 48 8768
9 1 2015
10 62 8246
1 57 2854
6 20 337
2 28 527
1 80 1371
2 53 954
1 94 2888
1 35 7688
3 66 752
3 98 9365
9 92 483
3 99 6017
10 9 1957
1 83 3180
10 41 6626
1 67 4423
4 74 4444
8 83 6525
1 36 4388
9 22 6763
10 15 7171
8 46 4151
6 20 2414
5 90 3369
1 100 4958
5 27 1690
5 59 2900
9 12 8574
1 77 2799
3 11 1264
7 24 1398
3 88 4960
7 74 4836
6 94 301
9 51 9513
9 16 5811
7 76 6306
8 26 8753
1 23 1782
1 80 5660
10 74 1463
8 49 862
5 91 7941
8 90 7979
8 87 6832
3 41 1941
1 10 3859
6 86 6602
10 12 5683
9 25 6518
4 69 9495
4 61 4804
6 52 8238
10 16 9277
5 14 5907
8 54 4039
10 20 5609
5 56 9702
10 58 90
6 72 7779
6 81 9741
1 63 934
7 95 2808
4 22 1594
7 67 4945
1 18 5716
7 9 419
6 42 3136
5 61 5002
2 45 3194
6 69 604
5 64 2854
7 65 610
8 51 6509
9 31 4694
8 23 2326
1 64 3432
7 75 2864
5 63 3357
8 84 6333
9 73 5984
6 64 7456
7 98 3758
5 13 1749
7 31 9528
8 38 8289
3 79 7468
8 43 9040
5 53 6439
10 5 9466
10 22 247
3 54 6741
8 15 4213
5 51 213
1 47 4270
9 60 2945
6 100 3118
8 51 3384
6 33 4064
5 76 325
4 55 375
10 13 6408
7 44 6141
1 68 1571
4 32 1208
6 26 6921
9 55 1011
4 58 2441
7 23 1055
2 100 8574
8 3 1051
9 65 9803
3 54 3067
1 7 9112
5 77 3746
3 76 4978
4 69 7051
5 55 7515
4 36 5198
5 20 918
6 68 3172
6 76 9017
5 66 1718
6 64 8311
4 54 6208
10 91 4537
3 4 5654
8 22 4902
10 8 6458
5 81 3459
1 12 343
10 72 956
6 1 5887
3 76 2852
2 25 6166
2 89 7289
5 23 3865
10 29 8388
10 29 761
6 80 6963
8 82 5779
2 17 3279
2 90 2530
9 3 3851
7 35 8654
3 68 6282
7 61 9424
1 73 4137
3 14 6509
3 41 7749
5 89 729
5 29 500
3 83 6051
6 100 5409
9 61 9661
7 97 3620
10 56 9449
9 83 7349
5 63 7955
10 71 3928
9 77 4008
10 4 8136
5 48 9872
9 64 7503
10 21 3405
9 22 4139
5 80 5176
6 23 5725
3 84 7555
3 20 9058
3 15 3822
5 43 3451
2 93 2893
5 13 9643
9 84 6302
6 29 6523
1 53 565
8 49 6204
9 11 7920
6 75 1224
1 84 3607
5 11 3715
7 47 226
1 33 2399
6 59 4929
9 53 6018
4 88 8239
7 92 1315
3 43 8984
4 93 9242
8 1 6395
6 80 4069
8 44 5819
6 42 2456
9 9 8373
2 2 4108
3 2 2916
3 1 1095
3 22 6219
7 12 5096
2 37 3770
7 85 4434
9 80 8489
10 34 8848
4 74 1503
3 30 8087
3 54 5772
10 74 9137
1 35 5687
4 76 8194
10 69 1609
9 41 2030
2 11 805
6 8 4378
10 19 9592
8 60 6157
6 98 2391
10 6 3252
10 19 3206
1 69 7790
8 87 7142
9 84 5733
9 73 4382
7 62 3832
10 41 1282
2 83 6505
10 62 3557
9 13 9131
8 53 9183
7 57 8753
5 97 7753
9 68 7320
9 55 4832
9 94 1203
2 60 2232
5 64 2758
5 65 1154
7 86 3150
2 95 1447
3 70 6683
1 67 3414
6 11 5345
6 19 4806
9 32 349
10 83 10000
8 27 4322
4 93 1455
4 89 2404
2 72 3837
1 89 108
9 12 2810
1 55 4144
1 99 6239
8 50 1184
2 72 2592
3 90 4418
5 99 977
9 18 1947
9 49 3026
10 9 1231
4 71 3960
7 74 1450
7 95 3995
6 82 8679
8 13 6110
3 80 9459
2 92 1743
2 6 7496
10 46 6825
10 5 5388
1 77 792
7 89 6697
10 90 2085
4 71 4531
9 31 5552
2 74 3599
1 61 927
3 93 9306
2 84 8474
7 43 3750
10 15 5336
2 56 8933
2 21 8052
7 21 276
10 35 8090
7 3 1262
8 9 4016
9 22 9125
3 27 7146
1 90 4221
1 32 1119
4 32 3282
1 14 950
5 1 1111
7 18 620
3 92 9629
8 18 6775
5 36 1998
3 26 2203
10 32 946
3 48 1147
7 29 6549
8 52 3356
8 94 9710
9 47 2030
4 49 8261
8 83 9554
10 16 3270
1 64 845
2 9 1803
1 100 6121
9 55 9040
9 17 4708
1 93 5190
2 26 9435
8 89 5132
3 35 3607
4 84 5106
7 61 1157
9 30 5387
4 21 7277
10 88 3440
2 24 5832
8 29 4062
9 1 4870
9 11 8063
6 65 5874
4 99 7542
7 88 6432
5 87 1203
4 88 1020
6 2 682
1 18 6223
6 90 5642
8 55 189
2 68 438
4 17 1263
8 9 4025
9 54 317
10 89 7204
8 91 2034
1 76 68
1 37 8312
4 77 6274
9 62 2942
3 31 5239
6 60 114
3 9 2988
2 71 3248
5 15 514
9 22 5400
6 33 2260
8 38 3354
4 46 3853
7 63 4697
1 56 2513
4 57 1970
3 75 1028
8 74 4122
8 71 2992
6 37 8436
10 10 4092
8 91 3006
3 2 4919
1 60 1802
8 61 2532
10 22 8043
4 93 4554
5 34 6124
8 30 5270
5 86 9183
8 99 7477
5 40 4114
10 67 4315
8 73 5995
4 57 4756
1 88 3492
3 3 2474
2 30 853
9 19 7606
3 77 5023
4 42 3211
3 90 2090
9 80 9907
2 15 4592
3 4 2995
6 75 2031
4 17 3363
2 79 6580
3 20 9459
7 77 7192
9 20 1450
2 44 1750
8 53 8660
5 60 404
5 61 1704
9 26 5737
8 87 5146
7 79 1645
7 55 3950
6 24 7321
9 2 4221
4 47 1800
4 49 4573
3 49 2617
10 97 6544
8 43 2659
2 28 2263
6 77 5354
6 76 233
9 40 2170
6 90 6246
4 38 2770
4 14 8956
1 21 7481
5 13 8371
9 74 6877
1 63 2576
8 92 7650
4 20 9224
9 73 2793
7 14 3196
6 84 449
7 75 3792
8 42 9373
1 75 2553
6 4 1365
6 28 1590
7 78 3436
10 50 2782
3 65 8997
6 10 1098
9 81 6149
3 53 9734
9 37 8388
10 77 9888
1 48 7083
10 27 9805
2 81 5088
2 62 5558
6 27 2518
6 87 3723
9 45 2926
7 51 1835
8 4 7264
6 93 2396
6 6 5523
2 59 9342
2 56 9116
1 27 2054
8 19 6032
1 30 1936
2 21 8957
3 84 1215
8 19 6101
8 77 877
10 4 5414
7 37 5421
10 42 7699
9 61 4398
10 87 8165
6 73 8868
8 20 4416
3 75 4494
5 100 5141
4 73 4099
5 45 161
6 43 2834
4 15 2386
8 90 1360
5 82 5934
5 75 4290
1 79 9039
2 72 8883
10 55 2711
10 95 7041
5 17 3417
5 32 9701
1 28 7907
7 10 3899
5 23 2290
7 11 4981
1 60 4972
1 62 1399
7 43 1147
9 53 8439
9 48 8225
3 17 9750
7 71 6369
3 10 458
5 25 1767
8 44 8470
4 35 4250
6 80 9524
7 57 3467
3 47 3814
4 72 2715
9 8 355
5 71 1533
2 23 6561
3 40 2562
4 63 6140
10 41 9500
8 19 7484
1 99 1588
8 18 7295
10 75 948
3 82 478
2 89 2301
10 32 6445
3 51 2268
8 49 653
6 12 8648
10 56 4464
3 59 9621
10 3 9675
10 90 6268
6 30 7684
3 89 8422
6 40 9264
4 80 8139
9 58 9029
10 27 305
2 96 1812
7 69 668
4 22 945
7 19 1928
1 92 8092
6 69 340
1 74 2254
8 54 9678
1 79 5449
10 69 5747
9 70 9278
9 29 5760
3 74 5391
2 20 6519
8 72 5589
2 86 5355
2 15 4739
7 95 2310
2 8 5041
8 57 8102
3 86 6323
10 10 5119
10 96 8109
9 67 7068
4 73 5624
3 34 4230
9 82 5911
9 32 9071
5 80 5313
4 99 6018
9 45 3892
1 35 7628
5 4 897
2 2 5204
3 50 2307
2 10 8019
8 90 1774
9 72 7766
7 7 1248
10 37 4001
9 87 4496
2 20 9386
5 58 903
10 84 2621
10 72 8390
8 26 2002
6 54 7577
4 20 3066
4 58 9277
3 93 5283
6 44 800
10 35 4574
2 38 6009
4 44 6114
4 50 508
3 15 8214
9 71 9724
7 17 5633
5 82 2358
8 63 6133
4 51 3280
5 31 3499
6 90 225
5 34 7884
4 29 5586
8 49 6158
1 95 1118
5 84 3991
3 43 73
8 30 9008
2 74 5480
4 82 4187
6 97 2140
3 65 8602
2 55 9143
7 97 2742
7 62 2918
2 15 1553
3 21 3334
7 76 1057
5 90 278
1 57 2585
2 51 1454
2 30 1894
5 58 5883
8 37 5237
9 62 9734
10 28 930
9 98 5717
5 99 5037
10 59 8915
10 11 7546
8 74 3118
6 57 4812
5 71 8576
10 18 2020
4 47 5321
1 87 8066
10 4 5856
9 87 2645
6 85 7038
8 40 1535
7 37 8441
10 60 6468
7 97 1013
10 87 5788
6 51 1678
6 14 6216
8 18 8430
9 33 235
9 78 9941
2 53 710
2 35 1839
3 90 9144
9 25 2176
4 61 9565
10 87 1380
6 12 4339
7 91 8259
6 81 7210
8 68 4592
1 75 5869
9 24 1080
9 70 5793
7 91 8942
1 38 4659
1 40 4463
1 75 9189
8 24 1300
3 34 6002
1 83 2320
1 12 5147
10 5 7417
4 68 9046
5 13 9945
5 78 5339
4 35 3162
3 53 3811
2 46 3444
6 94 4870
3 86 244
5 87 9300
1 20 2613
5 76 2947
3 86 901
2 66 8934
6 20 5589
4 43 2110
2 8 5042
6 66 3291
6 42 360
1 42 8221
5 87 254
8 20 4573
6 58 1266
4 46 3096
4 9 301
9 78 9901
4 56 2834
6 15 1592
6 11 1201
9 46 292
7 40 8172
1 9 1026
8 14 6414
4 9 3990
9 12 9488
1 51 4967
7 54 3910
8 50 4449
9 59 9363
6 58 4807
5 5 301
6 64 2309
6 83 9306
9 31 5376
2 99 5976
6 26 3702
5 17 6282
6 62 8159
8 41 8093
9 16 6370
1 99 4798
2 6 753
6 81 810
2 44 5290
7 71 9017
6 72 8247
3 13 4076
1 17 5081
7 37 1534
1 14 2452
9 17 9003
6 83 7752
8 94 8779
4 60 533
8 11 7621
7 82 7877
10 58 7841
9 84 4657
3 27 6397
6 80 5529
6 77 5342
5 10 1202
1 89 400
4 60 7506
5 8 1207
8 86 6399
5 93 9692
2 100 2835
6 41 2869
5 1 7941
8 87 9355
8 67 9792
5 20 5781
8 12 4258
4 28 7274
9 15 8462
5 50 5272
5 22 4194
9 43 3527
1 13 5273
5 35 2649
3 73 4221
7 48 1602
9 58 7399
1 70 880
6 58 785
1 20 6199
2 21 7276
9 10 1048
5 49 7003
9 65 9097
8 4 5609
1 32 3701
7 22 7185
7 72 9269
6 85 7187
7 87 9007
4 20 1363
3 88 5925
6 69 430
7 64 6890
5 10 1859
7 9 7553
10 36 6703
10 3 5082
4 48 8375
2 27 8421
2 26 6111
3 90 8298
9 67 3124
10 10 7421
5 10 568
3 60 698
5 25 279
3 6 7263
3 92 773
8 5 4645
3 93 8690
10 76 1959
10 89 9211
5 81 4220
8 6 4540
7 40 760
2 24 2499
10 95 2199
6 51 9188
1 13 8620
2 16 591
6 86 5719
8 84 7974
4 31 1143
9 77 646
4 32 6203
4 8 4856
8 18 2095
7 3 4248
4 99 5927
7 72 3896
9 28 2559
4 28 491
3 18 460
9 47 5242
5 61 1943
2 85 5871
3 6 9571
6 73 1782
5 14 2258
2 57 8873
4 29 5626
3 81 2944
9 43 3746
8 48 4112
7 69 2953
9 56 1031
8 48 7879
9 47 1481
5 45 1301
5 51 7889
8 64 1244
10 60 547
1 58 3744
8 63 2994
5 53 5379
3 64 5710
9 13 531
1 56 5615
10 46 5904
10 61 8820
8 83 8816
3 43 7328
3 37 170
10 48 1743
2 70 8092
8 90 1014
5 91 7559
6 13 544
5 5 9828
1 24 1794
4 47 5277
10 75 5137
4 46 3414
6 24 9632
7 80 2215
1 37 7159
6 47 8122
3 44 6937
8 89 9653
2 93 8593
6 28 9697
1 55 3932
2 48 8206
2 86 2337
2 86 7259
3 17 5731
4 24 7218
2 70 5464
9 82 8820
4 32 6427
5 52 5150
3 46 9495
9 13 6928
5 38 3919
2 90 7322
8 18 9868
1 20 1103
10 73 125
7 33 2047
6 84 3559
3 95 5133
7 66 6299
4 47 886
2 8 44
5 10 2559
6 84 6937
3 91 255
3 4 9211
9 59 4680
8 13 9004
7 86 5863
7 88 9734
7 11 5780
9 71 3435
3 22 5475
3 33 3991
6 60 3542
3 90 5898
4 25 350
8 84 7775
9 34 9053
1 17 3853
2 4 1517
10 45 6884
9 17 2146
5 89 3362
8 15 3727
4 18 559
3 31 6064
7 92 1210
9 73 711
7 19 4782
3 86 549
3 1 7783
4 96 8693
2 79 118
2 92 5752
10 91 4710
5 91 2709
10 58 3979
4 7 8432
10 99 3266
10 95 4903
9 11 2388
2 56 6973
6 38 2161
4 39 8590
6 14 1012
8 25 3023
5 82 3643
7 3 239
5 89 364
2 33 635
9 59 5974
1 63 7409
6 58 1531
8 32 5391
1 18 5427
8 22 6366
7 62 5722
9 70 5929
9 94 8881
2 69 8298
4 32 9655
5 49 371
8 36 2892
7 43 2651
9 72 5521
2 41 696
5 53 7809
3 78 1743
1 99 4258
4 99 2927
2 94 5690
4 71 5321
2 83 950
1 15 5161
6 26 7260
5 90 4921
2 89 5596
10 85 5011
8 12 5672
5 37 2197
2 57 139
6 68 6044
2 92 4369
9 1 4854
2 49 1239
1 15 2659
2 53 167
3 84 622
3 56 4296
9 57 3519
8 79 9926
1 79 4814
1 37 1238
9 90 886
9 72 4592
5 86 7875
9 99 6878
2 93 9919
8 66 3593
6 14 2243
6 56 5899
5 100 8755
8 6 5638
9 66 2715
9 28 2230
2 48 8658
2 33 5752
2 6 1690
7 40 432
7 27 8749
8 47 5030
9 16 3652
5 45 5371
10 68 8670
1 67 4272
2 13 4438
6 9 140
2 49 3240
8 54 9576
7 82 4964
6 83 836
2 28 3005
2 59 9871
8 7 840
3 8 5465
5 21 1420
2 15 9404
1 14 9760
2 16 113
6 100 4038
8 87 5349
3 51 2492
3 85 5108
2 28 4373
4 72 1959
7 43 2702
3 29 8226
6 5 4364
6 29 8132
9 93 5460
3 41 1561
2 46 455
5 44 5855
10 97 356
1 57 4401
7 59 9890
8 79 1643
2 39 9834
10 53 9066
8 55 2619
7 40 2413
5 48 2493
5 49 2305
10 36 2695
1 89 2625
2 97 4563
1 27 8984
5 30 2910
1 85 7481
5 68 2407
10 97 3640
2 55 1246
8 19 2820
7 18 8789
6 73 8272
5 80 6634
1 3 1310
1 77 3468
7 61 8131
6 8 6569
5 62 5541
7 47 615
9 30 2483
4 70 2506
9 89 148
7 29 6592
5 96 161
9 78 7150
10 69 353
6 43 974
7 22 9171
3 64 9444
4 86 3983
8 87 281
4 25 7018
6 27 2679
6 25 985
6 18 1247
5 89 8612
3 28 4546
4 31 7137
4 50 1932
1 66 6972
1 64 348
3 28 9446
2 72 3924
7 27 7131
3 82 6823
8 93 7909
5 38 2404
1 68 1666
5 61 9438
9 44 2008
6 35 8870
1 47 7249
9 4 973
10 79 4243
2 65 6326
1 50 4813
4 57 4937
4 81 8808
5 65 6285
2 67 2322
9 87 9125
9 46 1463
9 41 454
7 6 2265
2 63 1482
6 15 5093
9 23 889
7 1 4712
8 17 7433
4 85 2048
9 16 9647
3 24 7767
9 55 4415
9 84 4949
1 96 1671
5 10 9726
3 74 3954
2 57 9518
3 23 2855
4 78 8067
6 76 8181
7 95 6318
5 84 1689
5 41 2763
6 11 1757
3 32 3835
6 12 269
10 34 1308
1 40 314
5 45 8495
1 89 8345
8 68 7005
2 41 5418
6 18 9577
8 29 6211
4 19 9044
6 68 5591
2 39 449
9 61 8356
5 90 1293
8 40 1973
9 56 1550
5 53 1507
9 87 2477
3 63 7052
6 91 3610
8 71 839
7 69 9173
3 54 6337
2 42 7767
1 42 3437
8 53 4276
3 36 102
6 92 360
4 44 2757
8 71 9977
3 97 3466
2 87 1538
2 52 824
9 76 1105
5 52 5819
4 88 6508
8 42 8720
3 60 7197
4 8 6613
10 73 313
3 38 622
8 32 1114
9 24 9125
1 30 2917
8 20 9597
5 58 5503
3 61 5607
3 26 6073
2 91 5824
2 40 8116
8 2 9356
1 24 6493
7 45 2012
3 39 1502
10 31 885
6 37 7949
6 15 6398
3 59 4863
6 53 1924
1 26 5201
10 29 7461
5 32 832
10 62 6688
7 83 7996
8 4 5588
1 92 6990
4 23 325
3 81 8627
1 11 4206
2 99 1420
8 11 1599
9 77 8177
8 31 9491
3 70 1571
10 64 6147
1 10 7289
4 57 3541
7 6 5073
9 30 958
5 26 2251
1 94 7187
5 61 4449
1 96 883
8 4 6553
5 29 9532
5 68 4438
8 80 543
9 48 448
1 78 354
8 27 1367
5 97 4942
7 62 6288
6 34 3158
8 94 9619
1 1 9376
9 69 8286
5 52 9178
6 6 44
6 3 8771
2 50 4277
9 3 8573
5 83 7561
9 55 3094
5 84 1857
1 75 1623
4 82 9804
4 56 5105
9 11 3358
2 29 1562
5 30 7330
7 78 3115
6 85 1756
9 37 2329
4 3 8993
9 30 4035
1 78 6007
8 18 3611
1 43 4912
8 41 9717
2 62 3520
3 22 1513
7 51 8202
2 41 2063
6 48 8898
7 90 3734
6 8 775
6 92 376
5 8 8307
9 88 8745
10 96 8112
7 78 4806
3 14 7449
7 73 1734
6 31 9133
4 74 3910
2 39 2452
6 94 9405
2 69 4131
2 90 6194
5 22 8284
5 64 316
4 72 7104
1 75 9056
1 8 2911
5 38 801
10 48 2984
10 11 6369
7 62 5513
7 4 5782
3 44 782
10 61 2937
1 77 8209
5 7 6295
8 41 122
1 44 5332
6 12 2228
4 57 7220
1 50 9254
6 98 9960
10 77 6389
7 20 8591
9 4 4045
3 70 2910
1 36 7969
1 77 206
5 3 1483
6 14 2020
9 83 5056
9 54 6160
3 74 2059
10 11 2543
4 64 4922
9 81 6716
9 19 5229
10 81 8498
10 2 4408
2 80 6883
4 22 7285
9 26 5377
6 90 7866
2 12 4129
1 93 5739
8 80 4188
7 53 8453
7 38 2726
5 43 7677
5 95 6018
3 68 5172
7 97 1020
9 71 5780
8 6 2064
8 23 9820
10 37 7592
1 83 2241
5 13 7430
5 50 7218
9 93 2746
10 59 2386
6 97 8712
7 55 7140
3 41 4295
10 9 8331
9 68 2295
9 18 1875
8 23 2957
2 24 6374
1 15 8534
8 64 4763
5 30 7481
10 74 2105
9 4 2686
1 10 5653
2 31 9086
7 28 3718
8 32 8684
5 64 8569
6 19 6278
6 96 3244
5 58 2409
7 38 8981
1 6 5355
8 69 3613
2 93 3300
4 76 6460
9 3 5901
10 24 8267
6 69 3069
6 60 402
4 72 9033
2 12 2676
7 43 2114
1 82 1293
10 27 1571
1 38 2251
10 58 2637
3 70 4123
5 22 2388
3 63 3029
7 73 5509
3 39 8559
9 4 2606
9 21 1601
9 52 3477
8 90 8479
1 65 105
9 1 1681
8 8 6450
10 28 5570
2 51 9412
10 62 4415
1 71 8243
9 63 1710
7 26 4380
5 37 1088
9 13 9560
5 4 2054
3 4 3403
5 52 6409
6 13 7721
7 39 1467
5 51 9212
6 51 6926
4 56 5527
3 22 8426
5 45 3575
2 74 9811
7 3 3479
4 12 7889
8 6 6440
1 59 9026
6 99 5870
2 13 2624
6 55 8599
2 7 9775
1 48 6890
5 75 2836
9 51 2751
8 98 3855
2 83 5841
8 4 3533
3 94 4231
3 92 3566
1 100 7646
2 1 4517
7 33 6719
10 84 2766
2 47 7477
7 15 3852
2 44 6956
3 82 6799
8 33 5569
1 26 5384
5 37 5999
8 89 8213
7 70 1639
10 4 5676
10 82 3116
10 24 1862
6 59 8176
5 60 2071
2 8 1478
5 68 9212
6 73 7834
7 58 7923
6 46 8972
4 41 3265
7 79 1315
10 21 4045
4 21 9911
5 32 7326
1 14 992
10 59 5350
3 54 1710
6 53 4612
3 44 244
9 68 1437
9 28 2219
5 48 4760
9 56 2914
1 6 5242
7 2 4613
6 58 1360
1 98 5405
7 65 7155
3 47 6669
2 78 5114
2 48 2195
2 87 532
2 10 4960
10 31 4146
5 33 6883
3 85 9076
1 81 8767
6 93 8388
3 11 3521
2 10 6936
10 99 9840
7 38 3512
1 14 599
6 12 1837
2 89 1507
6 64 5644
7 4 6794
4 4 7172
9 36 2031
3 39 3602
7 70 8951
7 59 7171
9 61 7821
5 56 7778
7 84 6810
3 14 5558
1 61 809
3 66 198
5 33 5379
8 55 4421
2 42 1249
5 28 1997
1 75 1464
3 84 7798
6 8 7836
9 42 2332
1 35 7818
4 27 7059
1 17 7665
8 19 106
2 19 9439
2 97 3028
5 60 3610
6 85 336
9 45 2856
4 65 7733
4 47 5039
4 45 2615
3 15 4346
1 79 9645
1 84 3504
6 12 8113
4 93 3350
2 7 5416
2 72 5239
9 49 265
6 84 7396
10 82 7392
2 91 6539
6 74 590
2 56 6747
8 77 1847
1 98 2509
7 56 1676
6 40 2313
1 13 3911
2 65 5850
10 13 3931
5 92 1487
10 20 4946
9 31 5391
8 29 6663
7 49 1475
8 48 9208
6 14 6571
4 21 1072
1 52 5436
5 27 9631
6 92 3396
7 32 3279
10 1 7604
9 57 7125
1 49 2147
7 15 1679
7 55 9426
10 98 3878
8 66 3926
5 70 9454
10 82 8558
6 33 2775
3 83 7678
4 71 722
8 97 6016
1 100 434
9 65 2741
7 67 898
2 3 7693
5 37 5131
9 54 1043
1 18 6531
2 2 2698
5 87 2134
10 89 6211
7 12 8133
2 9 4362
4 42 6529
5 39 2296
6 26 7735
6 56 2420
4 84 1514
9 45 6380
3 85 8043
5 85 4021
7 59 467
8 87 9298
2 93 2143
8 63 3061
5 53 6290
8 33 9480
6 80 464
6 38 9255
1 85 8245
7 97 3639
1 45 4846
9 99 3581
2 59 4170
4 41 9453
7 11 5231
1 65 8542
2 20 217
3 93 6702
6 97 8877
10 38 8518
9 14 7239
3 41 2132
10 75 6554
3 73 7258
6 6 7505
7 57 156
5 64 2912
3 87 1898
10 31 5147
7 76 3458
1 42 2160
9 33 4410
6 61 8615
6 45 8264
6 100 756
9 5 8422
5 63 9271
2 7 9332
2 55 2778
5 95 119
4 67 8432
5 13 1508
4 84 8181
7 5 9902
1 71 270
2 34 15
10 44 9124
9 34 1162
9 30 2532
7 15 7636
10 87 4870
6 59 7589
6 99 7989
10 79 5590
8 54 3178
4 70 2002
6 95 812
10 68 5234
3 70 7381
9 72 4665
5 12 6155
2 37 7871
2 35 4620
4 37 5069
7 66 1160
6 30 5718
1 69 393
7 69 8382
2 61 5558
9 28 9832
10 67 1772
7 53 3902
1 94 9687
7 57 4279
2 12 2835
10 53 6246
5 90 3587
9 39 7843
8 74 5202
2 54 8854
3 56 6224
8 29 9158
7 54 3643
10 91 5388
8 14 8914
3 27 1835
3 15 6686
1 44 2935
1 3 3962
5 55 5977
7 50 3067
2 91 6064
2 9 8384
10 32 2666
3 23 7804
9 15 9683
5 70 4584
10 20 6304
4 54 8902
9 25 7706
8 27 7692
10 53 5998
2 50 2506
9 17 4093
9 34 4266
7 92 269
4 41 9337
5 32 3093
3 82 4508
9 39 3438
5 6 4928
10 7 9823
2 4 4022
9 80 8025
10 74 2938
7 68 1684
3 66 7871
6 67 9258
10 37 6890
4 67 1734
10 79 8939
6 12 9840
3 36 4840
10 25 8813
9 67 1535
6 57 8057
5 32 7224
8 83 4356
2 39 6060
6 69 9309
10 47 9011
2 37 7095
3 55 7317
9 2 8226
10 48 6530
1 60 1920
6 35 4585
1 87 6193
5 34 9644
4 7 5721
7 7 119
10 91 2110
6 7 9424
10 37 6948
1 13 3932
5 43 9144
8 5 9361
3 91 4708
2 54 2420
7 59 6199
9 58 3612
3 89 3828
9 85 5017
5 38 144
5 4 5244
3 74 7216
1 57 2440
5 87 4632
5 29 4099
3 35 9607
1 74 8905
8 81 676
6 43 5970
3 80 5667
4 8 1548
8 85 591
9 53 4903
2 24 8545
10 28 3917
1 37 2524
7 3 2190
7 24 1023
5 23 5029
3 28 7591
5 35 3237
10 21 1386
1 81 6986
8 57 8887
3 57 8551
7 74 2948
2 45 9276
8 49 702
1 86 6387
2 90 2868
6 70 1819
10 34 1701
4 85 6140
9 2 4339
8 56 1992
5 100 5516
5 87 1463
2 40 2365
1 4 5787
7 61 2835
8 35 5765
9 81 712
1 54 4687
6 79 4980
3 76 377
10 82 8855
10 79 9131
8 16 9988
2 67 8135
3 53 4093
4 77 8737
2 16 3925
2 30 2578
8 100 4700
3 5 4477
4 18 9941
1 9 784
5 35 8972
4 16 4468
2 26 2370
7 73 2189
9 62 3283
5 39 9166
10 88 1518
5 33 5964
8 85 496
5 79 4891
9 71 4714
1 40 8787
3 100 8351
6 11 1375
9 6 4247
6 80 9495
10 2 3650
6 74 7576
9 54 9655
10 94 8942
8 61 5265
9 53 9719
8 20 345
7 37 5096
6 95 9978
4 18 1234
6 83 303
6 4 4240
5 48 2540
6 97 3249
10 89 3019
3 41 562
7 18 2488
3 2 4926
5 74 1951
1 45 6991
6 34 3633
9 95 855
2 31 7898
3 96 1710
2 28 6673
4 96 6993
2 52 319
6 68 1887
4 89 2295
3 21 1065
1 59 3713
6 49 8669
5 87 8601
9 94 3274
1 35 578
5 14 668
1 42 2157
1 7 8356
3 55 3907
8 91 378
1 43 6479
10 43 784
1 44 2820
7 59 2704
8 2 4375
6 74 8286
3 55 5632
10 87 8782
1 13 9626
5 100 7599
8 20 5044
9 95 6056
1 69 6098
7 98 8240
6 27 7332
4 84 2217
4 93 1318
10 31 5032
4 68 4092
8 61 6028
8 47 5456
5 12 6823
9 21 5073
10 90 5872
1 38 5194
3 47 9424
9 76 1010
2 37 7498
5 81 8605
8 62 365
9 52 470
3 68 825
7 21 8711
6 36 8785
2 18 4883
5 36 7937
1 69 2082
2 26 5213
4 23 2559
5 74 1478
4 79 6041
2 70 4387
4 86 905
3 57 7794
1 40 6150
10 22 1895
5 90 1894
6 14 4410
10 42 9416
4 92 9357
4 2 6410
7 16 2776
7 34 7497
1 73 4924
10 87 1589
3 91 435
10 20 3064
7 20 8736
8 68 6774
9 77 1429
9 83 2281
2 11 5170
10 62 951
5 53 802
1 19 3780
8 25 1010
2 13 5920
7 23 7884
5 47 863
6 16 5561
1 41 4869
1 6 7440
1 78 2833
1 100 5097
5 91 730
3 57 2376
2 45 6036
5 95 6121
4 30 7288
10 44 9121
8 85 1043
9 58 6219
3 96 1975
5 33 7725
3 70 8273
10 32 4129
6 57 1959
10 52 7921
9 71 4584
8 63 1051
5 3 3747
3 99 9044
6 35 1573
4 23 6926
5 42 6713
8 64 5208
5 74 9017
1 18 416
3 96 240
3 77 2322
3 94 5628
3 67 5984
2 45 40
1 100 2107
3 71 6667
1 36 1099
6 13 7585
2 40 1744
1 58 7748
1 64 4094
9 45 8448
6 33 8688
10 8 6317
6 4 5654
3 56 7179
5 73 1057
3 18 5478
9 54 5682
8 70 386
1 68 7829
1 29 6869
6 57 5909
2 12 2772
3 85 2263
7 81 641
5 79 3553
7 53 9960
9 10 8015
7 73 4901
7 60 2909
10 6 6321
10 80 35
5 82 849
4 81 4793
9 2 2470
10 47 657
8 18 984
8 83 5552
4 25 2621
1 21 5424
4 1 964
9 14 7709
5 52 3503
1 47 6034
4 45 343
7 76 6591
2 15 3878
10 90 5052
3 85 3021
5 16 9794
3 62 9932
2 40 6600
4 29 88
6 5 4563
4 2 2657
1 82 3536
8 16 274
4 60 3171
10 1 9017
6 65 3816
9 55 4170
3 70 1697
4 19 5210
9 59 7573
3 26 5516
5 100 1233
2 86 3454
6 24 6943
1 17 814
3 43 4131
2 24 8868
8 25 3686
5 19 1979
5 17 24
8 10 4146
6 21 7105
3 89 1392
1 89 1441
3 12 959
7 94 2593
5 61 5256
10 55 4203
3 8 5219
8 45 3164
7 21 3694
7 94 2309
7 71 3043
5 1 2132
1 78 5690
8 88 6998
6 47 9043
6 20 9109
3 80 4959
3 70 7316
5 4 3362
1 81 848
7 7 9121
9 49 373
7 15 804
3 9 862
2 34 2472
8 9 3800
9 34 9838
6 9 8185
6 34 4111
7 97 7627
4 90 4323
2 41 2604
2 35 3865
5 30 1712
2 81 6553
5 92 9812
5 32 3483
8 47 4501
9 33 975
5 41 6130
5 72 6470
6 93 2697
10 5 2807
6 7 454
9 86 3660
9 23 2557
3 49 460
1 35 8790
8 43 9928
8 6 1034
9 72 9640
1 92 1100
1 34 4348
6 68 5259
5 20 5080
6 86 8372
5 69 2216
5 97 3312
3 66 5563
8 65 1739
8 54 5984
2 69 5902
8 73 7417
3 43 8354
9 63 4724
10 67 2571
6 42 6111
7 98 2453
2 55 7295
7 20 9368
4 87 4000
3 21 9294
4 41 7322
8 28 6447
2 98 1670
7 8 2177
3 78 5869
3 75 8096
9 51 3342
8 57 3816
8 13 8153
9 76 4858
4 97 6931
9 31 44
7 74 3348
6 70 385
7 8 9751
8 42 3284
4 26 2995
3 50 4146
3 52 8235
5 54 3731
3 11 863
9 78 7074
10 70 2981
9 86 1376
4 52 5536
2 30 2051
4 56 796
3 67 9350
7 77 1119
4 84 8007
9 12 2676
5 27 6904
9 98 7110
2 22 8565
2 95 4449
9 9 9793
6 82 8337
7 22 9289
3 74 5204
8 53 5411
5 24 6902
9 92 9991
2 23 3751
10 52 2796
6 60 444
1 13 7159
5 75 6986
10 92 6152
7 82 889
9 91 4208
10 22 4887
2 77 7210
1 52 3940
2 5 8386
5 19 8146
4 53 952
5 29 7813
6 27 3255
9 4 3694
7 54 662
3 39 5917
4 54 6103
3 31 8166
7 91 1331
4 87 8670
7 100 6290
4 87 3744
4 36 9824
1 40 1695
3 5 2107
6 54 7017
5 22 6380
2 22 9404
5 77 5484
1 50 7630
4 55 6148
3 59 4578
8 26 1092
3 72 9326
2 98 6866
7 14 9200
9 50 2891
9 64 3028
3 90 7219
8 3 7386
4 86 5035
10 24 7376
9 19 8524
5 89 5682
3 27 4611
9 53 6720
2 84 7818
1 35 1890
2 48 3322
4 22 1790
5 55 6676
1 47 6515
4 24 3756
7 62 2929
1 85 7054
8 29 3141
6 64 9965
10 72 9809
8 82 9092
4 89 4601
7 14 7546
5 54 3671
1 24 2101
6 66 3019
6 54 8729
10 33 226
8 6 5682
4 54 9942
2 26 5216
6 14 7613
8 26 9198
1 48 5255
8 77 1459
4 74 9429
7 10 3845
7 25 5817
10 92 1510
4 67 3233
4 89 2895
2 46 2690
4 69 2700
7 26 237
7 12 9061
9 74 4309
9 35 1480
8 12 4519
6 47 9362
9 19 7754
9 21 4112
5 12 9726
1 25 6256
3 71 932
10 54 8738
3 97 8929
6 74 3908
8 69 3764
4 67 2446
9 40 6668
5 8 6082
3 43 9436
1 73 4803
6 54 5808
8 13 9733
10 5 6395
3 1 6433
3 26 1555
9 78 9314
6 84 9938
3 73 6772
8 22 930
2 55 5347
2 95 2480
2 28 2605
3 86 5531
1 47 2402
1 46 9736
5 91 6903
6 23 4618
7 32 9233
6 98 7197
5 32 6906
5 93 5396
9 50 3382
8 39 5950
1 13 5328
3 77 2718
9 22 7127
6 76 8946
8 38 8881
6 52 7782
9 79 8744
9 79 1986
6 27 25
1 68 5253
7 44 534
4 98 3771
8 54 3523
2 41 2483
6 20 6414
2 51 4092
3 41 9846
2 52 2493
6 38 4427
8 1 9190
2 20 3433
4 79 4582
9 76 8339
5 48 6273
1 86 7082
9 38 2379
8 11 245
5 71 2882
7 13 6939
8 59 3793
4 96 5788
2 58 408
10 84 1118
6 93 8123
7 74 7448
7 49 6271
10 56 6472
1 71 3261
8 54 2197
7 26 7412
6 12 6875
10 30 4548
7 51 7599
2 47 1864
6 28 7298
10 35 7688
3 88 3391
7 98 885
1 6 6991
6 69 5213
1 97 8448
7 62 4902
4 69 760
2 5 5974
9 22 8864
7 98 8413
2 61 2545
10 16 2134
9 29 3364
3 79 5319
7 79 5111
8 56 7315
7 14 2052
7 18 6565
10 46 1079
8 11 4941
8 40 3561
9 91 5578
5 22 7418
5 21 9130
8 79 9292
10 30 3026
3 83 629
4 14 4375
2 100 5687
1 17 8382
10 70 1545
5 64 8702
5 96 5890
10 47 7810
6 97 7164
7 7 3145
7 12 718
1 82 2671
10 11 3381
10 54 137
1 8 7146
1 8 2034
5 90 911
4 29 5444
5 21 3670
10 58 9001
4 19 6940
10 75 8132
6 61 270
4 67 8720
6 43 386
4 65 7612
5 89 9166
8 90 6606
1 26 1137
6 83 407
7 62 5360
8 12 8833
10 83 7821
8 30 7400
1 93 156
6 51 7029
4 57 9522
5 22 3516
7 30 6769
5 80 2876
6 80 4206
8 20 119
7 27 7750
7 69 5040
7 99 3594
4 33 5205
9 92 351
5 45 8334
4 97 7012
5 72 5933
9 37 6835
4 93 1202
5 81 2218
6 72 865
9 48 5880
8 62 1015
6 81 6870
2 39 1423
3 10 2369
1 18 1015
7 68 5101
4 68 9784
2 22 1470
4 88 1954
10 2 3070
9 37 1041
5 91 4131
3 76 5085
7 62 6342
6 29 9753
10 58 2561
7 12 1525
6 20 4247
2 91 8774
9 61 1349
2 44 8372
6 88 1140
8 89 4689
10 14 1277
1 21 8909
2 38 2666
1 17 2569
1 88 436
4 67 166
8 20 6445
9 11 1791
9 66 9440
1 26 2810
1 11 556
9 12 7423
2 89 2738
5 97 8807
4 76 2476
7 32 5231
9 64 1717
8 46 3067
9 31 9429
8 20 7811
2 28 794
4 56 1694
7 34 8040
1 15 1240
3 82 247
1 12 6700
2 84 1842
5 71 370
2 1 5128
10 25 8662
1 21 3445
4 44 549
8 26 355
8 11 6877
5 16 3178
5 49 529
8 32 5033
8 24 6370
4 57 3913
4 20 2544
7 69 1285
6 49 5395
1 98 3553
8 22 8497
4 19 1471
3 72 8225
7 58 7204
2 89 1125
2 95 640
9 87 4199
8 90 7382
10 20 6028
10 48 332
4 10 2404
5 67 652
6 4 4443
7 30 4949
1 20 9570
7 99 725
1 13 7315
3 85 8533
9 50 1052
7 18 2769
5 76 581
9 74 2290
10 69 2172
10 40 7476
2 81 43
1 81 8759
5 100 658
8 80 4204
7 61 3111
1 36 610
10 85 4592
5 71 2005
4 10 8201
2 23 2113
8 41 428
6 94 267
3 47 8390
3 12 6405
1 14 4423
9 24 3610
4 12 277
7 53 7937
6 68 1341
2 18 483
3 94 540
8 67 6617
7 18 8048
5 11 6366
10 68 4980
8 79 6790
6 90 4110
10 57 8014
10 81 7716
4 36 1965
5 23 6435
2 77 9147
2 31 8132
6 90 3599
5 38 5156
5 12 8916
3 84 526
4 6 2584
6 32 7799
4 100 6708
5 98 7697
3 23 372
6 35 6563
2 56 8523
7 13 5530
4 54 3568
4 30 6630
5 37 7462
10 4 8264
6 16 5160
3 12 9156
8 58 5399
5 10 3518
9 74 4979
1 83 3240
5 21 3597
1 36 7754
3 57 5941
10 23 3662
9 37 3798
4 4 7639
6 25 3770
3 18 2254
9 89 8229
1 86 2845
2 61 8873
9 84 897
9 83 4183
5 75 8546
4 25 6441
8 61 5538
4 96 8477
2 69 6822
10 48 3054
5 42 8864
9 25 4840
2 91 3818
9 47 5257
8 91 3648
4 58 4239
6 44 8687
7 82 7190
7 75 4188
6 78 73
5 87 9908
5 14 231
1 1 368
7 20 6506
8 1 5874
3 55 7805
6 54 9536
2 19 7441
2 76 6310
6 75 2420
7 28 8719
8 38 7806
9 39 3040
4 76 6724
3 67 7434
9 5 7673
9 59 690
4 54 4779
9 3 9478
4 55 8232
10 63 9864
2 16 9864
5 68 2193
1 57 7230
10 57 5674
3 75 8359
4 43 2700
9 67 9717
9 26 3264
4 57 3101
1 13 3180
9 47 3130
8 62 9684
3 20 8432
9 98 5188
5 24 8755
6 64 8598
7 97 5641
4 99 835
9 70 2087
4 74 5670
8 11 9335
2 68 6584
7 100 5794
5 59 4617
8 5 8197
1 2 6656
10 51 2609
10 58 7971
4 15 8998
10 57 1364
4 17 3908
5 22 2466
3 48 5488
9 61 1335
3 31 5925
1 11 6581
4 11 4230
3 48 1618
4 48 2253
2 83 5831
9 33 3028
10 33 5246
4 6 8304
5 23 6422
10 9 2984
8 77 5868
1 29 2623
6 51 6696
8 10 6407
2 51 6089
9 91 762
10 8 2624
3 29 3614
4 26 5931
5 38 6292
8 38 4108
1 78 4512
1 17 3360
3 100 8075
4 17 5290
3 49 5469
6 3 6097
4 18 9132
10 88 2406
3 70 1299
9 8 5234
5 54 2540
4 32 693
6 35 1596
4 44 893
6 70 6581
3 31 5631
3 72 638
10 17 2256
5 47 5205
8 100 1083
7 98 5885
1 87 8531
5 31 3407
1 45 967
6 41 4254
5 61 5234
1 53 8394
6 8 6652
7 44 1453
5 25 6445
8 93 1221
10 43 5202
2 71 908
10 12 177
4 22 3905
1 91 703
1 69 523
5 89 7942
10 100 2372
6 1 8537
10 52 8657
4 4 9034
8 60 4088
6 59 8608
4 41 6433
8 37 7618
6 98 7729
9 95 2129
3 45 2903
1 58 3878
10 33 8056
7 99 9119
10 23 1352
9 60 3473
3 23 6804
3 62 400
7 14 9761
6 48 9370
7 37 7866
1 44 5797
7 84 5062
2 11 2759
4 14 6971
5 16 6206
2 8 2306
2 7 3522
4 42 1666
7 25 4702
5 73 8943
6 19 7016
5 28 3621
9 34 1268
7 93 7422
7 32 7345
8 62 2605
10 5 3641
5 38 8280
6 22 1257
1 33 9464
2 76 1126
8 22 3880
2 47 3126
1 54 2630
8 9 6743
9 7 2135
2 57 5821
9 40 1433
6 77 5200
8 7 8661
8 17 8486
2 69 822
6 89 4781
4 80 8594
7 1 5597
3 41 5719
7 57 3541
5 64 7840
8 50 6426
9 2 4304
1 38 7031
9 96 1882
8 89 5836
6 16 1665
8 45 8594
7 47 2202
10 62 3868
7 85 7143
8 29 6548
4 74 2575
8 50 9413
8 59 6677
3 86 1609
2 90 6898
8 5 4847
8 42 7823
1 91 7658
3 72 2605
3 24 7867
1 63 852
7 30 1576
6 57 1646
7 72 2473
3 50 8306
9 82 511
2 92 5740
5 53 9830
4 46 1332
4 57 1577
4 45 9263
2 25 6427
9 2 7351
4 70 8722
4 26 3941
10 66 2316
8 40 7969
6 59 405
2 30 611
7 90 3427
3 32 6499
6 88 4698
7 85 2523
10 50 1816
7 10 6056
8 51 5201
4 9 4572
9 94 3242
1 17 2488
4 19 598
8 96 6883
9 41 1680
4 64 7280
3 78 4824
10 73 2961
9 67 252
9 70 6403
7 81 8191
2 98 4684
3 83 3872
7 66 9908
2 39 5405
10 30 3868
6 57 9611
1 80 557
8 46 8366
4 32 6603
1 67 7068
5 38 4536
6 9 7770
6 72 1217
7 71 756
4 100 8138
3 1 4248
1 70 3044
2 75 121
6 16 6812
5 8 7195
9 18 3572
4 55 2870
2 59 5872
1 16 9327
9 27 1117
5 31 3370
8 21 9778
3 6 3277
3 96 1022
2 31 4498
6 88 3594
4 19 4766
9 79 7142
8 68 5973
3 45 968
2 78 2035
3 24 3426
4 37 1723
8 19 8718
6 8 1414
5 89 2823
6 38 8463
5 28 7016
5 7 1069
1 54 5051
4 2 634
7 95 3378
4 8 7722
9 86 6970
3 87 5405
3 75 1222
10 24 5932
4 65 7553
1 67 7087
2 48 5580
4 80 5143
9 37 131
5 45 1781
1 72 7764
2 89 7244
5 54 6692
10 36 1587
1 15 7758
9 83 8518
4 84 274
4 52 2022
1 10 4741
1 15 8905
6 95 4783
6 93 2563
4 79 7344
10 81 5050
4 71 7821
4 53 7570
8 31 6127
4 76 1274
7 78 3190
8 39 2133
10 55 9043
6 42 8201
3 31 7405
5 58 1806
3 24 6637
9 50 4719
6 99 8648
6 84 8501
5 95 1325
2 25 7156
9 31 9063
9 50 3988
2 72 3245
7 64 8087
8 22 9610
8 45 4337
1 12 5903
2 67 6917
2 35 960
6 63 8212
7 30 9357
1 33 7810
3 14 9758
6 60 190
3 33 8928
2 6 3804
8 69 3765
9 33 8053
9 37 4247
5 56 1751
4 26 4154
4 89 9407
5 2 407
5 50 5232
4 83 8924
7 99 3916
1 14 9963
2 62 941
1 25 4082
1 69 1200
5 24 4804
8 76 7066
2 91 7293
2 58 2362
7 86 1008
5 4 7236
9 2 2772
9 58 488
7 67 3398
6 60 5783
5 86 8775
8 62 8915
10 91 5302
4 83 3843
5 2 5244
10 99 7786
3 1 6703
4 90 2307
3 33 7194
1 11 3724
8 65 6792
10 97 6468
3 29 9010
8 95 4908
1 12 21
5 8 8884
7 8 7409
1 95 5644
1 33 9
3 11 570
8 59 5746
4 62 6259
7 35 7584
1 77 9195
2 85 6106
9 8 3710
3 70 8705
7 84 1433
6 58 7477
10 79 1728
3 93 7462
7 59 64
6 9 4290
6 94 4267
6 67 8090
10 62 3172
2 98 9819
7 96 3515
3 97 9988
5 48 1060
9 90 2734
4 19 7181
4 33 9558
5 87 88
4 28 2518
5 60 1643
9 55 428
6 23 5050
2 47 3987
5 18 827
4 55 9752
4 44 9265
9 98 2733
3 32 9626
1 82 5888
10 72 6793
1 59 5236
3 66 2376
6 23 3814
6 98 3757
5 39 5316
7 64 8786
5 96 5395
4 99 9591
9 48 2342
8 10 737
8 21 4905
7 40 9820
4 77 5733
3 4 8233
10 56 3305
4 11 9680
8 98 7468
8 95 1248
1 99 6015
5 7 1007
9 93 9171
1 15 3578
6 81 1825
3 85 5824
6 37 6428
8 44 5673
2 84 5526
1 72 5593
3 81 1487
7 99 8478
8 47 4782
1 31 5376
9 20 2389
1 77 1705
4 86 1545
4 76 9784
4 69 1431
6 98 9206
8 13 1090
3 80 6424
1 26 409
1 74 3847
9 95 3696
9 84 9560
9 48 1024
7 76 4734
8 53 6729
6 24 7268
5 53 3406
1 64 6904
7 46 7723
10 9 2627
7 83 8153
9 56 1801
3 17 1061
2 67 7136
8 36 5609
8 100 606
7 26 6782
6 33 3979
4 68 3539
3 15 6599
3 45 3779
4 5 5401
2 52 2825
5 24 4539
5 26 745
8 67 5112
8 85 829
2 87 8780
7 84 5891
6 11 67
10 99 661
7 52 3749
4 85 6397
4 14 9234
2 58 7490
5 21 4471
5 79 6124
2 5 5947
10 86 1970
9 92 7690
7 53 9223
9 66 5316
10 89 6738
5 48 8890
2 84 2771
5 34 1737
5 55 3065
6 56 1295
6 47 9441
6 46 4136
8 86 6789
1 79 5379
4 91 9181
5 48 4104
7 89 3997
3 84 7524
3 23 9821
8 54 8581
2 96 8006
10 99 6603
5 25 9388
5 56 9245
10 98 8401
5 70 2736
7 28 6909
9 27 7765
2 56 8256
5 44 8820
1 54 564
1 75 5264
10 20 1933
5 22 5608
7 42 718
9 66 3487
3 74 5852
10 15 3438
10 7 6234
9 6 6759
8 79 427
1 50 9313
2 89 3840
9 88 3828
7 27 3732
9 13 2266
8 61 530
8 67 6575
5 8 2002
7 68 4483
1 49 797
9 6 8640
6 30 3519
3 5 4110
1 87 442
2 74 9375
10 43 8153
1 82 6843
8 37 41
4 78 4809
1 76 9541
3 73 5271
9 3 1453
8 98 8007
5 63 2693
3 26 2041
9 19 3576
6 3 5206
4 29 8507
2 81 9690
8 23 5570
8 53 4514
1 29 3589
7 19 2007
9 11 3941
7 48 726
7 10 2897
5 10 5261
10 20 9569
1 82 7869
2 99 1844
4 92 743
1 74 1072
2 83 507
7 95 3936
8 24 263
2 52 7916
9 55 8571
10 57 9072
1 92 536
5 50 1429
7 1 7267
1 49 8590
10 76 3483
2 2 5405
8 36 383
4 24 44
7 88 795
6 13 2139
10 22 4698
2 71 9809
7 27 5250
5 46 8051
8 97 9182
1 49 3056
2 70 5073
7 81 6187
6 90 210
7 40 563
3 47 8694
4 10 667
8 2 6883
9 85 5707
6 91 4816
3 61 7159
2 74 6506
6 78 8217
7 53 8830
5 80 1427
1 54 2309
3 61 6883
10 25 1090
7 2 6491
7 93 4166
10 63 5539
4 90 7250
10 78 4006
10 21 4620
2 84 2567
10 22 6092
8 33 3086
6 10 49
4 43 9066
7 75 1113
4 45 7872
9 86 2885
5 15 1257
3 80 1359
4 65 9562
3 59 7251
6 55 3299
4 31 6943
7 2 7000
2 2 3056
10 28 2542
5 25 6316
3 7 8190
6 10 6376
5 18 553
4 13 6168
7 5 1641
3 83 1366
10 44 6532
5 8 3410
3 98 6420
6 63 4028
9 67 5615
8 70 5794
1 74 4275
8 93 1338
4 93 4182
10 58 813
3 91 491
9 44 3851
1 99 2849
6 57 796
9 14 3126
8 43 6002
10 58 5208
1 45 1517
9 75 7159
5 94 4837
4 46 2342
7 5 8596
2 62 6115
1 33 6048
6 53 661
7 91 405
8 47 373
10 8 6466
5 68 4699
10 75 922
10 85 1675
5 27 2461
9 93 4671
6 9 2017
4 70 9829
10 20 6459
10 27 6676
6 42 2383
8 51 7793
5 92 380
4 28 4520
8 60 4116
5 29 4138
3 27 4700
1 43 8106
3 97 6516
5 24 3989
5 11 9238
5 44 6563
7 63 5672
9 15 6796
6 79 8519
7 64 8382
8 45 8920
6 1 6548
7 33 7141
3 66 6394
10 3 408
4 31 519
3 61 5104
6 44 7034
2 19 9513
8 4 6551
10 32 1987
9 75 3222
2 23 5208
1 6 2770
7 29 5173
6 4 5937
2 97 93
10 94 1812
5 77 7682
4 48 8874
10 89 2939
1 3 5477
4 10 3164
9 98 5047
6 61 6983
1 88 345
10 43 6771
8 40 1918
4 98 4590
3 37 5750
3 61 2752
8 23 3718
5 79 8782
3 58 4882
8 12 5711
1 52 2786
10 23 9554
8 53 3046
4 4 1684
2 37 4380
8 49 3821
2 39 4406
5 97 4189
3 48 9340
3 70 5195
8 32 8833
10 39 2964
4 62 9354
3 44 234
7 75 952
8 48 1829
5 46 1921
1 60 2426
5 3 7205
2 7 8037
6 1 8049
8 94 8085
2 91 1998
1 22 8676
7 88 8803
2 25 8093
1 5 2146
7 97 4744
3 71 72
4 93 4072
8 46 7011
1 91 9709
5 20 4931
3 28 1374
3 48 282
4 57 54
2 40 4789
6 30 8192
1 49 6941
4 50 6749
6 41 4404
1 34 7029
6 72 7824
9 38 6688
6 100 8717
8 79 2870
3 37 7268
4 27 6300
10 84 5119
5 99 1901
3 84 9567
7 35 6631
7 1 5819
2 58 8305
5 20 7804
1 58 3589
3 81 1233
6 56 6627
2 52 5134
10 36 3961
6 4 9822
10 94 1889
10 39 988
6 88 6499
1 75 476
4 70 2266
4 30 275
7 71 3105
6 53 1592
3 62 6772
4 1 6375
1 58 6683
10 77 9871
4 46 8905
8 16 4498
6 93 3123
7 18 8013
5 12 9630
3 19 1296
10 94 6168
6 93 59
8 100 3853
2 19 9387
2 35 1377
1 90 598
8 81 3341
4 65 8030
1 58 5248
3 100 2329
8 34 6148
7 57 3869
1 49 148
6 14 7473
5 6 8698
10 82 5480
4 1 6761
2 48 8996
3 59 4567
4 80 5575
9 49 4018
3 31 6757
4 19 4096
2 12 4217
8 20 9910
5 83 4290
6 10 3679
6 39 5754
6 46 9130
3 56 4935
9 53 6281
5 83 3695
10 91 2908
9 31 3752
3 75 9394
6 61 7973
5 79 1171
9 45 6949
6 76 3411
7 54 3629
2 17 8549
9 56 9583
10 52 7513
4 81 2896
7 96 3745
8 83 9589
1 69 684
2 37 8274
3 75 843
2 100 3737
2 23 488
2 11 7881
5 76 1070
5 25 6609
7 47 9326
3 99 1006
3 65 9121
1 63 9716
10 15 8202
5 87 2226
7 100 3376
5 56 4488
5 4 6288
8 32 487
7 72 9631
4 16 8022
4 78 2208
8 1 7426
6 99 6685
5 27 5310
10 21 2509
9 9 4745
6 41 984
2 27 451
7 28 627
10 23 7740
10 16 2618
4 93 5591
4 77 8982
6 87 6746
7 54 8398
10 97 4439
3 51 7181
3 90 9456
9 36 1407
6 72 8631
1 13 1708
8 92 2107
8 82 9875
8 1 1489
7 26 5865
5 83 3022
9 69 7038
8 16 4773
9 100 3562
2 23 5175
1 3 6724
4 54 3025
10 52 6046
9 60 8829
9 35 7060
5 96 5970
8 87 1952
9 77 8677
1 12 7296
10 17 6682
10 25 4995
5 40 1760
8 92 3551
4 50 7985
7 2 9394
5 71 9778
1 81 67
1 11 8634
3 32 3501
10 34 4146
5 86 921
1 81 3650
2 17 9682
4 14 3966
6 23 5861
9 33 1887
4 96 9651
1 28 9678
3 32 5319
6 47 1481
9 33 9007
6 59 968
3 75 4431
6 62 4338
2 93 1598
4 76 7852
8 52 4390
7 19 3956
6 98 5399
9 48 2596
9 1 5942
3 10 5544
4 43 3362
10 11 5800
8 39 6001
8 19 772
9 71 3624
10 68 8726
3 71 2660
8 70 9907
9 68 899
4 17 2649
6 42 5431
3 47 4855
5 81 833
8 47 19
6 30 6229
8 30 6393
2 92 9826
10 95 142
8 60 4426
6 87 8187
6 51 9247
4 63 5084
4 82 4915
8 76 2167
4 89 2944
7 72 2863
9 73 8730
4 1 7112
7 97 5045
5 45 7953
4 36 6417
10 52 8135
2 95 1876
3 39 4060
6 32 8348
2 3 7379
3 46 6899
7 3 7389
4 76 8088
5 52 8573
5 30 4979
7 47 9206
7 89 472
7 80 6366
4 96 2551
2 47 56
6 41 1273
7 10 117
6 62 7098
8 64 9465
3 77 5472
7 57 7819
9 47 4822
8 80 5944
7 59 7914
4 32 5688
9 33 6858
7 92 6511
6 28 8989
10 58 3436
1 90 6952
3 53 8600
1 1 4018
8 55 2326
3 16 5507
4 83 7882
10 94 5404
5 47 260
4 32 1019
4 99 1272
5 13 9196
4 7 9614
8 45 5960
6 77 3183
9 48 8055
4 47 5057
7 82 5840
6 97 1428
6 16 1487
10 94 4553
10 98 7752
10 12 5845
1 73 7173
5 61 1207
10 34 8300
10 45 7600
4 38 6880
1 80 2317
8 44 9643
9 11 8219
8 54 8748
6 78 619
6 35 6547
8 32 4514
10 45 7858
7 84 2058
3 48 383
8 31 8158
8 36 4018
3 61 4674
4 9 8534
1 4 5318
5 6 8036
3 30 3142
10 32 2573
4 84 4401
6 23 1974
9 88 9448
10 33 131
1 48 1409
8 62 6832
3 81 3822
8 73 8826
4 8 4465
10 82 380
2 3 2757
8 74 2292
9 3 5145
1 22 8250
10 80 1394
9 50 8177
2 87 6555
8 57 5474
4 45 7746
6 58 3442
8 97 2238
2 44 1858
1 27 8644
8 70 1902
6 81 759
9 10 1816
7 94 8169
8 51 8738
10 85 8776
9 86 1247
6 2 3793
2 56 4155
1 66 6151
5 76 7711
10 97 1849
6 58 4427
9 4 6276
4 8 2202
4 25 245
2 43 5971
3 32 8814
2 27 7730
8 60 7950
2 94 2880
4 81 643
9 7 1050
6 80 7084
8 9 88
9 57 1390
7 25 3943
2 71 7475
3 34 3815
5 43 6778
2 94 1070
6 70 1990
6 58 7762
10 99 6024
7 100 5658
2 59 986
5 57 2410
6 20 3020
3 50 5238
8 89 2978
2 75 8029
2 61 429
2 55 7302
9 81 4976
8 37 6299
1 58 6186
9 4 5619
7 91 3474
5 11 3723
9 89 355
5 15 1427
4 44 8845
9 8 1696
2 48 7075
5 99 5201
8 34 2618
3 97 3689
5 33 5882
6 55 1605
10 83 7164
8 65 295
1 23 4177
3 45 5312
5 87 1351
7 37 6970
9 9 9847
6 4 646
4 30 988
7 43 1250
1 16 2147
9 83 3769
7 50 4838
2 13 6880
5 43 5726
7 9 6906
9 33 2879
2 78 745
3 81 2469
8 5 3895
5 73 5744
4 2 5368
1 91 5372
5 95 5282
9 24 7569
5 29 5919
8 71 3275
8 61 3995
3 66 1914
6 97 3828
5 70 5192
8 5 609
7 80 767
3 80 50
8 3 1953
1 77 3736
2 22 2419
3 89 7433
9 76 9489
7 34 6509
6 96 5504
1 14 2946
3 24 2862
2 93 9528
7 3 2595
9 61 9220
10 1 8263
5 11 3956
4 98 1895
6 87 8390
1 98 9445
7 56 4488
9 23 7454
4 79 1413
8 72 1345
5 29 9305
7 64 1228
10 48 8895
2 61 411
7 65 930
7 43 6006
10 67 3221
3 40 9144
3 42 8298
5 5 1346
2 49 3961
4 15 3392
4 45 8838
9 22 8669
5 44 8712
5 11 5864
10 50 5875
4 95 3680
3 15 1949
7 93 3736
10 37 9576
3 30 5731
5 17 129
3 72 2292
3 16 9897
7 12 2519
3 36 7338
9 86 1144
6 33 356
5 14 5314
8 74 957
7 83 5473
6 57 5108
10 35 3798
3 68 3790
5 8 636
5 94 1027
10 98 2810
7 80 4242
5 50 8736
4 28 5894
1 63 843
5 54 6088
2 31 7804
1 100 9932
10 45 8274
6 93 2621
2 21 3857
7 1 4803
9 61 1288
5 46 6178
3 68 3515
9 1 6945
5 26 94
2 57 2985
3 47 278
7 14 224
5 66 8298
4 29 5592
4 88 2111
2 34 473
10 81 1244
1 71 5363
5 25 7583
9 69 8996
1 37 9236
6 91 9800
10 82 7758
7 14 3790
3 84 7298
3 5 3416
3 34 1823
10 73 3919
1 14 8824
10 46 8082
4 49 1102
8 81 1622
5 10 1113
8 70 4975
10 52 2395
5 59 5819
5 72 4499
3 18 689
8 75 5858
8 30 987
7 28 2007
2 53 5702
7 87 152
6 79 1077
8 79 6744
5 89 5107
5 91 7095
6 51 5082
8 82 2354
9 38 5974
2 39 5848
3 19 7692
1 78 1268
4 34 7919
8 76 1328
3 11 154
4 85 6320
7 27 9825
6 37 5139
4 50 6883
5 37 5708
6 9 9790
4 63 1326
10 66 8219
1 92 6759
1 63 6376
1 94 8817
1 79 5667
5 8 4072
8 52 1967
4 38 5961
8 73 1300
3 74 4850
8 94 6847
5 95 7341
5 65 6638
10 3 5431
6 69 147
7 30 4780
7 13 2822
4 12 5436
3 2 5868
6 76 7805
2 39 6104
9 13 5371
4 95 1146
4 44 2637
3 28 9270
5 85 6889
1 19 3499
6 100 6357
4 99 3689
4 85 4262
2 10 7027
3 37 3003
6 94 9938
6 63 9648
9 22 2829
6 100 7517
2 47 8503
3 77 3736
2 9 6370
2 53 4840
10 75 430
6 59 3781
4 7 4070
3 33 2103
8 20 8568
4 58 1110
1 60 7620
4 35 9578
4 64 2378
1 40 3320
2 86 7610
4 3 3528
10 83 3449
1 66 7551
9 98 3605
6 45 2595
6 19 8945
3 3 8660
10 30 8663
8 30 5470
2 70 8108
1 97 4961
4 21 5237
5 4 6045
5 26 786
2 13 561
1 22 8130
6 17 8542
5 42 4318
6 3 9976
1 67 4036
8 98 5438
6 36 1796
9 32 1474
7 3 2360
8 80 127
8 14 3432
7 99 8175
3 48 8546
3 45 7597
8 42 305
7 82 1805
5 58 1891
8 11 5945
8 86 2390
5 55 6901
4 97 3462
1 13 8021
10 87 941
1 78 9561
2 19 8226
10 73 7137
9 2 8130
3 5 3184
7 87 1354
3 15 9074
10 53 1562
6 91 3063
6 76 2614
5 66 2153
9 88 7166
4 22 1314
5 20 6543
9 36 6666
8 28 106
3 46 7435
5 70 169
5 25 356
1 97 1909
10 96 2405
4 4 4809
2 100 7785
4 72 7342
1 63 2828
1 71 2749
6 17 873
4 52 3367
5 48 8381
9 92 1426
2 60 9141
8 11 8619
4 45 9037
2 67 104
10 13 141
10 45 8974
5 2 1932
1 35 7135
9 72 6623
5 34 407
1 94 8294
5 6 6539
1 23 1027
7 46 4675
1 45 8583
9 63 7412
7 18 422
8 16 7400
5 94 50
2 27 245
5 90 5272
10 30 5286
1 71 685
2 94 2744
9 53 9422
2 55 5439
9 21 4743
6 57 5042
5 76 2147
3 48 7193
1 43 2963
9 30 8941
3 28 8796
9 22 4301
1 61 7407
2 66 5331
3 43 4600
8 63 2993
2 71 7092
9 17 4204
4 16 7751
4 3 1574
6 69 8547
2 10 2332
2 1 5462
10 19 491
8 87 7936
1 43 5111
1 47 5246
6 45 7633
8 76 7075
8 50 1510
5 5 1745
2 3 494
10 61 4336
5 62 7274
2 50 690
5 92 7040
7 64 9713
7 75 7521
7 15 4350
3 76 3413
8 22 8646
7 36 4972
3 39 5567
8 89 6059
10 49 9209
10 71 977
2 97 3913
8 22 126
4 84 6978
9 45 9825
6 81 9022
6 27 8059
2 95 7347
2 85 7564
9 30 3726
9 24 5223
1 53 9448
5 75 3233
2 7 6344
5 32 9223
4 45 1220
4 8 4694
8 7 5143
10 23 7277
3 94 6713
2 28 2490
10 50 574
7 16 6342
5 40 6075
3 54 5248
2 11 9535
1 63 4872
9 43 4355
5 32 6266
2 30 6149
5 45 3112
8 48 4662
3 85 7515
1 65 3743
8 82 8798
10 36 5920
5 13 868
5 20 8761
6 90 7616
2 33 9166
10 20 1544
6 76 5761
1 86 7352
7 84 2826
5 26 6384
6 4 5214
10 47 7777
10 36 8203
7 14 5785
9 8 2296
4 79 4611
9 36 4180
9 49 8332
6 15 6113
5 72 5334
3 82 4750
3 57 2409
7 69 424
1 66 1191
10 26 2247
2 43 6207
8 54 1741
4 22 852
8 56 5232
5 19 7241
10 11 7444
3 49 2460
1 50 3525
5 41 9369
7 16 891
3 43 708
9 50 3482
9 22 4068
9 65 3568
3 29 6888
7 74 5719
9 97 8071
1 37 3890
10 28 6433
6 86 6562
8 73 7719
7 22 7774
6 43 3005
8 45 9558
6 42 5517
1 11 9946
10 62 6176
3 63 7064
4 5 5059
10 48 2520
3 6 1521
7 95 2985
6 84 1548
2 11 9916
1 60 8627
8 76 2734
5 20 9120
10 1 4010
10 88 8150
3 93 2477
6 69 7987
8 82 6852
6 43 5352
10 62 5017
4 56 4890
9 7 8768
4 91 1475
9 58 4833
2 20 9424
5 79 9810
5 1 8323
10 37 890
10 61 5913
5 97 6019
8 85 8260
9 75 559
4 46 3509
6 39 881
1 30 3882
8 96 3110
2 88 9134
2 12 8114
6 72 7084
5 82 9094
1 54 3250
1 58 1259
5 79 8754
1 8 4675
7 5 771
8 9 7943
3 73 4653
10 98 9083
9 56 7549
4 93 7500
8 79 1333
8 40 215
4 26 249
8 1 307
3 32 7097
8 62 4257
6 78 42
3 60 4151
1 73 3196
6 81 5377
1 32 4770
4 17 6794
2 71 317
9 79 7791
3 14 5850
1 99 3389
10 5 5902
9 45 9750
1 15 7505
7 84 5597
1 18 1174
3 100 6439
8 5 1010
5 60 8247
7 50 9865
7 93 8717
8 95 3683
3 70 2421
8 12 3560
4 24 4481
7 10 5473
8 43 6906
8 69 2550
8 6 1900
8 66 66
3 4 9434
2 78 2674
8 62 5423
9 89 2905
5 31 2593
6 22 5834
9 33 3195
10 34 1373
4 77 7702
10 55 7722
10 61 2799
8 90 3203
6 16 945
8 14 8748
6 95 3305
3 9 9514
7 49 8002
8 72 194
6 41 7552
4 29 6584
3 57 6080
6 91 3104
7 17 53
2 18 7497
8 82 8751
10 19 8709
6 90 6164
1 2 1674
6 28 3861
10 11 9359
2 3 6555
2 47 4196
6 96 1588
7 81 5558
1 73 6106
1 89 1447
3 6 9210
6 27 9813
3 53 9507
1 6 8814
5 62 5641
10 90 6623
10 12 6158
10 65 6795
5 57 5319
8 84 2312
6 53 1340
2 18 4204
1 71 2912
6 72 3508
5 26 8914
7 80 6452
9 39 6209
2 44 7834
4 68 9396
5 64 5252
9 31 1703
2 9 1863
3 58 3648
4 30 2225
10 73 6195
4 7 1934
3 58 1203
7 3 2374
4 8 7890
10 24 6338
8 96 3719
1 96 9199
5 80 5011
6 81 5128
1 40 1562
3 6 5792
1 53 608
3 95 8060
1 73 3117
8 93 1781
8 48 5349
1 45 7273
4 56 6540
7 72 631
7 42 2215
6 55 3341
10 95 3737
3 5 5972
10 49 6634
6 47 274
1 72 7953
6 9 9354
1 91 2290
8 83 9297
1 92 4910
5 59 4787
9 7 687
6 41 1007
4 37 7929
8 23 651
6 88 1463
1 7 115
8 87 9237
5 37 5021
3 15 8439
6 44 565
5 10 1252
1 21 1367
7 58 5105
5 67 1274
10 45 404
1 47 9177
7 9 8573
2 21 9687
5 12 6228
7 17 1810
5 93 4263
6 33 4464
3 48 4063
5 48 7845
6 22 2607
2 66 9460
9 81 2865
9 12 8870
9 71 3174
10 40 6543
1 81 7239
7 22 7962
6 72 2381
6 27 1946
6 100 7911
6 68 4624
8 11 2192
6 36 8482
9 20 9695
10 76 3356
2 14 3160
3 100 7448
10 39 2740
2 86 3479
1 58 2527
5 66 1846
9 83 8845
7 84 2168
6 92 9344
2 3 456
10 75 1737
9 91 4360
9 80 1599
7 28 4397
2 39 731
3 55 2816
8 49 4143
6 27 484
5 49 1016
1 93 3358
1 41 8409
4 94 8847
9 46 8934
10 14 8218
7 81 883
4 65 2390
4 45 5909
10 2 3446
9 71 9193
4 99 814
2 3 6421
1 9 5768
3 58 6912
8 33 1793
1 85 9174
7 61 4132
2 92 1199
2 23 1985
6 94 7727
6 96 2703
9 20 9148
1 84 6094
7 99 7085
9 95 877
8 16 6655
8 67 9654
7 82 2048
7 4 7159
2 68 5738
5 72 5874
1 8 1580
6 85 4067
2 79 3343
3 61 5087
5 38 4003
6 59 8586
1 31 3427
2 29 1387
6 83 4623
3 7 6995
5 53 2534
7 80 7782
10 42 6871
6 75 5847
8 49 460
3 62 9104
4 53 1137
4 96 4265
6 33 1969
3 19 7557
1 78 8089
5 53 3388
6 5 2783
8 29 3399
9 47 5392
3 99 4538
6 41 2385
10 2 4662
1 71 6671
2 45 8711
4 5 7970
10 21 7923
6 27 482
10 62 5055
5 36 3021
5 41 3336
8 93 1018
3 95 6772
2 48 6762
3 89 840
6 66 6821
7 27 4942
5 95 8097
4 92 4106
1 52 1740
9 63 7784
9 65 7631
7 61 9446
1 94 2250
6 3 7706
2 29 9552
3 19 2237
8 48 2972
5 30 182
3 95 1231
4 26 2014
4 98 3867
9 9 1438
9 98 2799
7 67 3393
1 6 4086
9 49 1636
8 66 8076
10 44 6728
1 29 237
8 47 6400
10 73 2282
10 5 5540
6 7 198
3 70 5281
9 63 2815
5 85 6616
6 58 2716
1 32 7049
4 72 8207
9 47 3591
3 29 638
8 9 2551
9 36 2447
6 19 3847
10 47 9684
5 36 6016
10 38 8760
5 80 6622
2 87 6592
7 65 8874
1 62 4666
10 93 1675
10 77 9107
4 58 3174
4 74 7923
10 90 3713
1 100 4612
9 15 6682
1 79 3902
9 27 4003
5 72 1622
1 14 2185
7 74 2544
7 74 1006
8 20 9087
6 74 6759
5 16 5240
6 43 4280
3 47 2899
4 76 4373
5 24 6014
4 21 5145
8 68 5575
3 84 1886
5 5 4607
4 27 6063
10 64 2227
2 37 5643
9 76 7155
3 44 6137
4 73 3262
8 48 6768
9 23 3172
1 34 3917
10 7 7780
1 27 3565
5 31 564
9 2 473
9 76 9354
8 80 8852
9 93 2520
2 43 9507
1 30 6139
9 71 9684
3 19 686
4 45 3195
10 9 5916
10 68 2564
7 79 7937
4 14 4641
4 90 2981
5 37 3847
8 91 9480
6 91 9108
5 6 7241
9 13 6088
10 42 4115
4 74 9779
5 57 9412
1 78 1892
1 65 4013
5 43 7570
10 70 130
5 83 784
7 49 4201
9 35 9884
4 90 8948
4 72 3850
5 86 8239
9 71 8653
8 19 472
4 100 8569
7 27 3025
8 48 70
8 57 9757
10 50 8280
10 46 7874
9 71 5462
7 17 6175
9 80 9411
1 80 2639
4 44 343
7 57 8500
6 93 8235
1 9 1001
1 93 9683
7 25 620
2 97 8761
4 55 1812
5 71 1563
10 45 5087
10 66 8506
6 53 3091
5 38 6747
8 1 3845
1 8 4143
2 21 6960
3 74 1656
4 71 6351
2 96 4821
10 47 7178
7 65 4435
3 90 6550
3 63 6660
9 33 6261
4 86 8057
4 97 5572
2 15 9190
3 16 7590
5 19 5356
9 1 814
2 76 2244
5 2 5858
2 90 6764
5 32 8469
4 74 4628
3 94 3913
5 35 9816
7 84 4003
3 4 5044
3 73 2874
4 27 4153
4 7 3498
3 31 1119
6 86 8418
4 79 8163
3 52 2903
3 69 3794
7 30 3986
1 82 9210
3 98 2667
8 83 5570
6 56 6383
7 46 3406
2 31 9408
4 93 2529
5 40 3828
10 93 4987
8 40 3593
2 83 601
6 80 9634
4 60 7987
4 36 7860
9 36 1827
2 54 541
1 14 6238
5 46 6812
10 17 6074
4 95 8845
1 43 81
2 78 4451
9 72 1542
10 41 7705
6 22 6835
9 23 7012
3 16 3933
4 34 7956
1 34 9235
4 74 6050
8 62 3051
1 47 6440
1 93 8083
5 49 7703
2 59 9496
10 48 7757
6 24 3022
4 42 3755
8 10 3115
5 6 8431
6 58 990
5 74 433
6 27 2936
1 77 1823
3 17 4588
2 3 2758
8 89 8277
3 95 4560
4 36 4
7 20 2736
9 90 1442
1 2 6955
6 75 6667
6 10 687
8 23 5103
8 91 3836
8 1 7587
4 53 1390
4 23 8382
3 37 5164
5 69 9961
1 58 4732
2 23 6161
7 20 3687
4 83 7442
9 64 9633
9 35 4933
7 48 6560
4 34 5927
7 32 7542
10 89 9108
9 7 9353
7 82 5253
9 62 3332
7 86 5924
7 93 8121
2 64 9553
9 70 6483
2 81 6657
9 80 349
9 19 8276
4 67 7728
2 42 123
10 98 7004
4 29 9346
7 65 9270
10 11 8030
3 97 6965
6 23 9444
7 92 3457
2 85 5651
3 37 8248
7 79 8628
7 21 6634
8 87 6361
9 14 4803
3 50 7685
8 56 2235
3 40 152
1 96 5431
7 19 3388
8 65 8128
7 63 3867
3 63 142
9 66 8994
8 51 175
3 1 2270
2 61 3011
8 65 1350
7 37 4600
6 1 1566
8 42 7477
9 94 9827
2 7 5908
10 56 1739
1 80 1016
9 21 5791
5 13 3634
9 54 8655
5 82 5878
5 14 4209
5 83 7636
8 85 5338
1 46 2520
3 83 4045
1 78 5601
8 35 5695
1 88 2416
3 66 4134
10 14 5950
5 40 2451
5 16 7649
1 11 8980
3 83 7023
4 99 4681
8 68 6707
2 8 6211
10 38 2198
3 79 5166
2 43 3769
3 61 1718
9 27 5068
3 94 2331
10 97 476
4 96 3383
3 63 133
9 70 8885
4 26 8983
3 11 5408
5 86 5771
7 65 5988
6 20 7132
1 38 5983
6 53 885
5 63 2154
8 43 8565
9 39 4795
3 34 8484
2 35 1864
10 51 5170
7 36 7027
8 61 8405
6 17 1417
3 41 3841
7 35 4265
3 41 6821
9 50 3275
9 82 5252
1 53 9885
1 39 7661
5 100 1090
7 10 3315
9 73 642
9 81 4471
7 62 668
7 77 7462
6 11 2857
1 59 3494
8 78 6114
8 92 1227
10 96 285
5 28 978
9 17 6397
3 75 5178
4 77 7178
6 95 1824
6 37 5133
9 27 5744
1 12 7242
9 15 6700
6 79 1521
8 9 1181
8 82 6189
7 24 3610
6 5 1765
9 5 5196
7 28 4669
10 36 341
8 10 6426
2 40 3794
8 80 1081
5 89 4160
4 63 7606
3 74 5483
2 91 9144
5 17 4853
6 42 1202
1 83 3245
1 77 6060
5 58 8593
9 67 2934
8 60 2204
10 94 8702
3 55 6911
9 17 2556
5 18 1335
5 6 5531
8 85 370
7 92 9736
10 35 4278
8 87 5193
4 79 4712
4 19 7180
4 95 4815
8 90 1505
9 83 6905
1 19 7776
2 36 144
6 61 8487
8 25 5419
2 48 4007
3 69 6269
8 26 9625
10 63 516
3 49 9738
2 65 6162
7 74 66
3 20 5690
2 80 2920
1 20 6975
8 77 1638
2 42 6575
3 76 9135
2 3 5336
8 99 7161
3 80 4700
7 16 5045
8 69 8334
2 15 7550
5 74 761
6 76 1060
7 77 2712
5 9 1291
5 32 9914
10 66 532
5 11 3821
7 72 9098
9 32 7534
5 57 2148
9 59 1876
5 95 7666
2 100 6687
8 85 265
5 53 1214
8 18 5311
10 36 2106
4 68 624
6 11 6445
3 96 8517
9 30 8392
10 77 4695
1 23 145
7 89 2263
8 64 3813
7 28 1652
2 81 96
9 94 8618
8 85 3766
10 5 8086
8 76 3746
2 28 2324
2 45 1654
7 28 4160
9 99 7075
1 21 3794
7 97 2025
4 28 5617
7 15 8201
5 63 9413
5 42 4576
1 49 3976
5 60 4410
10 58 7791
8 11 6941
5 23 6427
2 5 6598
3 74 9702
8 28 18
9 12 4154
7 28 2168
2 85 8278
6 48 8317
5 30 6756
7 34 955
6 20 122
8 62 239
6 44 7022
1 90 9348
2 78 891
6 1 4708
10 49 6705
8 48 3163
10 55 8409
1 39 1522
4 55 2236
1 91 7013
1 54 648
5 28 9709
1 7 1985
2 11 6606
6 17 6975
7 54 6855
7 60 7159
3 6 4905
6 98 5058
8 92 1501
10 98 3830
7 88 2035
7 93 6666
4 27 5745
7 66 9368
3 25 4341
10 38 9487
3 92 1813
4 57 1583
1 74 7435
7 11 1178
6 55 5762
6 55 7737
2 3 6090
9 35 885
6 46 9869
7 75 921
5 90 7609
3 21 9946
6 45 917
6 36 5122
9 34 6006
6 35 9147
2 62 4027
5 18 6284
2 86 6770
6 71 9324
10 88 9803
5 17 7563
3 37 5534
9 98 3383
3 1 5968
2 90 5947
8 53 9095
10 4 2101
5 84 422
4 88 4370
4 97 595
10 12 7223
9 96 7154
2 76 5564
5 90 3217
4 17 1818
4 50 6522
5 83 7365
5 92 426
9 64 1745
3 15 1063
8 86 2252
2 100 2626
2 57 8683
4 15 5308
1 18 775
3 12 3027
3 95 4878
6 16 7560
1 28 9900
5 47 5827
4 76 4216
6 58 6857
6 84 4996
1 12 3017
1 82 9144
4 99 7944
8 70 2285
7 88 7378
3 21 324
2 74 783
2 36 9927
6 6 4957
1 61 9702
8 25 6168
3 39 9732
6 76 7592
9 44 5933
10 16 4121
7 15 3743
7 83 9925
10 35 3955
5 14 339
10 71 8274
9 66 5790
7 84 1806
4 55 825
4 6 7388
6 89 5528
3 31 5969
1 96 5171
6 82 5633
3 78 1082
9 46 3329
1 32 7077
5 62 9733
10 17 2934
5 41 8799
4 66 5203
5 18 6058
8 49 789
10 81 3211
1 68 3495
4 100 7963
8 54 3595
6 38 198
8 18 6605
8 51 4414
2 95 6556
3 30 1913
3 60 3886
9 80 1528
4 4 7155
4 39 9943
6 46 9887
7 99 1979
4 3 5998
5 59 2670
3 22 5096
1 70 5339
9 65 9553
1 3 5711
9 50 7501
8 90 6734
3 51 1143
9 95 6749
1 13 1573
7 17 8100
4 87 2624
2 43 6088
1 70 6717
6 67 536
1 59 9012
3 23 6813
10 49 9078
3 14 7823
9 21 6413
7 11 9006
6 59 5386
10 40 6752
6 70 134
6 29 6120
8 25 9255
3 61 4311
9 2 9130
7 47 1729
1 68 3889
7 97 8622
1 29 601
4 56 8125
5 10 4031
2 67 1198
8 17 7592
3 66 9858
1 55 2515
2 78 8396
10 8 2325
3 80 7553
10 58 3911
4 43 2053
2 59 3051
8 23 2671
3 40 3717
5 30 483
9 50 7106
7 58 7095
2 91 9875
3 65 853
4 47 9438
10 28 6672
9 23 9546
3 32 3563
7 22 9856
4 39 7185
4 61 8208
1 18 8328
1 98 10
7 39 1065
4 79 5186
10 56 8639
9 11 6128
2 47 8321
9 51 2413
1 93 380
4 25 251
6 54 3257
9 84 5816
10 86 9769
4 32 5066
10 6 1004
3 67 3328
3 54 200
1 34 8516
4 27 9216
5 71 7018
3 54 2347
8 18 746
6 65 4701
9 49 6778
9 49 4983
6 54 564
8 90 5545
5 25 4029
2 5 9148
4 76 2398
3 3 305
3 56 8120
3 12 5502
5 5 196
6 12 3330
5 37 9687
5 46 2813
4 62 5351
7 3 384
5 19 7781
1 36 8411
2 75 6294
9 52 9921
2 39 7486
8 27 759
3 84 4656
6 97 5932
4 38 2784
6 90 2728
5 52 3923
2 12 3692
3 26 385
6 98 9319
1 38 7886
1 72 4559
6 44 2930
1 79 1836
4 35 254
9 83 8957
9 45 7934
5 51 8465
3 1 2467
10 77 7028
6 85 4652
3 27 4852
10 52 5832
1 89 6535
10 82 526
1 71 5786
1 5 8447
5 30 6694
4 7 879
4 77 9928
7 18 1210
5 99 1309
9 15 139
1 58 2973
7 89 3085
5 47 745
5 24 1462
1 83 8995
4 70 8769
10 2 5664
2 100 2854
4 97 9422
7 21 6972
3 35 1271
4 30 7196
3 25 211
6 76 2675
5 11 5179
1 21 7446
6 15 1647
1 98 754
6 13 7706
1 85 5778
6 47 9757
10 29 2744
9 12 1622
1 3 588
9 64 5887
9 45 3475
2 95 9438
3 24 9170
9 8 7742
8 83 1906
5 95 9503
7 99 8229
4 60 1084
7 46 2355
8 56 2386
2 22 620
1 56 6107
6 11 7472
9 84 1646
1 84 6191
2 28 3196
9 44 6451
5 7 2828
2 56 6404
5 52 5389
1 35 4216
3 95 149
10 55 7197
9 97 2884
8 46 8443
9 28 4160
3 57 2133
7 8 4496
2 50 3387
1 58 1382
9 29 5334
10 38 1921
7 23 4081
2 73 2477
5 63 7715
1 67 8926
7 23 2696
6 32 4665
2 58 3618
9 40 3664
8 60 7350
10 88 8584
3 27 9324
6 47 2930
10 65 8136
10 29 8011
4 59 3798
7 37 9865
6 93 5305
3 73 101
6 17 9815
6 25 6548
7 38 9273
4 94 3222
1 90 4756
7 35 301
6 45 724
3 11 1603
9 84 3496
5 5 3038
7 2 7928
2 63 9184
8 78 6626
4 50 8412
6 65 1826
6 58 3868
6 51 3497
5 97 9815
7 75 9691
10 95 3966
9 42 8862
4 59 792
9 9 9867
8 72 5081
3 8 1191
6 1 5601
9 35 7117
8 77 5877
7 50 7903
4 44 2888
9 46 4066
2 68 2548
8 31 1514
10 17 916
2 46 3547
4 16 3840
10 60 10
8 69 2011
5 8 2449
3 87 1931
3 66 7398
4 32 2180
6 66 6921
10 53 7207
5 8 2237
1 79 3819
8 29 9577
9 33 3261
6 89 1893
1 12 8835
10 62 888
6 9 7474
4 95 4594
2 71 5368
8 46 6929
5 52 3195
6 40 8801
5 5 3428
7 61 7510
6 2 2948
10 100 6030
5 88 5109
5 26 8899
5 5 8980
5 64 1262
7 73 5028
4 97 1280
10 98 2782
1 19 6789
1 19 1258
5 38 2772
3 65 98
2 87 7250
7 46 5446
6 90 6980
1 11 2470
6 17 5848
9 37 1635
2 77 7917
9 72 911
8 70 9331
8 35 2552
9 62 3574
10 2 7223
10 63 210
9 85 6383
8 39 2512
1 75 9137
5 49 6880
2 64 3742
10 81 2124
9 42 9496
9 3 6788
6 66 4345
10 6 7334
9 92 772
1 85 7324
10 90 9811
10 82 1693
1 31 9952
3 25 4599
8 97 5107
2 20 3799
7 54 9957
6 19 6464
8 29 8928
8 89 7859
1 70 8666
9 65 2522
9 20 8196
6 4 675
9 2 8747
3 30 2338
6 60 1626
10 51 9425
2 63 1111
3 71 4935
1 61 2947
4 55 3339
1 59 5157
10 44 2366
6 84 646
6 60 7459
3 51 2891
9 49 7687
3 55 9365
8 94 9049
9 56 9016
4 70 5329
6 51 9785
4 23 7737
4 4 1444
2 50 1534
7 74 1443
4 82 6227
8 63 6855
10 58 7571
1 68 3819
4 51 1030
8 51 6730
7 19 681
8 64 7134
10 14 1454
3 96 9728
10 62 8839
3 81 8438
2 43 5182
7 68 8896
7 95 883
6 70 9438
9 54 9349
9 18 2784
3 90 8948
2 88 843
1 83 9281
5 66 6691
6 34 2272
7 6 9314
6 9 725
4 94 1283
8 70 2231
9 63 9042
6 13 7538
8 11 6745
6 3 5519
6 34 925
7 20 6310
10 49 2853
9 34 4606
3 62 4165
4 92 2923
10 94 3506
4 85 3736
2 34 347
3 77 2859
3 61 4251
2 4 8980
3 7 285
6 76 8371
3 62 4633
4 75 5791
9 32 7509
5 83 7826
10 58 2534
6 23 7517
4 17 585
6 49 5150
10 96 1352
9 24 5238
9 48 3421
6 29 7491
2 100 4094
3 49 9194
5 9 6012
5 39 3758
4 54 8016
8 54 4524
10 83 5012
9 45 1213
6 97 8538
3 27 8692
2 53 8955
2 39 7430
7 94 6606
9 25 1685
1 31 8642
4 52 351
6 13 2193
9 92 9375
8 92 5957
10 86 693
10 8 2699
3 71 4673
7 2 4907
4 66 8094
5 38 2971
5 33 792
3 66 5051
6 18 2864
7 40 9696
2 58 484
2 18 6574
1 10 6056
8 47 179
9 36 7773
10 75 8836
1 77 1203
8 71 8724
6 44 9157
3 69 7977
9 97 1177
4 19 851
4 51 8672
9 34 8882
8 51 9028
10 7 5904
3 50 4987
1 98 670
6 48 4867
4 5 885
7 5 3903
5 49 1009
9 49 8534
3 7 8823
6 100 6037
5 36 4228
8 5 7785
1 75 3294
7 32 3828
3 44 9312
9 30 9194
3 83 7365
9 75 8015
8 15 5112
4 86 6384
8 27 9491
8 31 9324
3 19 4645
5 69 774
8 11 6099
8 8 8214
10 20 8956
3 84 2506
8 99 6785
10 68 2670
3 74 2207
5 69 4081
8 76 9626
7 20 3144
8 52 5228
9 18 4974
1 30 4545
3 39 8243
4 94 7755
8 95 2925
2 81 5467
4 22 8968
5 1 2449
2 63 5117
6 60 8656
4 26 6902
2 64 2244
5 63 5917
10 67 4030
2 18 8807
7 79 4980
2 59 874
6 27 3989
7 77 3527
1 23 2234
9 93 5052
3 18 328
2 52 1992
2 78 9186
5 54 9805
1 58 6936
7 77 6720
2 7 2909
1 73 8513
2 30 3187
8 54 9087
3 94 6822
1 53 9895
7 8 9545
3 99 2189
5 70 9509
5 10 9567
8 78 1425
9 24 2044
5 47 9091
7 63 1901
6 22 6789
10 7 4017
10 67 6874
2 49 7940
5 81 6125
7 5 5209
4 29 9466
4 13 3328
7 97 6077
10 96 1858
6 79 7120
4 49 7034
3 84 3410
8 56 3982
2 41 8274
1 52 4817
2 32 4696
7 66 3352
10 77 9512
9 83 1164
3 76 5155
6 72 4591
7 23 9609
2 99 7026
1 3 1867
5 82 3002
5 79 455
6 72 8840
8 16 8966
4 9 5769
2 48 9035
1 58 8527
10 58 2181
2 48 5981
1 83 6548
3 83 2337
7 73 9392
3 74 2281
1 89 4469
2 88 595
9 6 6660
2 49 9444
6 28 7251
10 57 5373
5 100 8154
5 14 7689
4 89 7836
6 41 955
5 43 9486
2 7 9658
2 27 2809
8 92 5032
6 68 7132
1 52 4020
4 81 7685
1 82 8356
4 1 602
2 71 1405
6 54 4806
2 44 2733
8 73 5314
7 35 9204
7 69 4533
6 17 7115
2 58 6553
9 100 6020
1 41 8717
9 52 4079
7 4 7411
1 64 1035
6 74 4040
3 5 7286
9 93 284
5 54 3781
7 79 870
9 85 1454
3 26 3320
3 12 741
7 9 7756
10 12 585
1 67 2436
10 54 9125
8 68 7939
2 99 8073
7 95 1579
7 83 8334
6 37 5035
1 45 709
9 74 3752
1 19 6348
9 65 9417
6 48 9738
5 40 4147
2 98 5910
7 84 6994
2 6 2998
4 73 6173
10 84 5392
2 20 8656
10 94 8364
5 7 3537
1 68 8059
1 81 4697
3 66 8606
5 17 7433
2 47 3540
3 50 2456
1 55 4621
9 61 4787
1 78 7110
6 98 526
8 83 5143
2 95 7775
10 70 2430
10 47 2531
7 90 2057
9 70 2332
10 2 9285
9 59 9143
3 79 1729
5 18 3660
9 29 6850
3 68 718
4 65 9087
10 95 5859
4 50 1116
5 64 2392
2 50 2194
7 54 8108
3 56 5031
9 60 2008
9 50 6303
1 22 7702
6 17 1473
8 45 766
3 72 3101
10 6 2322
9 72 9562
6 61 2401
10 53 3098
9 30 6705
3 36 4782
4 60 1755
4 2 4717
6 70 8251
2 7 7371
9 23 3886
8 79 4816
7 66 5224
7 73 4857
1 97 3655
10 76 6260
10 49 5146
5 53 798
8 17 5835
2 67 5463
1 8 5548
8 33 1046
2 68 9808
6 27 7201
3 91 5146
5 59 8930
5 87 669
10 10 3941
3 41 6446
1 80 8807
7 60 9422
10 95 2856
3 35 9599
8 68 5942
10 100 1837
1 27 9827
5 6 5816
10 97 9367
5 90 2730
3 48 6010
9 57 7980
6 49 3347
1 93 698
8 39 3275
9 27 527
1 22 5947
6 12 6589
9 68 9052
2 23 9477
9 96 4180
5 34 545
6 43 506
7 23 4130
5 71 3504
3 22 9362
5 71 3508
9 19 4191
8 12 451
7 72 1590
1 45 7695
2 75 2240
2 61 3662
2 97 4736
1 83 752
8 85 796
3 71 9427
8 26 6031
9 33 6882
3 18 3374
4 18 3133
8 53 8937
7 40 4557
3 53 7000
8 96 8821
4 30 1082
10 1 6859
9 87 3067
1 76 861
5 69 1127
1 96 6020
8 21 2237
1 45 2878
1 21 2697
5 85 9550
7 36 1135
5 91 8698
3 33 1208
1 75 7702
10 52 3777
2 80 9749
4 61 62
3 72 9361
5 69 3185
4 84 3945
8 31 7319
1 42 3913
1 13 8074
7 60 9402
1 39 6026
6 17 3364
7 56 7735
6 78 9504
1 23 9646
7 71 4217
4 82 2294
3 86 4451
1 31 9367
5 53 2145
3 83 3288
8 88 1791
9 56 9691
5 84 7002
5 11 9100
2 21 4822
6 68 8157
1 18 8835
9 76 9134
8 100 5056
9 19 8704
1 64 7824
4 21 4477
5 73 5826
7 31 2749
2 41 9064
7 32 2673
5 74 5806
5 50 2953
9 49 8894
8 3 4378
4 37 9978
7 67 1256
8 82 9671
2 44 7344
1 55 5738
5 26 4058
2 68 6651
7 14 6725
9 89 6119
2 82 7073
1 76 267
2 3 5383
3 59 3319
7 88 2833
2 65 885
6 83 8224
1 37 8840
9 69 192
8 24 6413
10 29 4003
6 72 4427
10 94 5634
9 7 1632
7 16 4261
9 96 5734
5 98 2161
7 68 1192
10 95 1613
1 78 2779
3 98 3364
9 63 2696
6 32 9508
10 63 9483
1 21 6368
6 57 8989
7 9 2285
1 38 9603
7 85 4717
9 36 5869
8 54 7466
1 73 7759
5 34 1801
10 57 3019
6 63 3053
5 43 698
8 59 3726
3 15 5105
9 38 4471
9 56 2361
6 32 2906
1 70 8791
2 89 5928
8 55 4119
4 16 8725
5 19 8887
10 99 5452
7 75 4152
10 74 2082
5 50 1831
4 12 2980
1 51 3171
1 55 8486
6 46 904
5 26 8893
4 79 5941
7 11 4971
1 96 577
4 23 8487
1 2 2479
2 29 876
3 5 4443
1 25 6303
8 97 4142
3 15 5835
4 15 1085
6 84 8936
7 71 2291
10 52 2141
8 55 5957
4 56 3869
3 34 2928
9 66 7413
8 100 7577
7 60 8810
8 13 5815
6 56 7479
10 48 8291
1 69 7378
2 68 1259
9 56 1619
6 70 3245
7 7 1369
4 28 3419
6 86 8916
1 19 7601
5 78 79
8 63 5903
5 73 704
7 93 1672
4 100 8723
4 52 3960
3 11 1505
1 76 7871
2 13 1494
3 27 5479
3 16 4079
5 85 3379
10 37 7355
10 17 9636
5 97 8277
2 8 2696
8 34 2280
9 59 4658
2 85 1850
4 96 269
6 35 3902
7 81 5617
5 65 8917
3 41 7444
5 60 2168
8 67 4520
9 30 4524
2 96 4688
3 28 7172
8 24 8582
6 65 8213
9 78 386
2 36 8451
5 83 2236
5 94 6241
8 47 9523
7 57 8016
8 54 8515
4 69 8657
5 8 2378
6 61 5899
6 40 9649
1 100 3054
7 77 3024
8 79 7393
10 50 5455
1 90 9247
8 88 8085
5 36 9757
7 74 2293
1 10 1604
6 27 2329
3 49 3753
1 25 1696
6 13 5968
9 55 4620
9 16 2870
4 68 3650
1 21 5806
9 64 4040
10 38 989
2 68 3890
9 46 1225
5 16 243
8 6 5278
6 35 7054
2 56 2549
7 62 4974
3 56 3069
2 9 605
6 97 3058
4 74 3060
3 3 6400
1 30 6509
4 33 2444
2 12 7355
8 74 2169
9 40 5879
2 46 981
10 33 7730
3 20 8109
5 79 91
10 22 6334
10 57 9117
9 20 9408
4 77 9191
5 4 2577
2 97 5167
10 67 7204
10 44 7499
3 77 3145
4 32 7836
2 42 7777
9 8 9636
7 53 2134
10 52 3680
1 69 6043
8 34 4507
1 65 8413
7 34 553
2 49 6369
6 77 2722
8 16 9501
6 91 8403
10 79 7925
6 6 9419
4 2 330
2 56 7543
5 86 2263
1 92 2908
7 80 3120
7 93 3810
5 26 4545
7 46 2322
10 86 2043
4 72 5403
5 60 2069
2 13 1073
6 100 6835
2 9 8697
4 23 2664
2 40 2890
3 44 1693
7 20 813
5 9 7736
9 31 7165
7 28 253
10 70 5726
7 88 5141
7 43 6651
5 67 641
4 67 6360
1 67 8148
5 63 9859
4 50 3750
2 100 1307
1 77 4737
6 94 6677
1 49 1716
5 60 5859
3 4 2131
7 83 1519
4 76 5064
7 61 1239
10 52 4235
2 47 4647
7 68 574
2 88 7666
9 52 4867
3 21 8334
8 62 150
4 10 8636
4 5 4851
9 40 147
4 84 8989
3 9 2443
4 55 7416
9 76 4022
3 77 483
10 30 5825
2 86 3757
7 43 4213
5 100 8143
2 6 8279
8 45 483
6 47 9701
5 38 4571
3 6 9715
6 3 5528
2 96 468
10 39 9296
10 26 4019
8 27 4030
9 49 723
3 18 529
10 70 633
8 89 2616
2 88 7874
1 5 518
10 44 50
8 64 4485
1 62 6605
3 97 7625
5 89 9347
8 65 2867
7 68 543
10 22 5987
9 77 9009
1 76 4772
9 40 1294
4 93 3270
2 52 8766
4 7 2806
3 35 5393
1 12 913
5 9 1974
1 54 8067
7 72 1820
1 46 2841
3 75 2835
3 98 2611
1 99 640
3 70 7079
8 66 2161
4 10 4022
1 33 9287
5 10 6497
8 97 7752
9 90 2295
6 99 828
3 94 2300
10 71 4543
